"n_200_d_15_tr_10_a_64x64_idx_2_p_flooding"
-0.28251588585614
-0.28252234827315
-0.28286279999097
-0.28180847880132
-0.28216636458152
-0.28215475564317
-0.28251781018733
-0.28258666988323
-0.2825804057514
-0.28116043041989
-0.28110661160093
-0.28178390224078
-0.28029695285954
-0.28074121784061
-0.27965260429742
-0.28037854302201
-0.28037433994348
-0.28270397050287
-0.28262698868711
-0.28226290879582
-0.28338650156248
-0.28262989268714
-0.28339910446045
-0.2833986653798
-0.28333724316295
-0.28304079660424
-0.28340222400605
-0.28340503433036
-0.28299843119814
-0.28410575458873
-0.28445623319282
-0.28154868131163
-0.28411181270975
-0.28517197062127
-0.28481894528335
-0.28026518943704
-0.27955096584399
-0.27955216975934
-0.28098653410653
-0.28170429600415
-0.28027154382246
-0.28063144204615
-0.28027887163544
-0.28086073914128
-0.28049508010089
-0.28124620253373
-0.28159716268546
-0.28205822421912
-0.2820498773539
-0.28158122859229
-0.2812372615109
-0.2820448259677
-0.28252947005465
-0.28370513297644
-0.28289258613361
-0.28071699791751
-0.28254914924853
-0.28427595708829
-0.28218010437084
-0.27928034199436
-0.27798393570842
-0.2779840270612
-0.27936739272262
-0.28394321492353
-0.28322825128528
-0.28159622123133
-0.28129809383351
-0.28205785346357
-0.28172243784526
-0.28243043486822
-0.28101088275255
-0.28278502667301
-0.28065424361522
-0.28065254814782
-0.28243729126704
-0.28064703477162
-0.28324726585997
-0.28315253899227
-0.28325036351914
-0.28325522053527
-0.27992232582207
-0.28146762350423
-0.28289921278364
-0.2832726152587
-0.28305221357412
-0.28162607095319
-0.28162637981842
-0.28339661147039
-0.28233922500272
-0.28482369676546
-0.28127838427645
-0.28483301561449
-0.28228159659857
-0.27931641799523
-0.27931791773605
-0.2793207093515
-0.28182729855612
-0.28084243475118
-0.28171972146497
-0.28242015402033
-0.28110831687389
-0.28090737600252
-0.27982512202028
-0.28127316080415
-0.28271207803896
-0.27945874936714
-0.2801892929345
-0.28055465550386
-0.28336256527222
-0.28198900071368
-0.28336556762848
-0.28018734311701
-0.28198557867468
-0.2808434221577
-0.28143949068831
-0.28326397364285
-0.28290756325926
-0.28290429303884
-0.2810506567146
-0.28070861063717
-0.2814219001482
-0.2803432943864
-0.28026040060854
-0.28322376399394
-0.2828699593329
-0.27989818839665
-0.28283048444174
-0.28134670737459
-0.28319398186192
-0.27828239812959
-0.28090550032115
-0.27901007675559
-0.2808095988449
-0.28412661908684
-0.28340631754292
-0.28128109106201
-0.28268922370073
-0.28054391278716
-0.28125304826733
-0.28124884856905
-0.28090994222588
-0.28126176308817
-0.28233788065255
-0.28125997573904
-0.28233870372274
-0.28255791042276
-0.28075575397366
-0.28148428276847
-0.28147787077147
-0.2811188798232
-0.28085978114653
-0.28053435437463
-0.28128923298022
-0.28163719868636
-0.28163789994081
-0.28235411686685
-0.28020849441554
-0.28092963842237
-0.2809267904132
-0.2816381928623
-0.2815670161909
-0.28192728064615
-0.28241763996557
-0.28192794063045
-0.2815661709578
-0.28168620127373
-0.28133781944109
-0.28304959676857
-0.27934892060095
-0.28089730327758
-0.27981989877099
-0.28018117374479
-0.28017592622559
-0.27981821210078
-0.28054084543337
-0.28212603048975
-0.28248546390437
-0.2824939223261
-0.28282268850891
-0.28141695378587
-0.2835704159018
-0.28243839571483
-0.28252750296031
-0.28122400893293
-0.28198782486987
-0.28018815702698
-0.28055179518206
-0.27954697822347
-0.27809668799316
-0.27982274957319
-0.27930125059963
-0.27857999862642
-0.27858577728315
-0.28109868988279
-0.28073757786607
-0.28038682471688
-0.28085725415206
-0.27833523527204
-0.28229739832318
-0.28076168580741
