"n_200_d_10_tr_10_a_79x79_idx_1_p_abba2"
-0.27901908604726
-0.28101168144202
-0.26866674785519
-0.28202951670622
-0.26793094766301
-0.28329752508443
-0.28377739270177
-0.2830570086933
-0.26892404165363
-0.28526490390919
-0.26954555976665
-0.28594198542164
-0.26858486099644
-0.26915768360798
-0.27026096145262
-0.2863871826012
-0.28445158324647
-0.28486140939307
-0.28486140934954
-0.28454451990434
-0.26991344139757
-0.28486140930667
-0.26807710759711
-0.28602699054064
-0.28674737451481
-0.27169415456699
-0.28674737449563
-0.27205434654925
-0.28783029062885
-0.28602699061309
-0.27107902260182
-0.27152041503406
-0.27116022305083
-0.26995698024284
-0.28610819105774
-0.28644863776604
-0.26954057742994
-0.2699007693734
-0.27031717224489
-0.28484873737399
-0.26954057735624
-0.28484873741412
-0.26851597589573
-0.26851597591011
-0.26851597591451
-0.27179940655459
-0.28736250661832
-0.27359333364203
-0.28412835332722
-0.28747009863352
-0.27216193863026
-0.28900288038969
-0.28900288036028
-0.27405491235013
-0.27369472034539
-0.27080003105461
-0.27186140064692
-0.28680936863167
-0.27363910693592
-0.28680936866974
-0.28890149361775
-0.2881456617354
-0.28778546968071
-0.28925068222283
-0.27394252221778
-0.27287294956247
-0.28818110956077
-0.28900288038901
-0.27598003808806
-0.29200858207053
-0.29128819806908
-0.27598003804231
-0.27634023003101
-0.27424971568583
-0.29083280375066
-0.27552464374699
-0.28936307236174
-0.27706061403528
-0.28963424403858
-0.28778546966255
-0.27345817058176
-0.29008278511733
-0.28900288025758
-0.27333452830889
-0.29250667444154
-0.2724773097597
-0.29098885006481
-0.27556853247388
-0.27556853242528
-0.27592872447291
-0.29047261170645
-0.29011241966381
-0.29011241962916
-0.27495552147936
-0.27356949969789
-0.28923785167153
-0.29009679015452
-0.27629348782281
-0.27591016260481
-0.27627035462165
-0.29214319502592
-0.29164839006989
-0.29170923405366
-0.27719851446102
-0.29305992240971
-0.29214648239353
-0.29191453825928
-0.27660637824282
-0.27631049276353
-0.27566663411074
-0.29133498613659
-0.27602682613301
-0.2920085820565
-0.27670042208482
-0.29119415425276
-0.27480425967146
-0.2889906833376
-0.29178300301003
-0.27611465103336
-0.27611465103531
-0.27552580218046
-0.27634023008281
-0.29083396213232
-0.2923959441917
-0.277198514457
-0.29167556015668
-0.27480541819322
-0.29161865276414
-0.29125846071999
-0.27595030072778
-0.29125846067171
-0.29233953837916
-0.29276540372684
-0.29137649616203
-0.27480541821401
-0.27600720818188
-0.29472478631978
-0.27559010867791
-0.27559010866673
-0.2908982686328
-0.29142609833386
-0.29353599123482
-0.29106261901389
-0.29142281095106
-0.27575445906433
-0.29209688010753
-0.28322352396683
-0.29435008965865
-0.27606833609849
-0.29319953871173
-0.29400440228653
-0.27869624223845
-0.27998645440072
-0.29400440226119
-0.29529461437883
-0.29493442230603
-0.29509712474199
-0.28039039027236
-0.28217576199889
-0.29748392198038
-0.29888383134526
-0.27998645436447
-0.29457423027048
-0.29691419363553
-0.28074635430294
-0.29727438561374
-0.29748392196597
-0.28181556991004
-0.28181556990846
-0.29712372987495
-0.2971237299919
-0.29676353789551
-0.29888383130324
-0.29888383127463
-0.28357567130178
-0.28357567123094
-0.29888383121413
-0.29618800609101
-0.28358371597461
-0.29619380951185
-0.28322352394389
-0.2958453851128
-0.28357567132267
-0.29852363926033
-0.2981714919233
-0.28285528732876
-0.29999016816338
-0.29999016815194
-0.28629964878275
-0.28629964877201
-0.28629964875439
-0.28285528733376
-0.30124761673667
-0.28651649334232
-0.30182465331694
-0.30232266386169
-0.2870145038399
-0.3022130359635
-0.30160227978112
-0.30185284387178
"n_200_d_10_tr_10_a_79x79_idx_1_p_flooding"
-0.27781391573564
-0.27927024999782
-0.27854253955914
-0.2805678532884
-0.28092791945867
-0.28067604406938
-0.28075687738521
-0.28092883368534
-0.28092777693201
-0.28085320223052
-0.28012635360761
-0.28098634449406
-0.27810756189646
-0.27883670839642
-0.28032872847705
-0.2810602863111
-0.27997283944796
-0.27960867290847
-0.28105797513406
-0.28141539207083
-0.28106077921623
-0.28178588699388
-0.28177825231305
-0.28055204346062
-0.28055177390692
-0.28064913402195
-0.28100718926556
-0.28206402349566
-0.28170658817437
-0.28028618914368
-0.28250652581224
-0.28067372451386
-0.28067436248652
-0.28177209728741
-0.28176583267817
-0.28000227893917
-0.28044806119758
-0.28016748081204
-0.28116337705347
-0.27927343275333
-0.28067494032334
-0.28116974979635
-0.2798117297759
-0.28074398022114
-0.27981361354964
-0.27980680491196
-0.2801703220626
-0.28017036000374
-0.28016769344103
-0.28101178409127
-0.28207242399517
-0.28270278278515
-0.28116301838174
-0.28195182938654
-0.28223645448437
-0.28123017899247
-0.28122643502593
-0.28229830554808
-0.28123368955313
-0.28050882141426
-0.28087383243842
-0.28188217936408
-0.28086538995205
-0.28151907678718
-0.28175759454122
-0.28068162866442
-0.28068373803626
-0.28140314287541
-0.28032685252332
-0.28031975418585
-0.28032456246701
-0.28033246766813
-0.27902364521274
-0.2789591804339
-0.2801063243992
-0.27908719840991
-0.2798175530569
-0.27772513005639
-0.278547322431
-0.27918027567673
-0.27927263447831
-0.27979429950579
-0.27979718375639
-0.28167766594597
-0.28070218298022
-0.28026376683535
-0.2821637865975
-0.28129128528566
-0.28093149754317
-0.28129047693426
-0.28053343919771
-0.28165546730034
-0.28129853542347
-0.27934008184884
-0.2812877698601
-0.280070706854
-0.2812893186103
-0.28096148805439
-0.28076010015978
-0.28111450146237
-0.28003377956334
-0.28116515637379
-0.28223478149498
-0.2817913267619
-0.28215038494944
-0.28080745697795
-0.28153107736782
-0.28071785385162
-0.28250152010463
-0.28178929717019
-0.28036786553279
-0.27925765099961
-0.27890157493427
-0.2799791811754
-0.28041225639351
-0.2793361762459
-0.28070340618296
-0.2797920557203
-0.28122039356427
-0.2800050459071
-0.28116432957151
-0.28194530261837
-0.2797295323963
-0.28013423979424
-0.28052627740139
-0.28091660354228
-0.28021069667802
-0.28201189822468
-0.28091677819795
-0.28162294923222
-0.28236467193988
-0.28304889523965
-0.2819610843139
-0.28164328839091
-0.28055379329194
-0.28197712309922
-0.27914663278253
-0.27951535812622
-0.27957076379222
-0.28111493248501
-0.28075261308686
-0.27883082555561
-0.28111141265433
-0.28103790136125
-0.27947466338065
-0.27957805540181
-0.28017428286968
-0.28101893593185
-0.2799353773218
-0.27993780411499
-0.2804997354066
-0.2809210706482
-0.281278524861
-0.27908086249797
-0.27970621578288
-0.28092581877838
-0.2812895099355
-0.28129222118248
-0.28077595434115
-0.28042308509842
-0.27984221948987
-0.28065470826339
-0.27984651084119
-0.27912664003551
-0.27966891215809
-0.28233845738043
-0.27860362029531
-0.27831429109454
-0.28066685863544
-0.27917672609926
-0.28187213712506
-0.28129136320514
-0.28165481098109
-0.28200595912859
-0.28070315566212
-0.28024569010906
-0.28200230585026
-0.27907491790548
-0.28033827112445
-0.28081169493032
-0.28081474223196
-0.28008798962546
-0.27901457295208
-0.27792413848776
-0.28056210522326
-0.27792451686867
-0.27983806024216
-0.28019665170418
-0.27947683420855
-0.27916229260076
-0.28116485001678
-0.27924176278285
-0.27841056346869
-0.28080777810495
-0.27877685190377
-0.27995448723642
-0.27957974822463
-0.27921833985205
-0.27921892810843
-0.27958180542063
"n_200_d_10_tr_10_a_79x79_idx_1_p_mprt2"
-0.28076354017956
-0.30276867801782
-0.28405706726364
-0.29150883622758
-0.29992483185353
-0.29460618697019
-0.29308139030832
-0.30301350667943
-0.30450580925844
-0.30014479392553
-0.29572418020189
-0.30938981263134
-0.27866487667365
-0.29874051119302
-0.29215369988645
-0.29464135458305
-0.29080825741741
-0.28853439767722
-0.29439748187076
-0.30651529619469
-0.30719726512325
-0.3101004848303
-0.29831863103437
-0.29374223991581
-0.30865530221917
-0.30171753499885
-0.29873349579855
-0.31114868159556
-0.31272873413752
-0.30936567698402
-0.31226069626736
-0.30804415793223
-0.30719068205867
-0.30383038736902
-0.31063135980095
-0.29855543801429
-0.294840739683
-0.30117469947516
-0.30646304051815
-0.29541481913284
-0.30967510155364
-0.30720606705577
-0.28813883767761
-0.30743514170257
-0.29354197984013
-0.28821942468962
-0.28921095063437
-0.29967122318945
-0.30431715411791
-0.30555144974256
-0.31309889647907
-0.31083660317717
-0.31077604329383
-0.31263083865369
-0.31374935887615
-0.30676752407215
-0.30691165061819
-0.314717536142
-0.3125046783732
-0.29674086823353
-0.29639848491599
-0.3142550301112
-0.29570683939306
-0.31298727509287
-0.30388613261258
-0.29421785058837
-0.29366320071872
-0.29522544568457
-0.29372304515146
-0.29378816918959
-0.29309624500312
-0.30476289166835
-0.2892774777941
-0.30485864557598
-0.30759553639798
-0.28559202164916
-0.30385060929804
-0.30138941901748
-0.28872224965614
-0.30724086140105
-0.29155793749821
-0.30887286261825
-0.30746516526264
-0.31047051717926
-0.29482863488898
-0.30486435869173
-0.31234583072791
-0.31005821991114
-0.30164782532557
-0.30818591445207
-0.29486722499003
-0.31191542173398
-0.30765401818931
-0.28749948106282
-0.30649734428579
-0.30162865090684
-0.30681604746673
-0.30976300354718
-0.3071785475389
-0.3089812084303
-0.29733162174035
-0.29435874469415
-0.3035253935075
-0.30012242393333
-0.30734002128912
-0.29352565538012
-0.29637144062139
-0.29329224570441
-0.30795405024864
-0.29501785866247
-0.29176882022775
-0.28878074761018
-0.30316645696578
-0.29913575857137
-0.30823917453687
-0.28813394090337
-0.29478003353528
-0.29572786291815
-0.31382213447263
-0.29511613766854
-0.31176308958915
-0.31424939372327
-0.30706267321404
-0.29629425800644
-0.29473348637734
-0.30003795797835
-0.29602731289071
-0.3077580246222
-0.29426089362578
-0.29846773856796
-0.30761745692955
-0.31601571443321
-0.30822536544247
-0.30002022894417
-0.29399680370132
-0.3067499409592
-0.30180934702654
-0.29305061040402
-0.29488442887698
-0.30110890764732
-0.2918760055911
-0.29873380020442
-0.3047619415784
-0.30880892551704
-0.30038676969986
-0.29394753870369
-0.29659306059396
-0.3060495415646
-0.29014644308669
-0.29075368501536
-0.31000348519829
-0.303265398353
-0.30458910677659
-0.29971062736663
-0.29271856007335
-0.29382705811847
-0.29480945854377
-0.30981110890476
-0.29716972795655
-0.30458596999937
-0.29207226671021
-0.30943816516701
-0.29238533863277
-0.30418217128041
-0.29170849901843
-0.30981042446157
-0.28180268243357
-0.28172446507612
-0.29261348848437
-0.30085336894746
-0.30877183641063
-0.29848591550503
-0.3077076280039
-0.31118770436075
-0.31129481055289
-0.30853238177065
-0.31080721846305
-0.30637122793555
-0.30150151230116
-0.3095232473185
-0.29597395775577
-0.2942552842437
-0.28979445287039
-0.28453843959394
-0.29266038073237
-0.28437739993414
-0.2922259864486
-0.29375090389457
-0.29156958044008
-0.29967712132206
-0.31460017350124
-0.29703338343952
-0.29885802882499
-0.29681165253447
-0.29971816563752
-0.29191401736709
-0.28944676605819
-0.28863215663018
-0.28825267409869
-0.30480648853128
"n_200_d_15_tr_10_a_64x64_idx_2_p_abba2"
-0.28091325840512
-0.27904011245847
-0.2649126755203
-0.26580784177554
-0.2652728675218
-0.26580784175581
-0.26575511093033
-0.26645360682401
-0.26678000184409
-0.26544764975486
-0.28022083550858
-0.28039561775655
-0.28201669186302
-0.27950045145767
-0.28241675957722
-0.26671283817403
-0.26766318641163
-0.28104138279783
-0.26766318641548
-0.2809617249152
-0.26694280238967
-0.26730157471232
-0.26383209944184
-0.27914025941845
-0.28153057840244
-0.26671283816401
-0.28365823325312
-0.26835007325429
-0.26674840756179
-0.26692089703702
-0.26977949588029
-0.26941930388407
-0.28400707987681
-0.26988174709576
-0.28129630781522
-0.28129630780204
-0.26598814784153
-0.26658261041663
-0.2834290768312
-0.26694280236373
-0.28117038632839
-0.2678631448245
-0.28456647161742
-0.28295831994982
-0.26952155507159
-0.28410933108716
-0.28518990709531
-0.28316453539405
-0.26821656738702
-0.28364688784766
-0.27014666220466
-0.28611366379856
-0.2833176885197
-0.26776072479737
-0.26801035196244
-0.271267637514
-0.28364688784811
-0.26889630250382
-0.26942627819658
-0.26906608617415
-0.26870589417144
-0.28401405416827
-0.26967467584218
-0.28456647160406
-0.26925831155131
-0.2845664716015
-0.26925831153793
-0.26987554002449
-0.28693598951425
-0.28621560548227
-0.28401405413206
-0.26813117988518
-0.26897907324223
-0.26780015392734
-0.268131156452
-0.28408400812126
-0.28444419826219
-0.26989856769515
-0.28310831387171
-0.27054725349635
-0.27054725348817
-0.2841093310698
-0.26927597267763
-0.28374913900021
-0.26927597270111
-0.26950341171033
-0.28482350802262
-0.28274812188217
-0.28611366379125
-0.28657579751511
-0.28314336458096
-0.2851889929291
-0.27080550376235
-0.28503978464846
-0.28465621074405
-0.26901707377993
-0.26901707378007
-0.26901707375932
-0.26901707373868
-0.26953423057518
-0.26953423058256
-0.2695342306594
-0.28518369996735
-0.26915515595711
-0.2713884369659
-0.27121401453611
-0.26953837564567
-0.26877584469632
-0.268415652646
-0.28372382591241
-0.27391561352558
-0.28392704112216
-0.27463420552596
-0.28392704114684
-0.28596780128202
-0.28596780128616
-0.28704837725201
-0.2706596412367
-0.28539327968812
-0.28539327966526
-0.26805546447882
-0.26917404011765
-0.2693714326392
-0.28589101873057
-0.27166343474529
-0.28556777164959
-0.27123154506712
-0.28714735001514
-0.28653970378987
-0.27141602612801
-0.27294618643068
-0.27094305072009
-0.27105584247646
-0.28360484968005
-0.28571764747869
-0.27094305070113
-0.27058285869699
-0.28587319861624
-0.27368101811567
-0.27141732229589
-0.28862898609909
-0.27368101809614
-0.27368101809487
-0.28713310209276
-0.28629991372893
-0.28915119247813
-0.28898917810659
-0.27118450667153
-0.28717682694561
-0.27189151553547
-0.27246111144115
-0.28674005333359
-0.27316833032554
-0.28862898603784
-0.27368101808259
-0.28898917798645
-0.28740053645696
-0.27296063404325
-0.27139521718687
-0.28780546382606
-0.27227630226726
-0.28634318517665
-0.27225263737665
-0.2715322533601
-0.2722508453618
-0.27355720857489
-0.27119572621895
-0.27119572621901
-0.27067483319095
-0.2715559181825
-0.27332082609669
-0.28826879408054
-0.28614369413885
-0.28668029697143
-0.27137213696791
-0.28632010491422
-0.28937701312967
-0.27414501312049
-0.27311264079188
-0.27313122385371
-0.27429678069276
-0.28831445347792
-0.28831445346754
-0.28754841008253
-0.28790860209299
-0.27296063407674
-0.27296063408275
-0.27296063407845
-0.28814498945411
-0.2881431973972
-0.27370898612238
-0.2728350374058
-0.2897087973357
-0.27519718135036
-0.28970880867477
-0.28968095262689
-0.27516395599931
-0.27516037319697
-0.28988220503612
-0.27472636505393
"n_200_d_15_tr_10_a_64x64_idx_2_p_flooding"
-0.28251588585614
-0.28252234827315
-0.28286279999097
-0.28180847880132
-0.28216636458152
-0.28215475564317
-0.28251781018733
-0.28258666988323
-0.2825804057514
-0.28116043041989
-0.28110661160093
-0.28178390224078
-0.28029695285954
-0.28074121784061
-0.27965260429742
-0.28037854302201
-0.28037433994348
-0.28270397050287
-0.28262698868711
-0.28226290879582
-0.28338650156248
-0.28262989268714
-0.28339910446045
-0.2833986653798
-0.28333724316295
-0.28304079660424
-0.28340222400605
-0.28340503433036
-0.28299843119814
-0.28410575458873
-0.28445623319282
-0.28154868131163
-0.28411181270975
-0.28517197062127
-0.28481894528335
-0.28026518943704
-0.27955096584399
-0.27955216975934
-0.28098653410653
-0.28170429600415
-0.28027154382246
-0.28063144204615
-0.28027887163544
-0.28086073914128
-0.28049508010089
-0.28124620253373
-0.28159716268546
-0.28205822421912
-0.2820498773539
-0.28158122859229
-0.2812372615109
-0.2820448259677
-0.28252947005465
-0.28370513297644
-0.28289258613361
-0.28071699791751
-0.28254914924853
-0.28427595708829
-0.28218010437084
-0.27928034199436
-0.27798393570842
-0.2779840270612
-0.27936739272262
-0.28394321492353
-0.28322825128528
-0.28159622123133
-0.28129809383351
-0.28205785346357
-0.28172243784526
-0.28243043486822
-0.28101088275255
-0.28278502667301
-0.28065424361522
-0.28065254814782
-0.28243729126704
-0.28064703477162
-0.28324726585997
-0.28315253899227
-0.28325036351914
-0.28325522053527
-0.27992232582207
-0.28146762350423
-0.28289921278364
-0.2832726152587
-0.28305221357412
-0.28162607095319
-0.28162637981842
-0.28339661147039
-0.28233922500272
-0.28482369676546
-0.28127838427645
-0.28483301561449
-0.28228159659857
-0.27931641799523
-0.27931791773605
-0.2793207093515
-0.28182729855612
-0.28084243475118
-0.28171972146497
-0.28242015402033
-0.28110831687389
-0.28090737600252
-0.27982512202028
-0.28127316080415
-0.28271207803896
-0.27945874936714
-0.2801892929345
-0.28055465550386
-0.28336256527222
-0.28198900071368
-0.28336556762848
-0.28018734311701
-0.28198557867468
-0.2808434221577
-0.28143949068831
-0.28326397364285
-0.28290756325926
-0.28290429303884
-0.2810506567146
-0.28070861063717
-0.2814219001482
-0.2803432943864
-0.28026040060854
-0.28322376399394
-0.2828699593329
-0.27989818839665
-0.28283048444174
-0.28134670737459
-0.28319398186192
-0.27828239812959
-0.28090550032115
-0.27901007675559
-0.2808095988449
-0.28412661908684
-0.28340631754292
-0.28128109106201
-0.28268922370073
-0.28054391278716
-0.28125304826733
-0.28124884856905
-0.28090994222588
-0.28126176308817
-0.28233788065255
-0.28125997573904
-0.28233870372274
-0.28255791042276
-0.28075575397366
-0.28148428276847
-0.28147787077147
-0.2811188798232
-0.28085978114653
-0.28053435437463
-0.28128923298022
-0.28163719868636
-0.28163789994081
-0.28235411686685
-0.28020849441554
-0.28092963842237
-0.2809267904132
-0.2816381928623
-0.2815670161909
-0.28192728064615
-0.28241763996557
-0.28192794063045
-0.2815661709578
-0.28168620127373
-0.28133781944109
-0.28304959676857
-0.27934892060095
-0.28089730327758
-0.27981989877099
-0.28018117374479
-0.28017592622559
-0.27981821210078
-0.28054084543337
-0.28212603048975
-0.28248546390437
-0.2824939223261
-0.28282268850891
-0.28141695378587
-0.2835704159018
-0.28243839571483
-0.28252750296031
-0.28122400893293
-0.28198782486987
-0.28018815702698
-0.28055179518206
-0.27954697822347
-0.27809668799316
-0.27982274957319
-0.27930125059963
-0.27857999862642
-0.27858577728315
-0.28109868988279
-0.28073757786607
-0.28038682471688
-0.28085725415206
-0.27833523527204
-0.28229739832318
-0.28076168580741
"n_200_d_15_tr_10_a_64x64_idx_2_p_mprt2"
-0.30938172446242
-0.30931327287049
-0.31087985556398
-0.29884724918705
-0.31375791962783
-0.29850240660523
-0.31022313923964
-0.30471738696057
-0.31366129705374
-0.30099364566039
-0.30080599093621
-0.29832665132629
-0.29679906481527
-0.31160038019093
-0.29396077711215
-0.29484754038218
-0.2960556311864
-0.31539119359941
-0.31256915926936
-0.31239119315392
-0.31462062219003
-0.31096995233217
-0.31384780389875
-0.31218666215183
-0.30541967275456
-0.30743733611579
-0.31323976078949
-0.30339460365147
-0.31174566014778
-0.31401213408772
-0.31444555209055
-0.31048430837458
-0.31647334116171
-0.31445214241169
-0.31205798455138
-0.29342588779549
-0.29084913934144
-0.29084081423061
-0.29864040866923
-0.30933891111501
-0.29382372494451
-0.29744435015612
-0.29373347904823
-0.30818799439198
-0.29711356547266
-0.29600558974185
-0.30476843502708
-0.3117600731881
-0.30158807406022
-0.30627386704576
-0.29541856934978
-0.30557680939263
-0.31207404298393
-0.31633887946941
-0.29899328105898
-0.3046626682265
-0.29872902461142
-0.31591209199772
-0.31273471619252
-0.28948854616545
-0.28538168477412
-0.28515534991894
-0.29480783222078
-0.31634615860723
-0.31554600025439
-0.31096053637877
-0.30925022332184
-0.31435190271206
-0.31214016332348
-0.30277596632546
-0.29791958384147
-0.3081859142324
-0.29712925269085
-0.29709717905845
-0.31358646691534
-0.30917582737815
-0.312589180872
-0.31598261227541
-0.30557325834694
-0.3057373091116
-0.29478016498408
-0.29990618116265
-0.31325134126487
-0.31032910295122
-0.31401891017838
-0.29719283895694
-0.29658619104105
-0.30571083590793
-0.2975296789354
-0.31429949018981
-0.3102175110959
-0.30849218355451
-0.30896271886641
-0.30204648171969
-0.30137966870502
-0.29158841646188
-0.31224955997817
-0.29888617098454
-0.29820752032988
-0.31272555393958
-0.30439063744937
-0.3104050239281
-0.29232593270479
-0.30761962954576
-0.30526361397258
-0.29138564792395
-0.29248148653447
-0.29371287190133
-0.31014441553322
-0.30420075213453
-0.31195372441487
-0.30583786520162
-0.308169352465
-0.29856874844631
-0.29838217375982
-0.31389273382115
-0.30841871788221
-0.31112240131613
-0.29792419040302
-0.29920455188891
-0.29769762621074
-0.31026450193131
-0.29555002402049
-0.30393650101185
-0.30416178380145
-0.29378588933533
-0.30099221603325
-0.29648627086431
-0.31155292897657
-0.28555708538243
-0.29583817926014
-0.28916551578032
-0.30943472013136
-0.30062775234821
-0.31367200042316
-0.295402331532
-0.30871927348197
-0.2961373594495
-0.30455697564993
-0.30264622647961
-0.30796832520009
-0.30880877538453
-0.31075682226535
-0.30166732707002
-0.30894650627729
-0.30211833673181
-0.29492610586788
-0.29820428465187
-0.30016694602687
-0.29873800289924
-0.29660841787462
-0.29805444385302
-0.29809824711467
-0.31275525236
-0.29812695202479
-0.2978962496284
-0.29691842842613
-0.29691260616349
-0.29651058822435
-0.29703573177482
-0.29957567913717
-0.30525183644048
-0.30938597987734
-0.30043183786629
-0.30773110428805
-0.29903349312513
-0.30405895488825
-0.31237504076825
-0.2915432588035
-0.29816572928167
-0.29239843873437
-0.29258991647077
-0.29282451708296
-0.29302453557557
-0.29612788417173
-0.31068895961561
-0.31144549001994
-0.31498245079728
-0.31134201199076
-0.30098871308386
-0.31049702736394
-0.31095523608552
-0.31509545860944
-0.30588398631218
-0.31471658483091
-0.29549888195678
-0.29746330702365
-0.2911094824988
-0.28623867278811
-0.2915062555106
-0.30694442132403
-0.29143427350192
-0.28914650965157
-0.29758553984815
-0.29600218549257
-0.29605336254868
-0.30996947603995
-0.28881215525065
-0.29812267147939
-0.2960630572609
"n_200_d_5_tr_10_a_112x112_idx_0_p_abba2"
-0.27960680170548
-0.2788864176558
-0.27888641761103
-0.27942987091999
-0.28152928941755
-0.28081395199199
-0.28384839871797
-0.28117723532101
-0.28117723528697
-0.26771000831351
-0.28420859068934
-0.28309248138767
-0.26707649356561
-0.28312801463188
-0.28301816831164
-0.28499171591319
-0.26550888325765
-0.26550888323724
-0.28268352647481
-0.28166426955825
-0.28229778433508
-0.28193759221613
-0.28273228933408
-0.28457974785244
-0.28369601589126
-0.28333582383176
-0.28700980016606
-0.28650493297557
-0.28796777619184
-0.28618439274355
-0.28922438956422
-0.28901804623461
-0.28614474085758
-0.2742255925142
-0.2891056417055
-0.28997545362304
-0.27466729361813
-0.28997545359925
-0.27319584553331
-0.29003023125604
-0.274722071228
-0.29203512513554
-0.29097836794133
-0.29034542218072
-0.27430710164494
-0.29111512810835
-0.28967003924761
-0.27688884007608
-0.2921970000789
-0.29065948045034
-0.29175328855158
-0.29318496966907
-0.29220367030766
-0.29153598948669
-0.29153598942169
-0.29255208695343
-0.29210439363566
-0.29329882626229
-0.29434915922195
-0.28063278707191
-0.29103290451556
-0.29184347826736
-0.2936870691194
-0.2911757973846
-0.29360000079495
-0.29399852445948
-0.29293863430167
-0.29293863417878
-0.295416549248
-0.28051416383536
-0.2805141638077
-0.29458962082198
-0.29594094714584
-0.29296668502296
-0.29510193981306
-0.27923548312784
-0.29558075507407
-0.28027259508341
-0.29505635726
-0.29697503167483
-0.2952205630589
-0.29522056302241
-0.29474174772309
-0.27955221107417
-0.30010520322642
-0.28376348325599
-0.28479704323334
-0.29974501116333
-0.29974501114082
-0.29974501110554
-0.30295027249544
-0.28954135738563
-0.28407665914386
-0.3037689413548
-0.30268836535468
-0.30376894137462
-0.3042748221854
-0.30581896113231
-0.30262646645884
-0.2905108011222
-0.30397750975463
-0.3058538629531
-0.2890700331118
-0.30454766531412
-0.30437819304803
-0.28970426978702
-0.30615880450502
-0.30441309482635
-0.30418747328288
-0.3084694923938
-0.30811362494353
-0.2931656568839
-0.30811362493194
-0.30961632789667
-0.30811362481142
-0.29208508088896
-0.31080511110693
-0.31477163206974
-0.3166990033384
-0.31195551652867
-0.31669900333198
-0.29991559964147
-0.3159786193204
-0.31776483658756
-0.31561842723332
-0.3159441435165
-0.30662430246126
-0.3177648365736
-0.32034076273818
-0.31794294724099
-0.31758275524356
-0.30373966444989
-0.31953113315008
-0.31926018669713
-0.32193246243319
-0.31832744035873
-0.30540550643007
-0.3217197985847
-0.30301928044446
-0.31990526441758
-0.30459710445505
-0.32217822485785
-0.32275322892074
-0.32121207837988
-0.32121207833511
-0.32358465489307
-0.32389575564343
-0.30858759562654
-0.311593228126
-0.32337501470144
-0.32337501460804
-0.32726158010815
-0.31346382533325
-0.32841179332763
-0.32991076320292
-0.32554708119153
-0.30987872925479
-0.32955057119986
-0.33231758649473
-0.33210050794072
-0.31833618173845
-0.33292395776502
-0.33458630987836
-0.33290855441764
-0.33290855438686
-0.3189179578426
-0.33422611782316
-0.3325483623637
-0.33386592578789
"n_200_d_5_tr_10_a_112x112_idx_0_p_flooding"
-0.283810558733
-0.28452948136352
-0.28356069656551
-0.2851899481007
-0.28483116989044
-0.27877921193825
-0.27842104876266
-0.27907390341791
-0.27976935395722
-0.2829741442794
-0.28333660816111
-0.2831491805443
-0.28358862952633
-0.28395115910917
-0.28155349373531
-0.28191469543568
-0.2804820266136
-0.2819188426288
-0.28242562281769
-0.28192652878037
-0.28155845357383
-0.28291219623222
-0.27857689733312
-0.27831920599562
-0.27861145090724
-0.27784972253354
-0.27861315142968
-0.2771572585943
-0.27761240219518
-0.27728796959001
-0.28538561375462
-0.28502334446935
-0.2870542051293
-0.28604224440731
-0.28548567551739
-0.28203854597081
-0.28142639182547
-0.28239275272827
-0.28275666949724
-0.28211038038382
-0.28144823818488
-0.27944137108557
-0.28008673713498
-0.27910182505752
-0.2800865163896
-0.28008653000917
-0.27935442137981
-0.28228049756051
-0.28267204806774
-0.28182477619089
-0.28108528613208
-0.28303272522984
-0.28124507510897
-0.28160062873279
-0.28010889574043
-0.2857867546654
-0.28514898261612
-0.28581247226442
-0.28469766438783
-0.27946647047376
-0.27874317407055
-0.28078456198393
-0.28100392673697
-0.28087614425521
-0.28064389148358
-0.27873625709689
-0.278736256974
-0.28458250349556
-0.28404412399706
-0.28465705772233
-0.28491216933285
-0.2840431517448
-0.28530341332793
-0.27914266704022
-0.27912732833264
-0.27941531555147
-0.28014130784154
-0.27875503442202
-0.28195155809661
-0.28231511628671
-0.28278490062266
-0.27928115807789
-0.27928115801289
-0.28002332463814
-0.28038586709023
-0.28277566658645
-0.28277566649306
-0.28313797474502
-0.2781677759617
-0.28390586827243
-0.28390625547032
-0.2839075690102
-0.28319800547994
-0.28426820417145
-0.28400336644844
-0.28367747151371
-0.2831490477712
-0.2820384083066
-0.2823964019487
-0.28563843236659
-0.28563605250101
-0.28599482066269
-0.28609065593052
-0.28609364962322
-0.28599816487167
-0.27864888997443
-0.27852673863717
-0.27889008083462
-0.28426616329324
-0.28390260351378
-0.28390410145311
-0.28488721044168
-0.28249814501684
-0.28294279203412
-0.2828602796355
-0.28366940519775
-0.28367217462454
-0.28064442506879
-0.28064571816821
-0.28145307571477
-0.28075278909998
-0.28232395555963
-0.28232229959434
-0.28098786787808
-0.2831806359317
-0.28174130345406
-0.28210241181617
-0.27811168048984
-0.27847591611661
-0.27935257653942
-0.27920772416062
-0.27935151390443
-0.28286280279887
-0.28265924734667
-0.28322367905283
-0.27671629835995
-0.27671629840472
-0.28255909161161
-0.28255909157413
-0.27995736587954
-0.27935113055095
-0.27826329110735
-0.27836039296202
-0.27869841988889
-0.28003802367919
-0.27967480155087
-0.28039159183623
-0.27967056629643
-0.28459687679922
-0.28459687672818
-0.28124381787788
-0.28160591857209
-0.27874041204812
-0.27791281681283
-0.27813797669003
-0.28546702151069
-0.28546840081679
-0.27928338915167
-0.28017202513594
-0.28080942665522
-0.28118306374194
-0.2799260708315
-0.28064638424526
-0.27963464074318
-0.28510369230006
-0.27891659586474
-0.28068474203711
-0.27933853327838
-0.28203994281633
-0.28015422761805
-0.28055504027146
-0.28055323191337
-0.28015800826613
-0.27979455847675
-0.28019888554076
-0.28002272797443
-0.27947559872538
-0.28494113481022
-0.28454964102369
-0.28458123565113
-0.28458439800331
-0.28458068166249
-0.27834993532147
-0.27919903143068
-0.27774978081451
-0.27787781276077
-0.2778165763316
-0.27745241350557
-0.28322544511037
-0.27951585424492
-0.27828909859801
-0.27865346436752
-0.28386111867518
-0.27780220789677
-0.28314505194983
-0.28294543447327
-0.27751684565606
-0.2800874605626
-0.28102999706968
-0.28139377313245
"n_200_d_5_tr_10_a_112x112_idx_0_p_mprt2"
-0.29476170230692
-0.29939727317322
-0.29387964029426
-0.30140888451822
-0.28909687086679
-0.29660367450444
-0.27998395455019
-0.29518557433772
-0.30226681679389
-0.284476586426
-0.29777562997262
-0.29697963008384
-0.29667956715263
-0.29836167298269
-0.29565560234307
-0.30028104568182
-0.2853851206818
-0.29090438060406
-0.29939422932142
-0.3014813070047
-0.29894542466728
-0.3077621973624
-0.29857866036603
-0.29644150699854
-0.30090030836235
-0.28025947761932
-0.28543863988722
-0.29580016900525
-0.29797655059834
-0.29561194038656
-0.29554360618866
-0.29411263011542
-0.3014251284413
-0.29723082355461
-0.29442339943458
-0.29551069786624
-0.29252909793648
-0.29120808796441
-0.28675334526913
-0.29694771051985
-0.30577723357309
-0.30090992319825
-0.3039368930676
-0.29585908961041
-0.28893616830133
-0.28955804365673
-0.28693281396021
-0.30222763994637
-0.29189689019165
-0.28796917031591
-0.29739662750746
-0.30737948957312
-0.28723487634015
-0.28970963644825
-0.27956588042237
-0.29362533958345
-0.2820789744199
-0.29377995225019
-0.27883610740417
-0.28722624855617
-0.28367816649951
-0.30494117579294
-0.30831161564615
-0.30455495127647
-0.29861713618447
-0.27949521396114
-0.27949589975724
-0.2970016900825
-0.28102331235211
-0.2928442766015
-0.30085988513699
-0.29236909903689
-0.29489147565406
-0.2992864940495
-0.29681237596
-0.28668537781192
-0.30386574328476
-0.28369173917956
-0.28022363366263
-0.29316805722568
-0.29418128687816
-0.29618829568044
-0.28095396838849
-0.27849842838314
-0.29381375650853
-0.27944145654808
-0.27944216153405
-0.29225069352427
-0.29485236485623
-0.29749675695154
-0.28648264924417
-0.28655983957184
-0.29520161006605
-0.2995161221018
-0.29674815245793
-0.27944625736136
-0.29694784058104
-0.28436658975564
-0.29717427908727
-0.28789080528436
-0.28733395271328
-0.29953841109451
-0.28798640008353
-0.28845024735436
-0.28886885888106
-0.3005452362794
-0.30149991247659
-0.28820388202117
-0.29405967409577
-0.28174008118745
-0.28173930518515
-0.29630939813247
-0.2847540563393
-0.29674723894632
-0.28570235325709
-0.28832510901313
-0.29938814254583
-0.306396583685
-0.29154089134822
-0.30412255058024
-0.28561112540344
-0.30574925309725
-0.2921313449818
-0.29803566730477
-0.29714838356629
-0.28017365105882
-0.28155108286531
-0.28460251036582
-0.28479998979038
-0.29389121562331
-0.29683443302467
-0.30351655481708
-0.29351693781441
-0.29364862409337
-0.2914915402666
-0.27982346895138
-0.27982333047457
-0.28029822946
-0.28029822945463
-0.28961486620686
-0.30477520521477
-0.28487417995658
-0.30026664394351
-0.30376216666258
-0.29939710358478
-0.28281999189264
-0.30141498899176
-0.29734406336348
-0.28002028984724
-0.28002200617855
-0.28622936724167
-0.29354572389576
-0.29864546760052
-0.28035180424641
-0.29678534907664
-0.29229578879069
-0.2810983838152
-0.29851480046595
-0.3013236201058
-0.28759794677319
-0.30445196943341
-0.28873317464967
-0.29951912929615
-0.30213850169747
-0.27973569364419
-0.27974825663668
-0.28650481759936
-0.2852455860918
-0.29523350912639
-0.28728009167786
-0.28816530766526
-0.30393089785425
-0.28727358509299
-0.28626056933674
-0.28743491796171
-0.30146860756385
-0.28434409054309
-0.29558336085939
-0.29753248394363
-0.28573727144061
-0.28534427912645
-0.29105276829981
-0.27868860235256
-0.30336396873389
-0.28235244311337
-0.29634125920277
-0.2954475497495
-0.27848447772029
-0.28428554096807
-0.30281173997087
-0.28313332964765
-0.29946440745582
-0.28247586810589
-0.278343564802
-0.29771547927696
-0.28573087950264
-0.28023540007816
-0.28483088202081
-0.27824302922266
-0.29123972975823
