"n_200_d_15_tr_10_a_64x64_idx_2_p_abba2"
-0.28091325840512
-0.27904011245847
-0.2649126755203
-0.26580784177554
-0.2652728675218
-0.26580784175581
-0.26575511093033
-0.26645360682401
-0.26678000184409
-0.26544764975486
-0.28022083550858
-0.28039561775655
-0.28201669186302
-0.27950045145767
-0.28241675957722
-0.26671283817403
-0.26766318641163
-0.28104138279783
-0.26766318641548
-0.2809617249152
-0.26694280238967
-0.26730157471232
-0.26383209944184
-0.27914025941845
-0.28153057840244
-0.26671283816401
-0.28365823325312
-0.26835007325429
-0.26674840756179
-0.26692089703702
-0.26977949588029
-0.26941930388407
-0.28400707987681
-0.26988174709576
-0.28129630781522
-0.28129630780204
-0.26598814784153
-0.26658261041663
-0.2834290768312
-0.26694280236373
-0.28117038632839
-0.2678631448245
-0.28456647161742
-0.28295831994982
-0.26952155507159
-0.28410933108716
-0.28518990709531
-0.28316453539405
-0.26821656738702
-0.28364688784766
-0.27014666220466
-0.28611366379856
-0.2833176885197
-0.26776072479737
-0.26801035196244
-0.271267637514
-0.28364688784811
-0.26889630250382
-0.26942627819658
-0.26906608617415
-0.26870589417144
-0.28401405416827
-0.26967467584218
-0.28456647160406
-0.26925831155131
-0.2845664716015
-0.26925831153793
-0.26987554002449
-0.28693598951425
-0.28621560548227
-0.28401405413206
-0.26813117988518
-0.26897907324223
-0.26780015392734
-0.268131156452
-0.28408400812126
-0.28444419826219
-0.26989856769515
-0.28310831387171
-0.27054725349635
-0.27054725348817
-0.2841093310698
-0.26927597267763
-0.28374913900021
-0.26927597270111
-0.26950341171033
-0.28482350802262
-0.28274812188217
-0.28611366379125
-0.28657579751511
-0.28314336458096
-0.2851889929291
-0.27080550376235
-0.28503978464846
-0.28465621074405
-0.26901707377993
-0.26901707378007
-0.26901707375932
-0.26901707373868
-0.26953423057518
-0.26953423058256
-0.2695342306594
-0.28518369996735
-0.26915515595711
-0.2713884369659
-0.27121401453611
-0.26953837564567
-0.26877584469632
-0.268415652646
-0.28372382591241
-0.27391561352558
-0.28392704112216
-0.27463420552596
-0.28392704114684
-0.28596780128202
-0.28596780128616
-0.28704837725201
-0.2706596412367
-0.28539327968812
-0.28539327966526
-0.26805546447882
-0.26917404011765
-0.2693714326392
-0.28589101873057
-0.27166343474529
-0.28556777164959
-0.27123154506712
-0.28714735001514
-0.28653970378987
-0.27141602612801
-0.27294618643068
-0.27094305072009
-0.27105584247646
-0.28360484968005
-0.28571764747869
-0.27094305070113
-0.27058285869699
-0.28587319861624
-0.27368101811567
-0.27141732229589
-0.28862898609909
-0.27368101809614
-0.27368101809487
-0.28713310209276
-0.28629991372893
-0.28915119247813
-0.28898917810659
-0.27118450667153
-0.28717682694561
-0.27189151553547
-0.27246111144115
-0.28674005333359
-0.27316833032554
-0.28862898603784
-0.27368101808259
-0.28898917798645
-0.28740053645696
-0.27296063404325
-0.27139521718687
-0.28780546382606
-0.27227630226726
-0.28634318517665
-0.27225263737665
-0.2715322533601
-0.2722508453618
-0.27355720857489
-0.27119572621895
-0.27119572621901
-0.27067483319095
-0.2715559181825
-0.27332082609669
-0.28826879408054
-0.28614369413885
-0.28668029697143
-0.27137213696791
-0.28632010491422
-0.28937701312967
-0.27414501312049
-0.27311264079188
-0.27313122385371
-0.27429678069276
-0.28831445347792
-0.28831445346754
-0.28754841008253
-0.28790860209299
-0.27296063407674
-0.27296063408275
-0.27296063407845
-0.28814498945411
-0.2881431973972
-0.27370898612238
-0.2728350374058
-0.2897087973357
-0.27519718135036
-0.28970880867477
-0.28968095262689
-0.27516395599931
-0.27516037319697
-0.28988220503612
-0.27472636505393
