"n_200_d_15_tr_10_a_64x64_idx_2_p_mprt2"
-0.30938172446242
-0.30931327287049
-0.31087985556398
-0.29884724918705
-0.31375791962783
-0.29850240660523
-0.31022313923964
-0.30471738696057
-0.31366129705374
-0.30099364566039
-0.30080599093621
-0.29832665132629
-0.29679906481527
-0.31160038019093
-0.29396077711215
-0.29484754038218
-0.2960556311864
-0.31539119359941
-0.31256915926936
-0.31239119315392
-0.31462062219003
-0.31096995233217
-0.31384780389875
-0.31218666215183
-0.30541967275456
-0.30743733611579
-0.31323976078949
-0.30339460365147
-0.31174566014778
-0.31401213408772
-0.31444555209055
-0.31048430837458
-0.31647334116171
-0.31445214241169
-0.31205798455138
-0.29342588779549
-0.29084913934144
-0.29084081423061
-0.29864040866923
-0.30933891111501
-0.29382372494451
-0.29744435015612
-0.29373347904823
-0.30818799439198
-0.29711356547266
-0.29600558974185
-0.30476843502708
-0.3117600731881
-0.30158807406022
-0.30627386704576
-0.29541856934978
-0.30557680939263
-0.31207404298393
-0.31633887946941
-0.29899328105898
-0.3046626682265
-0.29872902461142
-0.31591209199772
-0.31273471619252
-0.28948854616545
-0.28538168477412
-0.28515534991894
-0.29480783222078
-0.31634615860723
-0.31554600025439
-0.31096053637877
-0.30925022332184
-0.31435190271206
-0.31214016332348
-0.30277596632546
-0.29791958384147
-0.3081859142324
-0.29712925269085
-0.29709717905845
-0.31358646691534
-0.30917582737815
-0.312589180872
-0.31598261227541
-0.30557325834694
-0.3057373091116
-0.29478016498408
-0.29990618116265
-0.31325134126487
-0.31032910295122
-0.31401891017838
-0.29719283895694
-0.29658619104105
-0.30571083590793
-0.2975296789354
-0.31429949018981
-0.3102175110959
-0.30849218355451
-0.30896271886641
-0.30204648171969
-0.30137966870502
-0.29158841646188
-0.31224955997817
-0.29888617098454
-0.29820752032988
-0.31272555393958
-0.30439063744937
-0.3104050239281
-0.29232593270479
-0.30761962954576
-0.30526361397258
-0.29138564792395
-0.29248148653447
-0.29371287190133
-0.31014441553322
-0.30420075213453
-0.31195372441487
-0.30583786520162
-0.308169352465
-0.29856874844631
-0.29838217375982
-0.31389273382115
-0.30841871788221
-0.31112240131613
-0.29792419040302
-0.29920455188891
-0.29769762621074
-0.31026450193131
-0.29555002402049
-0.30393650101185
-0.30416178380145
-0.29378588933533
-0.30099221603325
-0.29648627086431
-0.31155292897657
-0.28555708538243
-0.29583817926014
-0.28916551578032
-0.30943472013136
-0.30062775234821
-0.31367200042316
-0.295402331532
-0.30871927348197
-0.2961373594495
-0.30455697564993
-0.30264622647961
-0.30796832520009
-0.30880877538453
-0.31075682226535
-0.30166732707002
-0.30894650627729
-0.30211833673181
-0.29492610586788
-0.29820428465187
-0.30016694602687
-0.29873800289924
-0.29660841787462
-0.29805444385302
-0.29809824711467
-0.31275525236
-0.29812695202479
-0.2978962496284
-0.29691842842613
-0.29691260616349
-0.29651058822435
-0.29703573177482
-0.29957567913717
-0.30525183644048
-0.30938597987734
-0.30043183786629
-0.30773110428805
-0.29903349312513
-0.30405895488825
-0.31237504076825
-0.2915432588035
-0.29816572928167
-0.29239843873437
-0.29258991647077
-0.29282451708296
-0.29302453557557
-0.29612788417173
-0.31068895961561
-0.31144549001994
-0.31498245079728
-0.31134201199076
-0.30098871308386
-0.31049702736394
-0.31095523608552
-0.31509545860944
-0.30588398631218
-0.31471658483091
-0.29549888195678
-0.29746330702365
-0.2911094824988
-0.28623867278811
-0.2915062555106
-0.30694442132403
-0.29143427350192
-0.28914650965157
-0.29758553984815
-0.29600218549257
-0.29605336254868
-0.30996947603995
-0.28881215525065
-0.29812267147939
-0.2960630572609
