"n_200_d_10_tr_10_a_79x79_idx_1_p_abba2"
-0.27901908604726
-0.28101168144202
-0.26866674785519
-0.28202951670622
-0.26793094766301
-0.28329752508443
-0.28377739270177
-0.2830570086933
-0.26892404165363
-0.28526490390919
-0.26954555976665
-0.28594198542164
-0.26858486099644
-0.26915768360798
-0.27026096145262
-0.2863871826012
-0.28445158324647
-0.28486140939307
-0.28486140934954
-0.28454451990434
-0.26991344139757
-0.28486140930667
-0.26807710759711
-0.28602699054064
-0.28674737451481
-0.27169415456699
-0.28674737449563
-0.27205434654925
-0.28783029062885
-0.28602699061309
-0.27107902260182
-0.27152041503406
-0.27116022305083
-0.26995698024284
-0.28610819105774
-0.28644863776604
-0.26954057742994
-0.2699007693734
-0.27031717224489
-0.28484873737399
-0.26954057735624
-0.28484873741412
-0.26851597589573
-0.26851597591011
-0.26851597591451
-0.27179940655459
-0.28736250661832
-0.27359333364203
-0.28412835332722
-0.28747009863352
-0.27216193863026
-0.28900288038969
-0.28900288036028
-0.27405491235013
-0.27369472034539
-0.27080003105461
-0.27186140064692
-0.28680936863167
-0.27363910693592
-0.28680936866974
-0.28890149361775
-0.2881456617354
-0.28778546968071
-0.28925068222283
-0.27394252221778
-0.27287294956247
-0.28818110956077
-0.28900288038901
-0.27598003808806
-0.29200858207053
-0.29128819806908
-0.27598003804231
-0.27634023003101
-0.27424971568583
-0.29083280375066
-0.27552464374699
-0.28936307236174
-0.27706061403528
-0.28963424403858
-0.28778546966255
-0.27345817058176
-0.29008278511733
-0.28900288025758
-0.27333452830889
-0.29250667444154
-0.2724773097597
-0.29098885006481
-0.27556853247388
-0.27556853242528
-0.27592872447291
-0.29047261170645
-0.29011241966381
-0.29011241962916
-0.27495552147936
-0.27356949969789
-0.28923785167153
-0.29009679015452
-0.27629348782281
-0.27591016260481
-0.27627035462165
-0.29214319502592
-0.29164839006989
-0.29170923405366
-0.27719851446102
-0.29305992240971
-0.29214648239353
-0.29191453825928
-0.27660637824282
-0.27631049276353
-0.27566663411074
-0.29133498613659
-0.27602682613301
-0.2920085820565
-0.27670042208482
-0.29119415425276
-0.27480425967146
-0.2889906833376
-0.29178300301003
-0.27611465103336
-0.27611465103531
-0.27552580218046
-0.27634023008281
-0.29083396213232
-0.2923959441917
-0.277198514457
-0.29167556015668
-0.27480541819322
-0.29161865276414
-0.29125846071999
-0.27595030072778
-0.29125846067171
-0.29233953837916
-0.29276540372684
-0.29137649616203
-0.27480541821401
-0.27600720818188
-0.29472478631978
-0.27559010867791
-0.27559010866673
-0.2908982686328
-0.29142609833386
-0.29353599123482
-0.29106261901389
-0.29142281095106
-0.27575445906433
-0.29209688010753
-0.28322352396683
-0.29435008965865
-0.27606833609849
-0.29319953871173
-0.29400440228653
-0.27869624223845
-0.27998645440072
-0.29400440226119
-0.29529461437883
-0.29493442230603
-0.29509712474199
-0.28039039027236
-0.28217576199889
-0.29748392198038
-0.29888383134526
-0.27998645436447
-0.29457423027048
-0.29691419363553
-0.28074635430294
-0.29727438561374
-0.29748392196597
-0.28181556991004
-0.28181556990846
-0.29712372987495
-0.2971237299919
-0.29676353789551
-0.29888383130324
-0.29888383127463
-0.28357567130178
-0.28357567123094
-0.29888383121413
-0.29618800609101
-0.28358371597461
-0.29619380951185
-0.28322352394389
-0.2958453851128
-0.28357567132267
-0.29852363926033
-0.2981714919233
-0.28285528732876
-0.29999016816338
-0.29999016815194
-0.28629964878275
-0.28629964877201
-0.28629964875439
-0.28285528733376
-0.30124761673667
-0.28651649334232
-0.30182465331694
-0.30232266386169
-0.2870145038399
-0.3022130359635
-0.30160227978112
-0.30185284387178
