"n_200_d_10_tr_10_a_79x79_idx_1_p_flooding"
-0.27781391573564
-0.27927024999782
-0.27854253955914
-0.2805678532884
-0.28092791945867
-0.28067604406938
-0.28075687738521
-0.28092883368534
-0.28092777693201
-0.28085320223052
-0.28012635360761
-0.28098634449406
-0.27810756189646
-0.27883670839642
-0.28032872847705
-0.2810602863111
-0.27997283944796
-0.27960867290847
-0.28105797513406
-0.28141539207083
-0.28106077921623
-0.28178588699388
-0.28177825231305
-0.28055204346062
-0.28055177390692
-0.28064913402195
-0.28100718926556
-0.28206402349566
-0.28170658817437
-0.28028618914368
-0.28250652581224
-0.28067372451386
-0.28067436248652
-0.28177209728741
-0.28176583267817
-0.28000227893917
-0.28044806119758
-0.28016748081204
-0.28116337705347
-0.27927343275333
-0.28067494032334
-0.28116974979635
-0.2798117297759
-0.28074398022114
-0.27981361354964
-0.27980680491196
-0.2801703220626
-0.28017036000374
-0.28016769344103
-0.28101178409127
-0.28207242399517
-0.28270278278515
-0.28116301838174
-0.28195182938654
-0.28223645448437
-0.28123017899247
-0.28122643502593
-0.28229830554808
-0.28123368955313
-0.28050882141426
-0.28087383243842
-0.28188217936408
-0.28086538995205
-0.28151907678718
-0.28175759454122
-0.28068162866442
-0.28068373803626
-0.28140314287541
-0.28032685252332
-0.28031975418585
-0.28032456246701
-0.28033246766813
-0.27902364521274
-0.2789591804339
-0.2801063243992
-0.27908719840991
-0.2798175530569
-0.27772513005639
-0.278547322431
-0.27918027567673
-0.27927263447831
-0.27979429950579
-0.27979718375639
-0.28167766594597
-0.28070218298022
-0.28026376683535
-0.2821637865975
-0.28129128528566
-0.28093149754317
-0.28129047693426
-0.28053343919771
-0.28165546730034
-0.28129853542347
-0.27934008184884
-0.2812877698601
-0.280070706854
-0.2812893186103
-0.28096148805439
-0.28076010015978
-0.28111450146237
-0.28003377956334
-0.28116515637379
-0.28223478149498
-0.2817913267619
-0.28215038494944
-0.28080745697795
-0.28153107736782
-0.28071785385162
-0.28250152010463
-0.28178929717019
-0.28036786553279
-0.27925765099961
-0.27890157493427
-0.2799791811754
-0.28041225639351
-0.2793361762459
-0.28070340618296
-0.2797920557203
-0.28122039356427
-0.2800050459071
-0.28116432957151
-0.28194530261837
-0.2797295323963
-0.28013423979424
-0.28052627740139
-0.28091660354228
-0.28021069667802
-0.28201189822468
-0.28091677819795
-0.28162294923222
-0.28236467193988
-0.28304889523965
-0.2819610843139
-0.28164328839091
-0.28055379329194
-0.28197712309922
-0.27914663278253
-0.27951535812622
-0.27957076379222
-0.28111493248501
-0.28075261308686
-0.27883082555561
-0.28111141265433
-0.28103790136125
-0.27947466338065
-0.27957805540181
-0.28017428286968
-0.28101893593185
-0.2799353773218
-0.27993780411499
-0.2804997354066
-0.2809210706482
-0.281278524861
-0.27908086249797
-0.27970621578288
-0.28092581877838
-0.2812895099355
-0.28129222118248
-0.28077595434115
-0.28042308509842
-0.27984221948987
-0.28065470826339
-0.27984651084119
-0.27912664003551
-0.27966891215809
-0.28233845738043
-0.27860362029531
-0.27831429109454
-0.28066685863544
-0.27917672609926
-0.28187213712506
-0.28129136320514
-0.28165481098109
-0.28200595912859
-0.28070315566212
-0.28024569010906
-0.28200230585026
-0.27907491790548
-0.28033827112445
-0.28081169493032
-0.28081474223196
-0.28008798962546
-0.27901457295208
-0.27792413848776
-0.28056210522326
-0.27792451686867
-0.27983806024216
-0.28019665170418
-0.27947683420855
-0.27916229260076
-0.28116485001678
-0.27924176278285
-0.27841056346869
-0.28080777810495
-0.27877685190377
-0.27995448723642
-0.27957974822463
-0.27921833985205
-0.27921892810843
-0.27958180542063
