"n_200_d_10_tr_10_a_79x79_idx_1_p_flooding"
410.501284126006
491.958806629
435.774200799003
463.724264189004
475.396612142003
461.998664604003
514.659987012003
478.945121588001
489.302483086004
421.206090541006
577.712010075004
498.931958526001
480.371873200006
491.477302323005
476.214434751004
515.240299304004
458.881226419003
435.797765650005
395.703346403003
490.547482751005
374.288463364007
466.758181740005
409.295990769003
466.898717599005
431.349663811005
442.582325002004
474.829980040006
521.661884517002
425.689588858003
491.427074188007
496.635792689005
448.800711267001
506.843887794005
420.984664344004
506.903922982008
470.667961500013
387.566064418003
367.745692294008
459.993098767008
488.598458001
389.618603783006
466.399646654004
487.47145155901
459.041122286003
560.338993824999
458.787701643004
494.561108209005
463.22193845301
469.051642550006
477.325776416002
524.797854143003
426.263276513005
413.465140311011
538.343186516002
531.972719297002
457.229723950007
440.388642431003
466.077893443007
490.485032248003
459.369568734999
383.933781263003
456.555194194003
512.041763390009
386.596591967006
545.247225093
492.093415557008
445.791225469002
505.472738496998
374.724283492007
468.047512334003
359.257520472006
556.830214856006
399.912144532003
502.998083370009
485.409696981002
436.640021033007
490.926879360011
510.198435668002
393.003863792003
410.164057826002
439.944902174005
495.588508092005
358.917850234
470.801791017003
460.713387317
461.42885532101
403.472923974007
441.794685865005
516.910386984009
479.123630854005
544.981263729007
535.218258894005
551.878804476004
405.494668251009
446.658684643005
459.555503095011
416.111266254006
489.578426493004
350.754072166005
491.113022355002
417.98593264501
509.435696627008
473.831167578005
430.13687900001
417.969768745003
453.103831195008
500.014062258003
450.649656349
405.843360474009
502.981172933005
411.420359461012
440.555418501006
420.980507442003
509.51467859101
465.284675767002
546.093173370011
456.789336846008
493.031739057002
479.120743718006
483.671036615007
484.296633038007
480.901451848005
399.109591819006
388.991150079008
428.730802353002
422.256913057012
417.121793028009
455.718462102006
463.646778740014
460.098172706005
472.729910687008
420.759783620014
531.389866796005
465.635621715009
492.113441288005
449.837126809008
499.736472406006
463.743886308002
470.17713980501
486.119074583009
460.874422664013
514.299253124008
397.329041699003
409.589168419011
449.706971124009
474.661494820012
499.375314976007
416.577002040007
525.99801246501
521.139827919008
445.795209688008
492.562858651006
397.238639005003
510.904547870012
456.297726802006
434.186266831013
412.054569507006
424.197600838006
476.48875940201
441.994629283009
476.295447051008
458.632347124009
407.574445497005
438.491155327007
494.101712282003
539.45645890002
510.670821866007
457.588559575008
426.188719547007
439.863079064004
488.153285273007
410.404725024009
392.616977364007
443.57671422101
395.713897520011
430.573160992012
483.041523424006
439.007940705004
418.462579834006
464.248038160015
386.959390606009
415.286927706006
478.526214248006
404.450974716006
492.735750855005
461.863679492012
482.294298351007
463.637900813005
457.177215487008
500.868881071007
457.708371483008
481.48035940801
463.848681306004
488.811187581014
447.150496807005
443.424442815015
483.06309622501
450.800102773002
570.733592614005
411.740957461021
422.315259867005
