"n_200_d_15_tr_10_a_64x64_idx_2_p_flooding"
222.035263817006
227.665740218001
227.444314208004
211.278470889003
201.152986501004
232.852560122005
191.176997500005
232.480028947002
243.409374369005
238.300292774003
256.534399249006
210.163783017002
208.019284518002
240.910063699005
259.120566685006
234.228092866005
231.788016457003
207.091593499005
263.481926987005
262.354582145004
222.633637981005
218.034477253003
210.490208930004
239.569878018003
230.773636137005
196.916150741007
228.528578183003
195.506082274004
212.033137422004
233.839772725005
239.946970749006
202.960425080004
223.425204851004
239.615830135005
209.355341527004
223.147225480005
231.601962227003
190.935867536005
224.013164724006
220.798407971003
197.518814547003
199.274823305004
203.120725440009
224.367932994006
207.467747903003
251.908702080009
217.135203452003
217.644584496007
264.948840535006
270.940285945002
182.228535017003
202.390671272006
206.103920682011
227.839478058009
236.586049212001
214.169261900011
214.876629586001
241.757783541011
198.716771785008
216.170561356002
205.917372778003
181.294925557005
171.689900094009
259.240421456006
239.671117163006
245.736705358006
241.165271036003
258.678474460005
211.979139596004
172.234994686001
253.81407343901
196.389971893005
211.421254609
186.239061815009
229.530721746002
252.019382982006
211.430213444004
203.982721618004
196.301415780006
271.617616475005
190.404370587011
196.012687310009
201.176948733
236.298714031008
222.504995803
165.270123513011
263.838502759008
189.310705787001
226.843376236005
196.836011079
208.97695178801
217.466276024005
236.730967464005
191.30314816001
235.384637149004
239.847943035009
214.926404388002
216.265115742999
250.522248797004
224.389951222001
188.800808042011
204.517289278009
256.660206884
223.20282798001
218.123576158007
245.857354117007
182.967793163009
195.124050110003
237.848356164008
175.506667539004
237.49801868901
262.60506708001
209.469636050009
213.398388602009
229.193373140006
259.049864981009
246.870435163004
238.716265090005
246.221542581004
195.913959053001
190.335040212005
244.566393881009
249.549752735007
208.18953486301
211.913882756008
226.617960522006
266.701563188008
218.476962440008
233.027264735007
254.00572341001
241.73604826801
200.235209229007
162.380209079004
223.775055369011
243.972355839006
256.398799402007
250.710355567008
203.965590914002
209.010418041011
150.834614578002
228.315213474012
232.252182793005
243.690631856005
179.996202141005
227.983166765007
255.584454979008
225.624691109005
191.949752741003
194.206278775006
225.562427793008
213.187146501014
215.746050860012
209.708415441007
192.271835594006
206.107842669006
188.533561910013
235.334345248006
203.574993939007
198.404456083011
234.779243754005
237.259188801012
206.207759876008
241.409138994008
212.485840221007
209.355791801009
227.784179320018
199.487024222009
262.602898750011
240.614226960012
243.248512043003
226.265210189013
239.392282147008
188.393437107003
249.05862759401
202.923202072007
197.769710108012
242.46028407201
240.553387281004
207.152975054008
228.663071925006
218.963697245009
231.724553644007
206.915710197002
196.498782766007
263.439005833007
232.772066510016
290.742421541012
224.998540598008
186.366385165009
267.739517710012
180.974027073013
186.800337350014
196.468174701003
280.080225552013
171.91652926001
219.326769777012
205.971009571016
242.246029434
276.575541915008
230.56235301101
204.29130015701
