"n_200_d_10_tr_10_a_79x79_idx_1_p_abba2"
6088.83532879901
6088.835328799
6088.835328799
6088.835328799
6088.835328799
6088.83532879901
6088.835328799
6088.835328799
6088.83532879901
6088.835328799
6088.83532879901
6088.835328799
6088.835328799
6088.83532879901
6088.835328799
6088.83532879901
6088.835328799
6088.835328799
6088.83532879901
6088.835328799
6088.83532879901
6088.835328799
6088.835328799
6088.83532879901
6088.835328799
6088.83532879901
6088.83532879901
6088.835328799
6088.83532879901
6088.835328799
6088.83532879901
6088.83532879901
6088.835328799
6088.83532879901
6088.835328799
6088.83532879901
6088.83532879901
6088.83532879901
6088.83532879901
6088.835328799
6088.83532879901
6088.83532879901
6088.83532879901
6088.83532879901
6088.835328799
6088.83532879901
6088.83532879901
6088.83532879901
6088.83532879901
6088.835328799
6088.83532879901
6088.83532879901
6088.83532879901
6088.83532879901
6088.835328799
6088.83532879901
6088.83532879901
6088.83532879901
6088.83532879901
6088.835328799
6088.83532879901
6088.83532879901
6088.83532879901
6088.83532879901
6088.83532879901
6088.83532879901
6088.83532879901
6088.835328799
6088.83532879901
6088.83532879901
6088.83532879901
6088.83532879901
6088.835328799
6088.83532879901
6088.83532879901
6088.83532879901
6088.83532879901
6088.835328799
6088.83532879901
6088.83532879901
6088.83532879901
6088.83532879901
6088.835328799
6088.83532879901
6088.83532879901
6088.83532879901
6088.83532879901
6088.835328799
6088.83532879901
6088.83532879901
6088.83532879901
6088.83532879901
6088.835328799
6088.83532879901
6088.83532879901
6088.83532879901
6088.83532879901
6088.835328799
6088.83532879901
6088.83532879901
6088.83532879901
6088.83532879901
6088.83532879901
6088.83532879901
6088.83532879901
6088.83532879901
6088.83532879901
6088.83532879901
6088.83532879901
6088.83532879901
6088.83532879901
6088.83532879901
6088.83532879901
6088.83532879901
6088.83532879901
6088.83532879901
6088.83532879901
6088.83532879901
6088.83532879901
6088.83532879901
6088.83532879901
6088.83532879901
6088.83532879901
6088.83532879901
6088.83532879901
6088.83532879901
6088.83532879901
6088.83532879901
6088.83532879901
6088.83532879901
6088.83532879901
6088.83532879901
6088.83532879901
6088.83532879901
6088.83532879901
6088.83532879901
6088.83532879901
6088.83532879901
6088.83532879901
6088.83532879901
6088.83532879901
6088.83532879901
6088.83532879901
6088.83532879901
6088.83532879901
6088.83532879901
6088.83532879901
6088.83532879901
6088.83532879901
6088.83532879901
6088.83532879901
6088.83532879901
6088.83532879901
6088.83532879901
6088.83532879901
6088.83532879901
6088.83532879901
6088.83532879901
6088.83532879901
6088.83532879901
6088.83532879901
6088.83532879901
6088.83532879901
6088.83532879901
6088.83532879901
6088.83532879901
6088.83532879901
6088.83532879901
6088.83532879901
6088.83532879901
6088.83532879901
6088.83532879901
6088.83532879901
6088.83532879901
6088.83532879901
6088.83532879901
6088.83532879901
6088.83532879901
6088.83532879901
6088.83532879901
6088.83532879901
6088.83532879901
6088.83532879901
6088.83532879901
6088.83532879901
6088.83532879901
6088.83532879901
6088.83532879901
6088.83532879901
6088.83532879901
6088.83532879901
6088.83532879901
6088.83532879901
6088.83532879901
6088.83532879901
6088.83532879901
6088.83532879901
6088.83532879901
6088.83532879901
6088.83532879902
6088.83532879901
