"n_200_d_10_tr_10_a_79x79_idx_1_p_mprt2"
671.287626305006
610.860048592002
588.006871371004
772.569368573002
581.042053375004
703.080962000008
577.578127652004
762.198060857003
854.844848897002
578.580891525004
725.746825520009
598.727121709
577.617660664004
775.236537362005
770.556103314004
881.121406018003
843.202931874004
698.455936604002
827.327950165003
678.798389607003
809.253167851004
605.752474011002
636.223134422004
685.737305774005
575.768959949006
576.609096253005
584.842852021001
580.900275302003
647.440541779005
761.718277916007
729.315495261005
569.465378589005
550.202191574009
740.402791191002
733.884249113011
653.137313305002
575.691942494004
763.046366187005
650.610510347001
617.554101582009
612.559121276
689.421869080007
665.241584811007
753.674258084999
508.558801341003
615.763061850004
678.922222113009
657.891381232005
639.038025385005
797.298377315009
665.195591347
535.588676710013
488.775949788007
603.782542008005
607.103775308005
608.822135832007
718.965483059009
592.472699548004
676.286129670011
606.885076172006
583.62474189601
712.290658905999
758.515646588009
592.858786474004
469.919610806009
639.224377093008
713.853750074001
505.375435121003
521.657453356006
639.094261364008
607.879876502004
590.983452952003
734.770002233006
570.375920373003
563.992225336008
605.741987404002
590.977899752005
641.063038459002
576.576980636005
682.235420285004
851.29608841801
408.767412602003
670.263284799006
625.500461495008
760.106770553001
632.102155940011
658.542712738004
694.204053734005
750.610680278008
648.856514052007
764.460851412011
570.515615177008
626.648664477003
647.453245349006
629.179758981003
429.901129367011
605.569910757005
787.717300469005
617.60289176901
516.889484752006
551.878175489009
702.308404928004
693.234221775
711.583901644005
476.506866720008
637.883741299007
514.555725412009
584.319891820009
646.049728988004
568.663744518005
637.738892351003
728.071448452006
654.084579629007
496.947587493004
724.750887579006
652.234897381007
523.883680359006
605.012703247006
549.08007274301
610.910082756007
460.104345750011
584.567459104001
622.517142475011
558.550415635004
841.402451188003
780.79863293101
785.292578480011
533.195291751007
545.264206723004
534.753932317003
608.080123012009
649.196486543005
708.554732540016
651.246920341009
472.012491845007
567.247719578006
587.076806558009
616.717952760013
602.707144335007
562.462330982008
677.998671420013
766.816460127011
747.056034246008
563.580884706006
741.137334584003
750.024608695007
682.586313342007
613.39120985101
657.343644750014
689.784443816009
558.670607054012
845.400569646003
686.691637687005
656.544280715011
791.567713278006
785.147378227009
443.698307265009
697.884850217008
620.829242039008
630.225805385003
625.209126166005
756.389865359012
615.399227356008
670.874958012007
720.311648069007
702.491132055009
596.916066034012
599.545647952013
504.393916348008
536.372845132007
494.567732066017
603.896258832009
