"n_200_d_5_tr_10_a_112x112_idx_0_p_mprt2"
2429.06692493301
2047.08508703501
2356.676847252
2385.37209890401
2244.95113062201
2171.21164093701
2009.04372342301
2481.467252371
2314.922618747
1968.589381341
2191.32228735501
1952.87641860901
1991.78034057401
2212.33110704701
2150.44540826201
2109.50603683401
2262.801815003
1982.74386687701
2198.79909574401
1979.057466663
2111.94769719501
2145.877468287
2151.68387280001
2232.083142207
1819.126032824
2179.29156237501
2243.494023399
2256.146423743
1960.006529932
2094.702449003
1950.889481186
2336.778056287
2340.11027572101
2209.91608861401
2281.392133004
1913.71402737101
2026.36839561601
2258.360408774
2276.114061953
2285.66065125101
1872.97484006001
2133.84473983301
2127.376126862
2205.58605919
2244.72830145901
2275.666002301
2030.41333502001
1993.347332239
1938.857260741
2052.60051623501
2182.27563111301
2055.08161837401
2281.60213601001
2149.300372298
2105.774205888
2115.50143612401
2229.21935731001
1908.99159938401
2143.451540553
2186.88649713501
2207.56395933901
1894.71925848601
2306.053101698
2114.08558338901
2402.89976780101
2205.49684443601
2096.36099550001
2225.67018418501
2015.60714153401
2096.72620586701
1982.23044068801
2062.898068423
2415.12985842001
2062.892235162
2136.07476773201
2132.40322420201
2018.60531378001
2175.63144546701
1885.62242110701
2255.46129427901
2143.94137919201
2209.79092444801
2150.13879079701
2152.50668081001
2022.12346423701
1950.64012325501
2151.58088582801
2093.330625939
2232.69045052401
2487.62482765801
2284.451304741
2094.71556582701
1957.37998135701
1968.46015026601
2218.75946343001
2307.308421473
2284.64830302601
2278.70032055701
2107.29742307601
2302.05250660001
2192.73773148001
1965.74250248101
2183.60187956701
2086.39685691901
2291.86580634301
2078.92622089601
2146.12573676901
2170.93634491101
2013.74907930801
2145.80165897701
2172.33153731401
2026.55249027501
2515.262794782
2258.66160631101
2126.54773953101
2135.37799475001
2295.08371274501
2204.85196268401
1923.76234424002
2050.87150075201
2321.41098893201
2328.87225600501
2045.02476656801
2134.79114313401
2178.31625393801
2391.47289589901
2211.84622052501
2181.48130473601
2063.18668531002
2085.374897253
2505.126299772
2327.706022009
2213.27127900701
2208.99187990003
1791.212282572
2277.701311878
2191.46397723301
1992.21519338101
2146.62870015302
2451.16652826901
2255.196563604
2234.83442580201
2154.11300116901
2049.34385380601
