"n_200_d_10_tr_10_a_79x79_idx_1_p_abba2"
5.34
5.34
5.34
5.34
5.34
5.34
5.34
5.34
5.34
5.34
5.34
5.34
5.34
5.34
5.34
5.34
5.34
5.34
5.34
5.34
5.34
5.34
5.34
5.34
5.34
5.34
5.34
5.34
5.34
5.34
5.34
5.34
5.34
5.34
5.34
5.34
5.34
5.34
5.34
5.34
5.34
5.34
5.34
5.34
5.34
5.34
5.34
5.34
5.34
5.34
5.34
5.34
5.34
5.34
5.34
5.34
5.34
5.34
5.34
5.34
5.34
5.34
5.34
5.34
5.34
5.34
5.34
5.34
5.34
5.34
5.34
5.34
5.34
5.34
5.34
5.34
5.34
5.34
5.34
5.34
5.34
5.34
5.34
5.34
5.34
5.34
5.34
5.34
5.34
5.34
5.34
5.34
5.34
5.34
5.34
5.34
5.34
5.34
5.34
5.34
5.34
5.34
5.34
5.34
5.34
5.34
5.34
5.34
5.34
5.34
5.34
5.34
5.34
5.34
5.34
5.34
5.34
5.34
5.34
5.34
5.34
5.34
5.34
5.34
5.34
5.34
5.34
5.34
5.34
5.34
5.34
5.34
5.34
5.34
5.34
5.34
5.34
5.34
5.34
5.34
5.34
5.34
5.34
5.34
5.34
5.34
5.34
5.34
5.34
5.34
5.34
5.34
5.34
5.34
5.34
5.34
5.34
5.34
5.34
5.34
5.34
5.34
5.34
5.34
5.34
5.34
5.34
5.34
5.34
5.34
5.34
5.34
5.34
5.34
5.34
5.34
5.34
5.34
5.34
5.34
5.34
5.34
5.34
5.34
5.34
5.34
5.34
5.34
5.34
5.34
5.34
5.34
5.34
5.34
5.34
5.34
5.34
5.34
5.34
5.34
5.34
"n_200_d_10_tr_10_a_79x79_idx_1_p_flooding"
10.235
10.22
10.225
10.175
10.32
10.295
10.375
10.33
10.165
10.21
10.235
10.305
10.285
10.225
10.21
10.165
10.215
10.32
10.34
10.23
10.205
10.16
10.245
10.225
10.29
10.315
10.29
10.275
10.19
10.185
10.27
10.305
10.295
10.255
10.29
10.29
10.125
10.325
10.22
10.2
10.23
10.155
10.355
10.175
10.28
10.225
10.305
10.31
10.245
10.29
10.18
10.325
10.27
10.265
10.27
10.25
10.255
10.27
10.135
10.22
10.17
10.38
10.185
10.185
10.24
10.22
10.15
10.21
10.18
10.285
10.285
10.22
10.175
10.205
10.305
10.295
10.28
10.325
10.29
10.375
10.315
10.14
10.31
10.24
10.255
10.22
10.255
10.335
10.095
10.205
10.3
10.22
10.15
10.03
10.3
10.37
10.235
10.295
10.25
10.13
10.295
10.32
10.14
10.245
10.34
10.285
10.145
10.275
10.27
10.195
10.13
10.27
10.175
10.32
10.235
10.215
10.25
10.275
10.195
10.275
10.145
10.165
10.065
10.275
10.26
10.2
10.295
10.185
10.28
10.19
10.325
10.295
10.16
10.305
10.25
10.275
10.21
10.13
10.16
10.205
10.29
10.2
10.33
10.325
10.28
10.24
10.33
10.215
10.285
10.235
10.2
10.215
10.065
10.23
10.335
10.215
10.225
10.215
10.235
10.215
10.28
10.27
10.27
10.24
10.21
10.34
10.22
10.195
10.145
10.36
10.165
10.3
10.095
10.285
10.345
10.14
10.295
10.25
10.265
10.265
10.17
10.255
10.3
10.295
10.355
10.24
10.23
10.165
10.365
10.2
10.085
10.195
10.26
10.385
10.205
10.195
10.295
10.315
10.195
10.195
10.37
"n_200_d_10_tr_10_a_79x79_idx_1_p_mprt2"
4.82
4.89
5.255
5.435
5.06
4.98
5.1
4.66
4.79
4.845
4.75
5.105
4.96
4.665
4.99
5.19
5.21
4.645
4.775
5.355
4.955
5.23
5.1
4.86
5.425
4.685
4.865
4.92
4.97
4.66
5.21
5.03015075376884
4.88
5.38693467336683
4.51366120218579
5.61
4.72
5.03
4.635
4.47738693467337
4.45026178010471
4.86
5.18090452261307
5.23
5.425
4.93
4.735
4.46
4.78
4.655
5.515
5.58
5.54
5.615
4.88
5.295
5.63
5.63
5.46
4.83248730964467
5.75
5.60804020100502
5.825
4.83
5.0761421319797
5.21
5.28934010152284
5.815
5.49
5.9
5.22
5.44723618090452
5.255
5.51
4.97
5.16
5.05
5.74
5.405
5.61
4.93
5.42
5.285
5.60804020100502
5.31937172774869
5.2
5.485
5.23350253807107
5.18
5.715
5.04
5.68
5.69
5.49222797927461
5.015
4.74
5.515
4.895
5.61
5.395
5.85
4.855
5.18
5.08
5.65
5.265
5.615
4.785
4.985
5.62
5.51
5.525
4.915
5.36
4.855
5.44
5.035
5.185
5.63
5.125
4.785
5.19
5.41847826086957
5.17
4.91457286432161
4.52020202020202
5.63
4.87437185929648
5.675
5.025
5.005
5.425
5.935
5.43
5.48
4.98
5.605
5.22613065326633
5.1
5.63
5.58291457286432
5.71
4.905
5.275
5.65326633165829
5.4321608040201
5.49
5.325
5.7
5.35
5.285
5.88
4.98
5.99
5.13
5.7
5.645
5.6
5.445
5.42713567839196
5.785
5.605
5.255
5.895
5.715
5.03045685279188
4.83
5.385
5.39
4.98
5.89949748743719
5.265
5.225
5.225
5.29
5.405
5.93
5.535
5.4010152284264
5.185
5.14
5.235
5.515
5.15
5.77386934673367
5.22
5.145
5.615
5.48241206030151
5.69
5.36
5.17
5.09
5.39
5.675
5.775
5.47
5.635
5.3
5.18
5.245
"n_200_d_15_tr_10_a_64x64_idx_2_p_abba2"
5.76
5.76
5.76
5.76
5.76
5.76
5.76
5.76
5.76
5.76
5.76
5.76
5.76
5.76
5.76
5.76
5.76
5.76
5.76
5.76
5.76
5.76
5.76
5.76
5.76
5.76
5.76
5.76
5.76
5.76
5.76
5.76
5.76
5.76
5.76
5.76
5.76
5.76
5.76
5.76
5.76
5.76
5.76
5.76
5.76
5.76
5.76
5.76
5.76
5.76
5.76
5.76
5.76
5.76
5.76
5.76
5.76
5.76
5.76
5.76
5.76
5.76
5.76
5.76
5.76
5.76
5.76
5.76
5.76
5.76
5.76
5.76
5.76
5.76
5.76
5.76
5.76
5.76
5.76
5.76
5.76
5.76
5.76
5.76
5.76
5.76
5.76
5.76
5.76
5.76
5.76
5.76
5.76
5.76
5.76
5.76
5.76
5.76
5.76
5.76
5.76
5.76
5.76
5.76
5.76
5.76
5.76
5.76
5.76
5.76
5.76
5.76
5.76
5.76
5.76
5.76
5.76
5.76
5.76
5.76
5.76
5.76
5.76
5.76
5.76
5.76
5.76
5.76
5.76
5.76
5.76
5.76
5.76
5.76
5.76
5.76
5.76
5.76
5.76
5.76
5.76
5.76
5.76
5.76
5.76
5.76
5.76
5.76
5.76
5.76
5.76
5.76
5.76
5.76
5.76
5.76
5.76
5.76
5.76
5.76
5.76
5.76
5.76
5.76
5.76
5.76
5.76
5.76
5.76
5.76
5.76
5.76
5.76
5.76
5.76
5.76
5.76
5.76
5.76
5.76
5.76
5.76
5.76
5.76
5.76
5.76
5.76
5.76
5.76
5.76
5.76
5.76
5.76
5.76
5.76
5.775
5.775
5.775
5.775
5.775
5.865
"n_200_d_15_tr_10_a_64x64_idx_2_p_flooding"
14.21
14.06
14.19
14.215
14.36
14.3
14.005
14.17
14.19
14.195
14.085
14.01
14.125
14.245
14.07
14.065
14.215
14.155
14.24
14.075
14.245
14.265
14.29
14.135
14.19
14.28
14.285
14.12
14.175
13.78
14.08
14.1
14.155
14.16
14.28
14.305
14.085
14.295
14.245
14.29
14.155
14.065
14
14.05
14.235
14.09
14.355
14.06
14.345
14.305
14.31
14.36
14.155
14.175
14.355
14.275
14.035
14.11
14.13
14.34
14.265
14.35
14.24
14.245
13.88
14.165
14.215
14.155
14.175
13.975
14.07
14.27
14.12
14.19
14.19
14.245
14.26
14.225
14.15
14.155
13.92
14.185
14.22
14.25
13.98
14.24
14.155
14.155
14.275
14.29
14.085
14.275
14.265
13.99
14.22
14.12
14.1
14.345
14.235
14.345
14.225
14.235
14.31
14.075
14.25
14.11
14.245
14.305
14.21
14.2
14.1
14.365
14.24
14.265
14.01
14.155
14.03
14.265
14.23
14.175
14.215
14.155
14.135
14.13
14.2
14.275
14.305
14.45
14.25
14.02
14.07
14.265
14.19
14.195
14.02
14.255
14.145
14.24
14.21
14.205
14.075
14.245
14.22
14.165
14.045
14.18
14.045
14.215
14.185
14.2
14.235
14.265
14.185
14.14
13.82
14.175
14.375
14.16
14.115
14.13
14.07
14.05
14.27
14.295
14.295
14.175
14.305
14.165
14.185
14.13
14.085
14.16
14.41
13.96
14.34
13.87
14.08
14.27
14.095
14.035
14.04
14.125
14.205
14.18
13.85
14.265
14.42
14.13
14.025
14.195
14.005
14.095
14.04
14.315
14.33
14.23
14.245
14.24
14.17
14.135
14.175
"n_200_d_15_tr_10_a_64x64_idx_2_p_mprt2"
6.13065326633166
6.06185567010309
5.68020304568528
5.79
6.485
6.0251256281407
6.43
6.84924623115578
6.39195979899498
6.68686868686869
5.79899497487437
6.50753768844221
6.27638190954774
6.6
5.96969696969697
5.63451776649746
5.25757575757576
6.885
5.98994974874372
6.33333333333333
6.25628140703518
6.5929648241206
6.68181818181818
5.78391959798995
6.46231155778894
6.22110552763819
5.39698492462312
6.27638190954774
7.25510204081633
6.41414141414141
5.77272727272727
7.25628140703518
6.11557788944724
5.31658291457286
5.23711340206186
6.52763819095477
6.77889447236181
5.69
6.46733668341709
4.92893401015228
5.7286432160804
5.345
6.8643216080402
5.99497487437186
5.70707070707071
5.80808080808081
5.72727272727273
6.05050505050505
5.58793969849246
6.3989898989899
6.02010050251256
7.91959798994975
6.99497487437186
7.29145728643216
8.42713567839196
7.15577889447236
7.0251256281407
7.1969696969697
7.58793969849246
7.42
7.7035175879397
7.37688442211055
6.65326633165829
8.04040404040404
7.61809045226131
7.08040201005025
7.28643216080402
6.61809045226131
8.08542713567839
7.12562814070352
7.76884422110553
7
6.51758793969849
7.13065326633166
8.2713567839196
7.65829145728643
6.9
7.74371859296482
7.60804020100502
7.31818181818182
7.53030303030303
7.05050505050505
7.30150753768844
7.77889447236181
6.73366834170854
7.235
7.96984924623116
6.49748743718593
7.20603015075377
7.26130653266332
7.09547738693467
7.48743718592965
7.195
8.08040201005025
7.12060301507538
6.4572864321608
7.52261306532663
7.87437185929648
7.07070707070707
6.77386934673367
6.55778894472362
7.26130653266332
7.21105527638191
7.96482412060301
7.75376884422111
6.321608040201
6.56060606060606
8.19597989949749
7.15075376884422
7.0251256281407
6.44221105527638
7.87437185929648
6.92
7.14572864321608
7.69849246231156
7.77889447236181
7.32663316582915
6.35678391959799
6.82412060301507
6.79899497487437
7.81
7.48241206030151
7.18592964824121
7.21212121212121
7.52525252525253
5.81725888324873
7.04060913705584
7.2964824120603
6.8894472361809
7.78894472361809
6.52261306532663
6.84848484848485
6.86934673366834
6.74371859296482
7.44221105527638
6.74874371859296
7.60606060606061
6.98492462311558
7.35678391959799
6.78894472361809
8.03015075376884
7.0251256281407
7.28140703517588
7.12562814070352
7.19191919191919
7.41206030150754
6.91457286432161
6.78894472361809
7.321608040201
7.46231155778894
7.15
6.46464646464646
6.66331658291457
7.15736040609137
7.47236180904523
7.7286432160804
7.49246231155779
6.62311557788945
8.08542713567839
7.02525252525253
7.40201005025126
7.35858585858586
7.71859296482412
7.61809045226131
6.19191919191919
8.09045226130653
7.97989949748744
6.33333333333333
7.33668341708543
7.32663316582915
7.01005025125628
7.23737373737374
6.85427135678392
7.1356783919598
6.15656565656566
7.2713567839196
7.04040404040404
7.65326633165829
7.09045226130653
7
6.72727272727273
6.84924623115578
7.18592964824121
7.1608040201005
7.52020202020202
7.66834170854271
7.4572864321608
6.46
7.64321608040201
7.73869346733668
6.28
7.49748743718593
7.38693467336683
7.23618090452261
7.22110552763819
7.17085427135678
7.31658291457286
7.72361809045226
7.12060301507538
7.49494949494949
6.64321608040201
"n_200_d_5_tr_10_a_112x112_idx_0_p_abba2"
4.36094674556213
4.36094674556213
4.36094674556213
4.36094674556213
4.36094674556213
4.36094674556213
4.36094674556213
4.36094674556213
4.36094674556213
4.36094674556213
4.36094674556213
4.36094674556213
4.36094674556213
4.36094674556213
4.36094674556213
4.36094674556213
4.36094674556213
4.36094674556213
4.36094674556213
4.36094674556213
4.36094674556213
4.36094674556213
4.36094674556213
4.36094674556213
4.36094674556213
4.36094674556213
4.36094674556213
4.36094674556213
4.36094674556213
4.36094674556213
4.36094674556213
4.36094674556213
4.36094674556213
4.36094674556213
4.36094674556213
4.36094674556213
4.36094674556213
4.36094674556213
4.36094674556213
4.36094674556213
4.36094674556213
4.36094674556213
4.36094674556213
4.36094674556213
4.36094674556213
4.36094674556213
4.36094674556213
4.36094674556213
4.36094674556213
4.36094674556213
4.36094674556213
4.36094674556213
4.36094674556213
4.36094674556213
4.36094674556213
4.36094674556213
4.36094674556213
4.36094674556213
4.36094674556213
4.36094674556213
4.36094674556213
4.36094674556213
4.36094674556213
4.36094674556213
4.36094674556213
4.36094674556213
4.36094674556213
4.36094674556213
4.36094674556213
4.36094674556213
4.36094674556213
4.36094674556213
4.36094674556213
4.36094674556213
4.36094674556213
4.36094674556213
4.36094674556213
4.36094674556213
4.36094674556213
4.36094674556213
4.36094674556213
4.36094674556213
4.36094674556213
4.36094674556213
4.36094674556213
4.36094674556213
4.36094674556213
4.36094674556213
4.36094674556213
4.36094674556213
4.36094674556213
4.36094674556213
4.36094674556213
4.36094674556213
4.36094674556213
4.36094674556213
4.36094674556213
4.36094674556213
4.36094674556213
4.36094674556213
4.36094674556213
4.36094674556213
4.36094674556213
4.36094674556213
4.36094674556213
4.36094674556213
4.36094674556213
4.36094674556213
4.36094674556213
4.36094674556213
4.36094674556213
4.36094674556213
4.36094674556213
4.36094674556213
4.36094674556213
4.36094674556213
4.36094674556213
4.36094674556213
4.36094674556213
4.36094674556213
4.36094674556213
4.36094674556213
4.36094674556213
4.36094674556213
4.36094674556213
4.36094674556213
4.36094674556213
4.36094674556213
4.36094674556213
4.36094674556213
4.36094674556213
4.36094674556213
4.36094674556213
4.36094674556213
4.36094674556213
4.36094674556213
4.36094674556213
4.36094674556213
4.36094674556213
4.36094674556213
4.36094674556213
4.36094674556213
4.36094674556213
4.36094674556213
4.36094674556213
4.36094674556213
4.36094674556213
4.36094674556213
4.36094674556213
4.36094674556213
4.36094674556213
4.36094674556213
4.36094674556213
4.36094674556213
4.36094674556213
4.36094674556213
4.36094674556213
4.36094674556213
4.36094674556213
4.36094674556213
4.36094674556213
4.36094674556213
4.36094674556213
4.36094674556213
4.36094674556213
4.36094674556213
4.36094674556213
4.36094674556213
4.36094674556213
4.36094674556213
4.36094674556213
4.36094674556213
4.36094674556213
4.36094674556213
4.36094674556213
4.36094674556213
4.36094674556213
4.36094674556213
4.36094674556213
4.36094674556213
4.36094674556213
4.36094674556213
4.36094674556213
4.36094674556213
4.36094674556213
4.36094674556213
4.36094674556213
4.36094674556213
4.36094674556213
4.36094674556213
4.36094674556213
4.36094674556213
4.36094674556213
4.36094674556213
4.36094674556213
4.36094674556213
4.36094674556213
4.36686390532544
4.36686390532544
4.36686390532544
4.36686390532544
"n_200_d_5_tr_10_a_112x112_idx_0_p_flooding"
5.705
5.705
5.635
5.64
5.695
5.615
5.705
5.705
5.695
5.695
5.68
5.655
5.66
5.68686868686869
5.675
5.695
5.675
5.645
5.7
5.68
5.665
5.685
5.65
5.705
5.535
5.63
5.655
5.665
5.705
5.63
5.695
5.66
5.67
5.69
5.675
5.66
5.635
5.695
5.705
5.595
5.68
5.675
5.705
5.695
5.61
5.705
5.63
5.65
5.655
5.65
5.685
5.69
5.7
5.63
5.625
5.695
5.68
5.615
5.645
5.675
5.69
5.705
5.63
5.65
5.64
5.655
5.635
5.69
5.645
5.65
5.695
5.645
5.68
5.64
5.655
5.65
5.57
5.69
5.655
5.685
5.65
5.625
5.74489795918367
5.7
5.695
5.7
5.675
5.705
5.645
5.705
5.7
5.635
5.61
5.705
5.64
5.665
5.65
5.685
5.69
5.675
5.705
5.615
5.685
5.64
5.68
5.6
5.65
5.705
5.63
5.65
5.665
5.73469387755102
5.705
5.675
5.64
5.705
5.66
5.665
5.705
5.685
5.655
5.67
5.65
5.675
5.655
5.68
5.675
5.68
5.66
5.72222222222222
5.655
5.655
5.7
5.655
5.655
5.655
5.695
5.68
5.645
5.695
5.655
5.625
5.64
5.64
5.66
5.685
5.595
5.665
5.67
5.69
5.685
5.665
5.67
5.705
5.595
5.695
5.69
5.695
5.645
5.65
5.67
5.68
5.645
5.65
5.64
5.685
5.68
5.67
5.665
5.635
5.69
5.655
5.655
5.685
5.705
5.665
5.62
5.655
5.655
5.665
5.67
5.68
5.675
5.7
5.65
5.69
5.635
5.685
5.7
5.695
5.685
5.20454545454545
5.685
5.66
5.68
5.675
5.67
5.655
5.675
5.68
5.65
"n_200_d_5_tr_10_a_112x112_idx_0_p_mprt2"
3.2695652173913
3.13913043478261
3.13913043478261
3.13913043478261
3.10434782608696
3.01063829787234
3.12173913043478
3.2
3.2
2.93827160493827
3.01063829787234
3.2
3.34
3.01063829787234
3.13913043478261
3.13913043478261
3.01063829787234
3.1304347826087
3.1304347826087
3.2695652173913
3.2695652173913
3.2
3.2
2.92553191489362
3.01063829787234
3.01063829787234
3.0695652173913
3.2
2.92553191489362
3.20869565217391
3.20869565217391
3.13913043478261
3.01063829787234
3.01063829787234
3.20869565217391
2.92553191489362
3.21929824561404
3.07368421052632
2.98260869565217
2.81012658227848
3.26530612244898
3.2
2.91489361702128
3.0695652173913
3.18260869565217
3.01063829787234
3.05217391304348
2.975
3.115
3.07
3.2
3.195
3.195
3.105
3.015
2.985
3.09
3.005
2.995
3.06122448979592
3.1
3.055
3.215
3.12
3.18
3.25
3.015
3.165
3.06
3.21
2.965
2.99
3.08
3.005
3.2
3.205
3.1
3.07
3.155
3.17
3.2
3.195
3.065
3
3.26666666666667
3.075
3.095
3.155
3.275
3.205
3.035
3.23
3.13
3.24
3.185
3.11
3.105
3.165
3.11
3.175
3.17
3.155
3.01
3.26
3.195
3.23
3.08
3.065
3
3.065
3.135
3.025
3.235
3.035
3.07
3.035
3.04
3.155
3.1356783919598
3.17877094972067
3.1484375
3.17
3.16
2.95477386934673
2.84905660377358
2.80645161290323
3.24832214765101
3.015
3.13
3.1
3.17
3.16
3.185
3.135
3.10614525139665
3.07
2.95
2.945
3.15
3.21
3.13
3.115
3.135
3.215
3.25
3.17
3.07
3.205
3
3.205
3.06
3.12
3.12
3.16
3.28
3.035
3.165
3.1
3.205
3.07
3.04
3.095
3.03
3.1
3.005
3.28
3.225
3.04
3.195
3.305
3.175
3.13
3.27
3.165
3.11
3.045
2.965
3.175
3.095
3.26
3.135
3.04
3.1
3.035
3.095
3.195
3.13
3.18
3
3.3
2.93
3.155
3.215
3.155
3.01
3
2.96
2.995
3.19
3.08
3.065
