"n_200_d_10_tr_10_a_79x79_idx_1_p_mprt2"
4.82
4.89
5.255
5.435
5.06
4.98
5.1
4.66
4.79
4.845
4.75
5.105
4.96
4.665
4.99
5.19
5.21
4.645
4.775
5.355
4.955
5.23
5.1
4.86
5.425
4.685
4.865
4.92
4.97
4.66
5.21
5.03015075376884
4.88
5.38693467336683
4.51366120218579
5.61
4.72
5.03
4.635
4.47738693467337
4.45026178010471
4.86
5.18090452261307
5.23
5.425
4.93
4.735
4.46
4.78
4.655
5.515
5.58
5.54
5.615
4.88
5.295
5.63
5.63
5.46
4.83248730964467
5.75
5.60804020100502
5.825
4.83
5.0761421319797
5.21
5.28934010152284
5.815
5.49
5.9
5.22
5.44723618090452
5.255
5.51
4.97
5.16
5.05
5.74
5.405
5.61
4.93
5.42
5.285
5.60804020100502
5.31937172774869
5.2
5.485
5.23350253807107
5.18
5.715
5.04
5.68
5.69
5.49222797927461
5.015
4.74
5.515
4.895
5.61
5.395
5.85
4.855
5.18
5.08
5.65
5.265
5.615
4.785
4.985
5.62
5.51
5.525
4.915
5.36
4.855
5.44
5.035
5.185
5.63
5.125
4.785
5.19
5.41847826086957
5.17
4.91457286432161
4.52020202020202
5.63
4.87437185929648
5.675
5.025
5.005
5.425
5.935
5.43
5.48
4.98
5.605
5.22613065326633
5.1
5.63
5.58291457286432
5.71
4.905
5.275
5.65326633165829
5.4321608040201
5.49
5.325
5.7
5.35
5.285
5.88
4.98
5.99
5.13
5.7
5.645
5.6
5.445
5.42713567839196
5.785
5.605
5.255
5.895
5.715
5.03045685279188
4.83
5.385
5.39
4.98
5.89949748743719
5.265
5.225
5.225
5.29
5.405
5.93
5.535
5.4010152284264
5.185
5.14
5.235
5.515
5.15
5.77386934673367
5.22
5.145
5.615
5.48241206030151
5.69
5.36
5.17
5.09
5.39
5.675
5.775
5.47
5.635
5.3
5.18
5.245
