"n_200_d_5_tr_10_a_112x112_idx_0_p_mprt2"
3.2695652173913
3.13913043478261
3.13913043478261
3.13913043478261
3.10434782608696
3.01063829787234
3.12173913043478
3.2
3.2
2.93827160493827
3.01063829787234
3.2
3.34
3.01063829787234
3.13913043478261
3.13913043478261
3.01063829787234
3.1304347826087
3.1304347826087
3.2695652173913
3.2695652173913
3.2
3.2
2.92553191489362
3.01063829787234
3.01063829787234
3.0695652173913
3.2
2.92553191489362
3.20869565217391
3.20869565217391
3.13913043478261
3.01063829787234
3.01063829787234
3.20869565217391
2.92553191489362
3.21929824561404
3.07368421052632
2.98260869565217
2.81012658227848
3.26530612244898
3.2
2.91489361702128
3.0695652173913
3.18260869565217
3.01063829787234
3.05217391304348
2.975
3.115
3.07
3.2
3.195
3.195
3.105
3.015
2.985
3.09
3.005
2.995
3.06122448979592
3.1
3.055
3.215
3.12
3.18
3.25
3.015
3.165
3.06
3.21
2.965
2.99
3.08
3.005
3.2
3.205
3.1
3.07
3.155
3.17
3.2
3.195
3.065
3
3.26666666666667
3.075
3.095
3.155
3.275
3.205
3.035
3.23
3.13
3.24
3.185
3.11
3.105
3.165
3.11
3.175
3.17
3.155
3.01
3.26
3.195
3.23
3.08
3.065
3
3.065
3.135
3.025
3.235
3.035
3.07
3.035
3.04
3.155
3.1356783919598
3.17877094972067
3.1484375
3.17
3.16
2.95477386934673
2.84905660377358
2.80645161290323
3.24832214765101
3.015
3.13
3.1
3.17
3.16
3.185
3.135
3.10614525139665
3.07
2.95
2.945
3.15
3.21
3.13
3.115
3.135
3.215
3.25
3.17
3.07
3.205
3
3.205
3.06
3.12
3.12
3.16
3.28
3.035
3.165
3.1
3.205
3.07
3.04
3.095
3.03
3.1
3.005
3.28
3.225
3.04
3.195
3.305
3.175
3.13
3.27
3.165
3.11
3.045
2.965
3.175
3.095
3.26
3.135
3.04
3.1
3.035
3.095
3.195
3.13
3.18
3
3.3
2.93
3.155
3.215
3.155
3.01
3
2.96
2.995
3.19
3.08
3.065
