"n_200_d_15_tr_10_a_64x64_idx_2_p_mprt2"
6.13065326633166
6.06185567010309
5.68020304568528
5.79
6.485
6.0251256281407
6.43
6.84924623115578
6.39195979899498
6.68686868686869
5.79899497487437
6.50753768844221
6.27638190954774
6.6
5.96969696969697
5.63451776649746
5.25757575757576
6.885
5.98994974874372
6.33333333333333
6.25628140703518
6.5929648241206
6.68181818181818
5.78391959798995
6.46231155778894
6.22110552763819
5.39698492462312
6.27638190954774
7.25510204081633
6.41414141414141
5.77272727272727
7.25628140703518
6.11557788944724
5.31658291457286
5.23711340206186
6.52763819095477
6.77889447236181
5.69
6.46733668341709
4.92893401015228
5.7286432160804
5.345
6.8643216080402
5.99497487437186
5.70707070707071
5.80808080808081
5.72727272727273
6.05050505050505
5.58793969849246
6.3989898989899
6.02010050251256
7.91959798994975
6.99497487437186
7.29145728643216
8.42713567839196
7.15577889447236
7.0251256281407
7.1969696969697
7.58793969849246
7.42
7.7035175879397
7.37688442211055
6.65326633165829
8.04040404040404
7.61809045226131
7.08040201005025
7.28643216080402
6.61809045226131
8.08542713567839
7.12562814070352
7.76884422110553
7
6.51758793969849
7.13065326633166
8.2713567839196
7.65829145728643
6.9
7.74371859296482
7.60804020100502
7.31818181818182
7.53030303030303
7.05050505050505
7.30150753768844
7.77889447236181
6.73366834170854
7.235
7.96984924623116
6.49748743718593
7.20603015075377
7.26130653266332
7.09547738693467
7.48743718592965
7.195
8.08040201005025
7.12060301507538
6.4572864321608
7.52261306532663
7.87437185929648
7.07070707070707
6.77386934673367
6.55778894472362
7.26130653266332
7.21105527638191
7.96482412060301
7.75376884422111
6.321608040201
6.56060606060606
8.19597989949749
7.15075376884422
7.0251256281407
6.44221105527638
7.87437185929648
6.92
7.14572864321608
7.69849246231156
7.77889447236181
7.32663316582915
6.35678391959799
6.82412060301507
6.79899497487437
7.81
7.48241206030151
7.18592964824121
7.21212121212121
7.52525252525253
5.81725888324873
7.04060913705584
7.2964824120603
6.8894472361809
7.78894472361809
6.52261306532663
6.84848484848485
6.86934673366834
6.74371859296482
7.44221105527638
6.74874371859296
7.60606060606061
6.98492462311558
7.35678391959799
6.78894472361809
8.03015075376884
7.0251256281407
7.28140703517588
7.12562814070352
7.19191919191919
7.41206030150754
6.91457286432161
6.78894472361809
7.321608040201
7.46231155778894
7.15
6.46464646464646
6.66331658291457
7.15736040609137
7.47236180904523
7.7286432160804
7.49246231155779
6.62311557788945
8.08542713567839
7.02525252525253
7.40201005025126
7.35858585858586
7.71859296482412
7.61809045226131
6.19191919191919
8.09045226130653
7.97989949748744
6.33333333333333
7.33668341708543
7.32663316582915
7.01005025125628
7.23737373737374
6.85427135678392
7.1356783919598
6.15656565656566
7.2713567839196
7.04040404040404
7.65326633165829
7.09045226130653
7
6.72727272727273
6.84924623115578
7.18592964824121
7.1608040201005
7.52020202020202
7.66834170854271
7.4572864321608
6.46
7.64321608040201
7.73869346733668
6.28
7.49748743718593
7.38693467336683
7.23618090452261
7.22110552763819
7.17085427135678
7.31658291457286
7.72361809045226
7.12060301507538
7.49494949494949
6.64321608040201
