"n_200_d_15_tr_10_a_64x64_idx_2_p_flooding"
14.21
14.06
14.19
14.215
14.36
14.3
14.005
14.17
14.19
14.195
14.085
14.01
14.125
14.245
14.07
14.065
14.215
14.155
14.24
14.075
14.245
14.265
14.29
14.135
14.19
14.28
14.285
14.12
14.175
13.78
14.08
14.1
14.155
14.16
14.28
14.305
14.085
14.295
14.245
14.29
14.155
14.065
14
14.05
14.235
14.09
14.355
14.06
14.345
14.305
14.31
14.36
14.155
14.175
14.355
14.275
14.035
14.11
14.13
14.34
14.265
14.35
14.24
14.245
13.88
14.165
14.215
14.155
14.175
13.975
14.07
14.27
14.12
14.19
14.19
14.245
14.26
14.225
14.15
14.155
13.92
14.185
14.22
14.25
13.98
14.24
14.155
14.155
14.275
14.29
14.085
14.275
14.265
13.99
14.22
14.12
14.1
14.345
14.235
14.345
14.225
14.235
14.31
14.075
14.25
14.11
14.245
14.305
14.21
14.2
14.1
14.365
14.24
14.265
14.01
14.155
14.03
14.265
14.23
14.175
14.215
14.155
14.135
14.13
14.2
14.275
14.305
14.45
14.25
14.02
14.07
14.265
14.19
14.195
14.02
14.255
14.145
14.24
14.21
14.205
14.075
14.245
14.22
14.165
14.045
14.18
14.045
14.215
14.185
14.2
14.235
14.265
14.185
14.14
13.82
14.175
14.375
14.16
14.115
14.13
14.07
14.05
14.27
14.295
14.295
14.175
14.305
14.165
14.185
14.13
14.085
14.16
14.41
13.96
14.34
13.87
14.08
14.27
14.095
14.035
14.04
14.125
14.205
14.18
13.85
14.265
14.42
14.13
14.025
14.195
14.005
14.095
14.04
14.315
14.33
14.23
14.245
14.24
14.17
14.135
14.175
