"n_494_d_0_tr_20_a_250x250_idx_0_p_abba2"
0.0662099840299
0.067524009284295
0.07610699478123
0.064768035143038
0.062886597606984
0.066822879679572
0.063347827550067
0.064074267052848
0.066019196400504
0.072152612806704
0.067246952942801
0.07247291746774
0.065247197113698
0.074229067567239
0.066084686429303
0.069522095174978
0.065188781846289
0.067673152296257
0.062545730293952
0.066338342680282
0.067274764825013
0.066270968824137
0.070694661173805
0.068510567590713
0.06605724532361
0.064327740103112
0.070011746869083
0.064746657298528
0.068818628248774
0.067340409946802
0.067886217739701
0.067529332570846
0.064327339738734
0.062915653663028
0.070357106005295
0.063486210218461
0.063014446292663
0.065245941457828
0.071011543114229
0.065680483865361
0.0790132530606
0.076685616997057
0.067275728621272
0.065254151835659
0.069101504671334
0.066430971966895
0.066721203905213
0.065106264631508
0.073776103205222
0.065563836125518
0.065908280706204
0.06560441128315
0.066541978537602
0.067002507600341
0.063696355910161
0.066636026197397
0.066218865350561
0.066630905272319
0.073869732330257
0.065801074136558
0.064736991543096
0.065087411953433
0.064902227828179
0.064746951645712
0.066191942771056
0.066843359743619
0.068987151196918
0.073316991529257
0.066164564513654
0.066788528367783
0.069628188727057
0.067020993891793
0.072460068553602
0.067920950706921
0.066302491657107
0.069884856325351
0.068477411752221
0.069975611807632
0.070227914901355
0.065326148344301
0.063293891972088
0.066520894425818
0.067133815269959
0.065425205130407
0.067246791103017
0.066558080681429
0.067007665295723
0.067641416759156
0.06599321335677
0.066029016580857
0.069524758441094
0.069169635404441
0.066948101661004
0.066332799795068
0.068191138559227
0.069616156242495
0.069826612838042
0.067814196690025
0.066288327613148
0.072543688338854
0.061526110822641
0.07029543325893
0.071224917731272
0.065617435730846
0.06827912330662
0.063126835928553
0.068064244975664
0.06960640817311
0.062870519487185
0.068325563807809
0.06993332173639
0.066775141875099
0.06651060244896
0.066857958312842
0.063203198274474
0.072677026034278
0.071701838986772
0.073466758387971
0.063015199844148
0.067499985947987
0.065148564223537
0.067374441247044
0.070237543058328
0.062749354400064
0.062911004662424
0.06464101027057
0.063958655297893
0.067661961743637
0.082750217468717
0.06496084572116
0.065048374323221
0.066559157985112
0.067178779135846
0.066668365592167
0.064200471606461
0.067027864757446
0.070688804452162
0.065400298829946
0.067249100192127
0.081065640489789
0.068039158125071
0.08213626858064
0.068295868273284
0.06941862269964
0.063563370514418
0.076884021828373
0.066407523259838
0.069614242917193
0.069547637862376
0.067241026651089
0.065411739210015
0.068400216889596
0.078214727175383
0.070165408876013
0.069907516991806
0.063301674749897
0.074206320058666
0.077967503943768
0.069571692556289
0.077294782837352
0.068387381038365
0.070613003592612
0.07457726409792
0.076971152283976
0.076263914901756
0.071070182150953
0.059622312652656
0.072438419164263
0.063429422039347
0.075394967727811
0.074427464136648
0.061385234173134
0.079028165885626
0.066363418118613
0.079005477252405
0.078917710040245
0.074521836399032
0.062544481692918
0.075155001449691
0.077011519746004
0.077920738389786
0.067927408981248
0.066126218761078
0.077911361103965
0.066300771048654
0.078334581432693
0.067190079585667
0.068531066795387
0.068854019261877
0.070889073880101
0.067656042926501
0.072692608349074
0.076176825868354
0.077907165188995
0.076641741941192
0.072269927684936
0.067038366934606
0.074514739690681
0.064613455319544
0.067891701539914
0.075755753286634
0.07833222980236
0.065592867807865
0.069096289236991
0.068026986311766
0.068860698915062
0.077109813993076
0.076561353858723
0.064711982843343
0.064946370804317
0.068243246433154
0.069522959813593
0.068847440699787
0.076421980704505
0.078334592753856
0.073879748159927
0.06864758315012
0.066507336837889
0.076244152220199
0.068278758937974
0.070802300359456
0.069382408539958
0.06877996509657
0.07464564839198
0.065239312212036
0.063270309918609
0.074246976256084
0.064925521394034
0.061809546250767
0.075950623152204
0.068241803069019
0.07787595932607
0.074188005851946
0.077251529633004
0.07845191259432
0.077934859620902
0.074164487847541
0.071826591003202
0.072824311466211
0.076100208176553
0.077943554921777
0.077832080276196
0.061807688286572
0.078179509027187
0.065140401532704
0.074101270989948
0.063026788346352
0.061191698878427
0.062233463515525
0.063513247840594
0.063265139126612
0.081585164455563
0.065507440851089
0.076539957758748
0.065622869141738
0.069065113188882
0.076572550234848
0.071567800299359
0.06658505051234
0.072482919838742
0.063783595664215
0.064589339325189
0.066218539089031
0.070468694571156
0.062693998112621
0.065757299453561
0.066545901351545
0.066601397641248
0.070458524805337
0.063030034508059
0.070726094498046
0.073108337391306
0.066977212601495
0.078005577864476
0.069867238594382
0.06718696934934
0.064654072391469
0.067144894436115
0.067011339091654
0.066267901421627
0.067872635195766
0.067632216611445
0.066938272999305
0.069668700047228
0.06894672240326
0.076323856275251
0.068805871183695
0.068072016677764
0.067972145391732
0.073303091298125
0.07700749120168
0.069250694724769
0.067154700222377
0.066431301058302
0.065804254159739
0.078377700365006
0.077859503579241
0.077098384270829
0.078788994335729
0.078493064061134
0.078079481683497
0.077959089781844
0.077177232134418
0.07772096952184
0.078076685284064
0.073490067291678
0.077013802538184
0.075287612809425
0.077697076618313
0.068586624414417
0.067788004541467
0.065692418846107
0.067732791428736
0.065925730569123
0.066174485341957
0.0670519262154
0.062665254495398
0.067328914839527
0.069060672549941
0.070436042402853
0.064834017896254
0.082072834099407
0.081834929782681
0.070387011707935
0.067642703579843
0.067398448947212
0.069776166346285
0.071611576394508
0.075333670062278
0.073259587125952
0.07839736237645
0.07238982679858
0.070868333658524
0.074593416740473
0.076373362785041
0.077931018202326
0.072670152016735
0.078823532783233
0.079355123720989
0.078418871005753
0.078893043140671
0.073896620345994
0.075487467397354
0.063751310046026
0.07485963198623
0.074964520037771
0.074859632095819
0.076289718748454
0.077527733758152
0.076791920102586
0.066235532484228
0.07455283471609
0.076809336322145
0.077207664016782
0.072911565178909
0.074569264108609
0.074942000115435
0.062183934005558
0.066955112389142
0.066067796435829
0.061516690673269
0.075343649844743
0.068148299957632
0.072431889412941
0.072380427669785
0.067301448044987
0.072790489081161
0.06888099431707
0.07151164526546
0.07478284683179
0.076290847107315
0.076148977540365
0.077568235279622
0.075496364515478
0.075675039618879
0.078020440902536
0.077653432710242
0.074445342988061
0.065178997248498
0.075133557406601
0.075827016316474
0.076084336279209
0.076070634099721
0.076027842217594
0.075476819059965
0.06571468363391
0.06562948482156
0.067144916832305
0.067215027692192
0.068746457773074
0.068546123598664
0.067907561334021
0.068912652427274
0.067304819770544
0.066797341598937
0.070428715392519
0.075843463954679
0.075843463856052
0.076104351250176
0.075825482284266
0.078616478684916
0.075286384294058
0.075270830055903
0.072873020277519
0.076732966409783
0.076727280090884
0.067321471975666
0.077062225136058
0.075411664
0.077567814554849
0.076318453349772
0.077685854252719
0.077671868041527
0.077703277548307
0.078495680332894
0.077711832323036
0.073613471389777
0.078046327347455
0.078327523484553
0.071520789236492
0.071290176908371
0.066174252504976
0.076323851078531
0.077742230277753
0.07480038281365
0.075542626321503
0.0748288162547
0.07635991736904
0.074598416132828
0.076693554715441
0.074866055247505
0.075857737351667
0.077172874640574
0.076699796890068
0.077172999839832
0.067740816159603
0.074552731824501
0.076998000133457
0.077978875647664
0.078972664822224
0.078662735536537
0.077953602691075
0.078097407283108
0.078361101496777
0.077700164825779
0.077000710048972
0.07789424736183
0.078591255638713
0.077705218972261
0.077297832725199
0.077707952307323
0.077704930694944
0.058781699054742
0.076798518991911
0.076822943930558
0.075926749543797
0.076602393775461
0.075938004288064
0.07593816018973
0.075938124180899
0.078838088604212
0.076719280091056
0.077490676431549
0.077952937515328
0.077931292705579
0.07843271942202
0.078029145883108
0.059402123886435
0.069079427118079
0.078560767031885
0.076812632486482
0.069519485056665
0.077323833385646
0.077552498040257
0.077581528181935
0.077931680005533
0.078049945933469
0.076250866043532
0.077910081961503
0.078267497922156
0.073943599454436
0.074894018836716
0.074894017239096
0.075986490153058
0.077738208616934
0.076303353458849
0.076304735913779
0.074769008280447
0.078037522797039
0.075330608283735
0.074970719865967
0.074742960180906
0.076315994312697
0.075165616
"n_494_d_0_tr_20_a_250x250_idx_0_p_flooding"
0.080982240152844
0.08184092739872
0.079354748357309
0.082663219481118
0.08157596095381
0.082588219073605
0.082241225247181
0.082712980015572
0.08124628347503
0.079125716176651
0.082088389582675
0.078979199424113
0.082908236597706
0.078736600900177
0.082419714307375
0.081975709158821
0.082567986580325
0.081829096637083
0.081188605937181
0.08164560549675
0.082002009168813
0.081232684059592
0.081144024371896
0.082252442951209
0.082777290635482
0.082808495693891
0.080612959836986
0.08058439559832
0.082147087223485
0.083025503513906
0.081940028870802
0.080498869420911
0.082196570771076
0.081491794193761
0.08223188600775
0.082107548098529
0.081394289645786
0.082609133386347
0.081028305615025
0.081034430506199
0.081898755554907
0.08085079021687
0.081920997982709
0.08158930354158
0.082190860128184
0.081855548297876
0.082429899720537
0.082492941415434
0.080963237546286
0.08334566959205
0.082373637411653
0.082201995383862
0.082777349943286
0.082482638293642
0.082202384296464
0.082771205178613
0.082654316095254
0.082396611430782
0.080953254364298
0.081214785640001
0.082412235185832
0.081205000787203
0.082867283026916
0.081878124642049
0.081298087282726
0.081974721457007
0.083344135909486
0.079217161308205
0.082290158897151
0.082571850546446
0.081972895506797
0.08293826646691
0.081140306937378
0.082138412670411
0.081426645180244
0.082337430778559
0.081818564278093
0.082918985458853
0.082282757037089
0.082480529902643
0.081190427050743
0.082979653696834
0.082556750243095
0.082952698042654
0.082649995926085
0.082213664828135
0.082246513331115
0.082779701925599
0.082987767072387
0.083197368467938
0.082279508660505
0.081363441019194
0.082302351909804
0.083085624887153
0.081848733271249
0.081314315501574
0.081988623303605
0.083456375431675
0.081592174661509
0.083219948350307
0.080821733528463
0.08144137366952
0.082954198076437
0.081101646660297
0.081090631739005
0.081997356009791
0.081738977686956
0.081560817042493
0.080629765303653
0.082288615003819
0.081133115123601
0.081814056851067
0.082288069559157
0.082553419119677
0.082095839989945
0.080881844887445
0.082070275668153
0.081969104626941
0.08212644870104
0.081644881270913
0.081977136681032
0.081731750376392
0.082589869572992
0.080547954749814
0.081744319325399
0.080594996292538
0.079716128615664
0.082840266065468
0.081969524102595
0.082139090349714
0.081521686029147
0.080149900184709
0.082170417283504
0.081734720193809
0.082879772252561
0.082054066756536
0.081605246655422
0.082764175813578
0.07958085267058
0.081175095009553
0.081769693070885
0.081730397513396
0.082283842051962
0.082193496923906
0.081955001108667
0.082308840578876
0.082662167836905
0.082014940928495
0.082767804291683
0.082083776962366
0.082973462978903
0.08072826962667
0.077939626399659
0.08030324584456
0.082034899021142
0.07820452769738
0.076860272146665
0.079164567003244
0.078688821601301
0.078936743477445
0.078688748005667
0.079305692982291
0.077277808185919
0.07747182865236
0.079242326356669
0.079125917379518
0.078506794504479
0.079416465978831
0.078562761660471
0.079145925278191
0.080151944183298
0.080840522690125
0.078686931693326
0.079021310930191
0.078916461968993
0.078685238283125
0.078511044064757
0.080789514437644
0.078891418671285
0.07823605818772
0.077751295955208
0.08212903840358
0.081993395311203
0.077752827306203
0.08146873975757
0.078172156422759
0.081342241160644
0.08259809620055
0.081342608206312
0.082503988200367
0.081890794251024
0.082448881152821
0.079372425673112
0.07775280725131
0.078653145459395
0.082550081809765
0.081572600232295
0.082074351702233
0.081686898176631
0.081457962639927
0.07734219879852
0.07800660320282
0.078487534134555
0.080147701900745
0.080630155443681
0.082354242857842
0.078702883864391
0.078244112578309
0.082761593340729
0.082867809251685
0.082550542748691
0.082465096969469
0.082182295223712
0.078373331467548
0.078005091816923
0.081688035451787
0.082710870191679
0.082470443249264
0.077800896589821
0.082289798880515
0.08122302534479
0.081230398081083
0.082768882875291
0.078731252337637
0.082043996130524
0.082037724227885
0.080532079124915
0.082418942219965
0.081222880780083
0.079658728829149
0.078531491712887
0.077598023525756
0.078053994749877
0.078749108535569
0.078183416511428
0.077659843786935
0.07862345390845
0.078749844606452
0.078825175432572
0.077249366319494
0.080987277720115
0.080859442748632
0.081084778157647
0.08105002780132
0.080919620581734
0.081684106402997
0.081717830103985
0.0812335184016
0.080953215329384
0.082643388086802
0.082312304765402
0.081173907021083
0.082120685652987
0.07700373102038
0.081765829547527
0.081716481578353
0.077003732626316
0.082300759667597
0.081720641948935
0.081514445055093
0.082215054051713
0.08207139454453
0.081483090545166
0.081974976320732
0.081594308328248
0.082015929217585
0.081623224116536
0.083493678452564
0.082217705993677
0.081410065653785
0.081587198282634
0.082399436095749
0.081486203042508
0.082353940337542
0.081601071885529
0.081487889237493
0.081502452261379
0.08361669745522
0.081943844424969
0.083023182030924
0.082649051355698
0.081068080939334
0.081283023590416
0.082025699284133
0.08183147255484
0.079221411776025
0.081900402835353
0.082118266620018
0.082381349166189
0.081762803201148
0.077421649775601
0.082515192417393
0.081298502239574
0.082685172839952
0.080848687677424
0.078029041666819
0.077965746499229
0.077225651770536
0.07855113903265
0.078264769930639
0.077803006729132
0.077906289990362
0.077171411372495
0.077485557271214
0.077929100621188
0.078618816149247
0.078144625146267
0.078981997136927
0.077723815472407
0.082108351623833
0.082462314539475
0.081705054628719
0.081743198767791
0.081661065211103
0.082886283527795
0.081752939144288
0.081600642354215
0.081738617839967
0.081650915417278
0.081356882073865
0.082379171596865
0.081569011231774
0.081581573173084
0.081361892513797
0.08055385683872
0.080881857065388
0.081312384891022
0.080208734661251
0.077634522041821
0.078816045489143
0.078315128409336
0.078316488740881
0.07968620459797
0.077119735037711
0.077957152617858
0.077609964752647
0.078915406841038
0.079840108240463
0.078614640591972
0.078084633188383
0.078395150225911
0.07810509144644
0.077775357032809
0.080837395397441
0.077356282307779
0.077547094985852
0.077355147412506
0.077992949836137
0.077493554932593
0.076687683509923
0.080138400201788
0.078611801606961
0.078084805690591
0.077300445590595
0.07903334142488
0.077097163750762
0.077514722897524
0.081140018763983
0.080658491262679
0.080754462207891
0.0812692395439
0.077723419324065
0.080198636385772
0.080036108895227
0.079737307185227
0.08102370893323
0.07955632777696
0.081343742930378
0.079677574930104
0.079096325980945
0.078899122968556
0.078362367082598
0.077549106048096
0.077895427645812
0.078151696772893
0.077734793285236
0.077497883161961
0.078713806159753
0.07763398375758
0.077633607841362
0.078118628700485
0.077702779989625
0.077706620974112
0.078360035677367
0.077758316596215
0.081866850511939
0.081870274896992
0.081883067058694
0.081741959999621
0.077716289311426
0.081628443724907
0.082288568793449
0.081056593305791
0.081167450913097
0.082028683327694
0.080825341896757
0.078185706963115
0.078185165957003
0.077795318932179
0.077422752304457
0.078259697088179
0.077873992056529
0.07787536506073
0.078198794752769
0.078207875475787
0.076829424090884
0.077722076058773
0.07716693940999
0.077300080958755
0.077471675864347
0.077731803067287
0.077576940353477
0.07757684389368
0.077576829737162
0.078180741436589
0.077576824575564
0.078169558450132
0.078171095585054
0.078384217419747
0.078547601502732
0.078925306338371
0.078926105947726
0.078928763942513
0.078605034398276
0.077389523487366
0.077930234330627
0.077441254229838
0.078212935907449
0.07729896033207
0.076951482738445
0.077670762874663
0.077476478862786
0.077424599708817
0.078002275373939
0.077424625208877
0.076831632159603
0.077281938706412
0.077312752124208
0.078026240577769
0.078649067187251
0.078237284673334
0.077697366256399
0.078083624306513
0.078422691790519
0.077964489659743
0.077312752
0.077674855338092
0.078246174786852
0.077756098931048
0.077458424154521
0.077681671235885
0.077754919256205
0.077754435748817
0.077167514011891
0.077194007841303
0.077753603904095
0.07798087283505
0.077354814674279
0.077354808007052
0.077354824603692
0.078385156083977
0.076822064091056
0.077551088242298
0.078171738366155
0.077794492105528
0.078159507792048
0.077795714118381
0.07779715034609
0.078046081753656
0.078155807252565
0.077121116645855
0.078146543415889
0.077381606253352
0.077715408063094
0.077584337250215
0.077977233613801
0.07800633572935
0.077202257812831
0.077707726022106
0.077982099785161
0.077982919325861
0.077355574547118
0.077355578751546
0.078204877674749
0.077710236232527
0.077698665714555
0.07769828845526
0.077450037723374
0.077700212512749
0.077717763182538
0.077493826505451
0.07736898655952
0.077764668239385
0.076901424
"n_494_d_0_tr_20_a_250x250_idx_0_p_fullyAdaptive"
0.06334892091302
0.061159899498346
0.063695882978848
0.065259904905201
0.064170986125835
0.064123136397382
0.084418137031106
0.064504354887543
0.062524227823211
0.080658957009609
0.06591437685231
0.060793074449167
0.063970138759725
0.064103100788149
0.071165571053884
0.062792471458565
0.060336402885764
0.062521538335299
0.065496518906926
0.064342114953014
0.070482665244266
0.064136660850546
0.068261669246597
0.062848128048472
0.064199125156306
0.06435136211536
0.062097524681505
0.064251021633023
0.083948056344266
0.063478066784116
0.064696099642369
0.062611212293607
0.063374875235745
0.064093290546459
0.062696244036709
0.06562715270965
0.064727600726087
0.06289336447913
0.066498069307044
0.062751741651458
0.062761101471211
0.064683014720125
0.063153244385857
0.062561792485884
0.063410627122834
0.063245377374409
0.074926840476122
0.063846758572331
0.076003204615116
0.063363069886346
0.082835820724201
0.064657625888698
0.064743066131027
0.064791271951333
0.082876832900168
0.062856390900534
0.0624751287479
0.065482498875828
0.063895221235851
0.063213092367409
0.062711651164258
0.062859596957884
0.065138978524285
0.075614316293616
0.077866514721868
0.070111923415384
0.063839809994336
0.082266298965616
0.065464151252805
0.063950472958838
0.069907482656522
0.078202414126348
0.062572046792977
0.065383557062538
0.071652855422833
0.065501281353936
0.063623524965401
0.066251266491137
0.063279345837126
0.064190117767905
0.063573457798491
0.062420856415357
0.06427575434072
0.068313727330747
0.064091379878044
0.064234772027379
0.06376419758142
0.064221987510158
0.076751925728653
0.064201834557743
0.070390199051204
0.075492449457675
0.06336291162039
0.064476953811445
0.062709688543446
0.064255952537324
0.062284399508979
0.06271863647167
0.062977488875489
0.082286564016079
0.064106474633858
0.083669128234019
0.084178631898877
0.068364218919136
0.064025514812518
0.063868307496823
0.063269785446303
0.06195911198299
0.061960359673355
0.064268882547014
0.066380165635573
0.076654828596364
0.084176207442262
0.064836983307234
0.063717871222038
0.065797085245007
0.083567327904275
0.069032012558235
0.071378033005987
0.064951557213037
0.063186068297172
0.064173883637303
0.067167779978044
0.066005347969652
0.066193881857651
0.078225681082951
0.074729541923914
0.081887795235583
0.064072460195731
0.063194745419704
0.063362271063786
0.064560489903499
0.063117516947049
0.064035394182478
0.066828822481959
0.063823814591211
0.063654016872379
0.063820085996255
0.062484465627903
0.0644311163194
0.064645610337463
0.064796573595054
0.069264927680288
0.063612109079376
0.064564382625831
0.064393856890407
0.065842997215414
0.063511904307433
0.06386578366868
0.06587967752176
0.0639809172613
0.063072515320386
0.077609098463148
0.066559138104771
0.064605710717749
0.067022392505439
0.064836217135326
0.080925703154834
0.063665630880553
0.064363828125064
0.064684378980095
0.067829138258416
0.064585529894833
0.063889475231666
0.075136452243195
0.064170468209671
0.064246941313168
0.067854576111218
0.066740595771679
0.083851058731101
0.063778607829834
0.063369153045902
0.063787563252697
0.066073790552583
0.064227182311319
0.066641577321923
0.063320978669677
0.064392358642586
0.063322452587994
0.063415031908964
0.064681418714364
0.083415838677922
0.063326383425917
0.064736026859008
0.070264424138366
0.063510944262739
0.063314584648108
0.068387212273067
0.06331458383336
0.065501993212129
0.065795602493877
0.064539430126022
0.065413488545916
0.064377287906298
0.065596407590732
0.085471338456528
0.075487445575499
0.063894235799522
0.063658252208103
0.065049164319218
0.063795867461943
0.076797969416068
0.063838182678095
0.063850567327428
0.069677446351152
0.065069776474461
0.063873731515093
0.063855813876393
0.06397037752431
0.06486620006155
0.076521008271067
0.066049034099446
0.07502102295063
0.067756693577886
0.068505740963475
0.080070036148056
0.073489695803817
0.06541542702132
0.068164205439849
0.064839572390034
0.064053146386396
0.063461958056176
0.06770458359931
0.065554029837022
0.064618095109596
0.084374411219646
0.068033749243688
0.076542691588889
0.078221044301806
0.063295321155838
0.064293852725719
0.073841730021323
0.070150210380071
0.062818101811513
0.062990012762972
0.077575450582708
0.069819411972254
0.062783615722533
0.062680528796042
0.063237484815417
0.063370762718525
0.062257159290653
0.062696111889496
0.065141103239249
0.083263091484025
0.063031301072381
0.066686904948981
0.063031300512864
0.069523592532928
0.063781716131651
0.062932065956902
0.063063197947466
0.071452578570377
0.06863455451376
0.06192214251226
0.062997444030168
0.062426679712358
0.063261028900035
0.07312171485406
0.076847018134449
0.075750320879068
0.083047827986095
0.065896043524396
0.066536157103006
0.063075653448682
0.062272779998529
0.077311277930029
0.062272780370839
0.062756272445749
0.075906015039154
0.074780632690633
0.074984329666583
0.076877433923941
0.075642526934053
0.079671913769476
0.076422182689852
0.075570472243525
0.081172205653501
0.062552363381993
0.062121436913566
0.063035364440298
0.061919729554508
0.074822884126447
0.065713786632483
0.08089248413141
0.074576130299462
0.074324110006945
0.063862966250849
0.083413877804455
0.063613242285713
0.06352058179619
0.063669453210103
0.064154531876144
0.06311147034271
0.08340418920002
0.077857231157752
0.077261227457307
0.075462303359596
0.076038248577496
0.074979134094905
0.081220211296519
0.061611771355098
0.061512827240519
0.075584631393778
0.075928854364549
0.075310087425726
0.075264923198498
0.075307608761369
0.07025084696472
0.070978331097
0.071514669225629
0.070944580639086
0.071253919963901
0.07094238600118
0.071592391292416
0.07074925910576
0.07152614808929
0.071432465723595
0.071201581684287
0.071201226197858
0.070534455909161
0.070811307526237
0.070907037933096
0.069768478483885
0.070692673034592
0.07132062229615
0.071218564643276
0.0712700735035
0.070968286583075
0.071355799840026
0.07064179025025
0.070785792435048
0.070507596920333
0.070929251664738
0.071222012608403
0.07108838498582
0.070417220805918
0.070305424846324
0.070750952574581
0.070846785390353
0.070943548398747
0.070710447085785
0.07060276502059
0.070451625748159
0.071332209839367
0.071339707995651
0.071193739418183
0.071491011527011
0.071173479037509
0.070945007035708
0.071169907834374
0.071020688010603
0.071306201627614
0.070986814058498
0.070903783433993
0.070636064189187
0.070686496313771
0.070498320334424
0.070556346482379
0.071075864559339
0.070449809999986
0.070322443791438
0.070901266670137
0.070925769023601
0.070566960901685
0.070665160576154
0.070567349627415
0.07076101024322
0.070760268577049
0.070298572929093
0.070804498666113
0.070964375578131
0.070360093761216
0.070473944078088
0.070572887573303
0.07047277748003
0.070473924595895
0.069901344441672
0.069901342978728
0.070906846511525
0.070715361324763
0.070600528713519
0.070424433284691
0.070561865893949
0.070661790814923
0.070677912079015
0.071474726532614
0.071925003591455
0.071806971232484
0.070222739347289
0.070124171587135
0.070124165441099
0.071508392116383
0.071507631620035
0.071124998026339
0.071278740076578
0.071597019315375
0.071468849291957
0.070506879086008
0.070507640029303
0.070510747526209
0.071160134334246
0.071118042533471
0.070649422740688
0.070464022132054
0.069888609037888
0.071142751748308
0.07014008572546
0.07096449675073
0.070461943942623
0.070850649141458
0.070709068420094
0.07080647590804
0.070231764674071
0.070745412845515
0.070418249752919
0.071064252742028
0.070566765089067
0.070854181202669
0.070197355959932
0.070503206789675
0.070863794591586
0.07054854700541
0.070763827357459
0.070486678642605
0.070551592912816
0.070788231782114
0.070648021400659
0.07005520659961
0.070196752240403
0.069865933321424
0.070568989405081
0.070748960350878
0.069935120137817
0.070384256625638
0.070900476208366
0.070520395451614
0.070239634478836
0.070051724151622
0.070821703344506
0.070725989213317
0.071148446460494
0.070673835902233
0.070827923723818
0.070674998819029
0.070727931190898
0.070593764103333
0.071400725279764
0.070811956462415
0.070962133156484
0.07005188544079
0.070997160197333
0.070762355349106
0.070762095176226
0.070857935165911
0.070346164736759
0.070162313746996
0.070182085017238
0.070455457106301
0.070356870944371
0.069986952313895
0.06942156298265
0.069980061920101
0.069698129355681
0.070201817896823
0.0696006332564
0.069387148658252
0.069387144562812
0.06990938152704
0.070408497096527
0.06950655403495
0.069981887764419
0.070080339576898
0.069441547872349
0.069534486233323
0.069994305734605
0.069281347822277
0.069811324163483
0.070098859275471
0.0702155973363
0.070000095607427
0.069262216627934
0.069864752086135
0.069733995992265
0.069701596672567
0.069799930183558
0.069534648332906
0.069513586461428
0.069415777921463
0.069382640949971
0.069219136843387
0.069479371450499
0.069765493890317
0.068940016822718
"n_494_d_0_tr_20_a_250x250_idx_0_p_mprt2"
0.060076120775886
0.055272432058666
0.058774554192749
0.058191432037376
0.059430451383557
0.058684455538847
0.05872378435496
0.059800586843095
0.060714657724035
0.058428583962019
0.058341672755123
0.064294027953721
0.057495862218736
0.057435426534481
0.05868176447022
0.05893524693609
0.058781370894226
0.070838029357128
0.058380144375893
0.058752550223744
0.056479939096479
0.078034230001182
0.05846078925379
0.059384877994896
0.058256927061115
0.060148606713869
0.057612667137374
0.068971914592505
0.075190512
0.070666758110052
0.071242686526694
0.075689906644112
0.061792144725045
0.059363295995412
0.058790128548398
0.057685253130149
0.064453629520093
0.056794049717347
0.057500760801551
0.07269151844809
0.059628295753875
0.0712769899902
0.073056257816898
0.063990616151327
0.061397126833131
0.063432337595499
0.071635322379507
0.056600343686489
0.059430370851437
0.065181015286504
0.05788409969265
0.058525767640471
0.057417106014387
0.057841499471683
0.06301117715658
0.057267433450318
0.058639338655399
0.058989282230934
0.062408528863447
0.058740766977837
0.057488172547906
0.058420875143103
0.06330380284269
0.068227259534831
0.059056558319427
0.062213063636313
0.058679319019007
0.06353312300033
0.059942489586339
0.057465371860286
0.058537313502433
0.063538344093298
0.058083281352894
0.058260400443453
0.070352131654056
0.057962686756963
0.06142830569561
0.057323540322223
0.063016911058268
0.075197891782251
0.0660640712442
0.056525529414423
0.058171743819681
0.073367413934167
0.078411474030574
0.058214299465005
0.078039413721213
0.058055803643345
0.076380441779933
0.077653523571747
0.068656358143201
0.061720578473733
0.057586106920029
0.061571906937937
0.05805138269142
0.060292454668877
0.058148362882232
0.06050220702013
0.060676088119309
0.076344931697529
0.064458948864434
0.073555164607281
0.057854676234718
0.057219889329819
0.057546584706124
0.060106175033958
0.062420403220961
0.057585585062313
0.057336497024631
0.057507176142752
0.0619561787144
0.074786903355113
0.057746349597874
0.056485011993086
0.057412682432763
0.057263755233002
0.056099314926024
0.06308535856866
0.059799631548598
0.059546465864028
0.072095954532556
0.059564704793014
0.057521998850192
0.05855676870394
0.059055482040093
0.059317927428472
0.05809990950863
0.057498905092978
0.058089977344086
0.058888493529123
0.058401342032611
0.057839720176781
0.057867287122709
0.059188427388326
0.058351321820897
0.057099966681544
0.058337698329982
0.065957284586127
0.058981507096945
0.067308032580494
0.056890157271228
0.057379675046585
0.057747462900439
0.064434015418459
0.057980436932528
0.058813849465877
0.059265458428433
0.065145803175336
0.057961271369783
0.058369978300599
0.058243392743381
0.060145622632917
0.061113828593769
0.058327392378493
0.060749138366066
0.069624738374322
0.060358402228304
0.061347898419691
0.058618895895832
0.05821791342992
0.0576637732564
0.058463063425337
0.059753785130041
0.066536142048974
0.057510538834916
0.057571918189863
0.059745885571493
0.058833551164196
0.061501859714792
0.058794250384374
0.066463828961203
0.058653106013518
0.060380988147929
0.058552286100792
0.058544955286976
0.078299635478703
0.059092724886588
0.059590411695833
0.057456634312904
0.05744593595963
0.061892953702366
0.06202339985911
0.07639565221264
0.058491448715141
0.069726126865489
0.058571650089728
0.058125091574526
0.062059782267942
0.066053456846666
0.056463508825162
0.056695492263921
0.059486414849022
0.058955470442526
0.058641672182952
0.058236868645602
0.064674159873181
0.076171707172612
0.076200341425907
0.06024133130709
0.058488706422983
0.059012231554154
0.076120739764669
0.07111176408564
0.055763312382625
0.055787216167167
0.078190756785845
0.058316060638669
0.055787216102144
0.058006904742858
0.058418873842731
0.060770059691005
0.058391160817471
0.061086113506573
0.075904208235266
0.057934157877628
0.058522763993136
0.057948270606281
0.067221712463
0.05578721617762
0.057990287964474
0.075928690043551
0.05908361488501
0.060333115295564
0.07804613810131
0.057989454176695
0.058614427869721
0.064180259653787
0.056192208201497
0.058111160887324
0.056648532766402
0.057920300518157
0.056672853979433
0.061410407483249
0.056242160179439
0.057920298936441
0.065182100986179
0.058384419270793
0.056146800189282
0.058051212539802
0.059989448190931
0.058468127339577
0.075904208266328
0.074237947059236
0.061905530221863
0.058143639207208
0.072308777675311
0.056706495648399
0.058307550908315
0.058271411026807
0.063569307992711
0.058618874706853
0.058343674163835
0.074499234674295
0.07565256537138
0.073652279631212
0.072768844173945
0.058331399401613
0.058365426462588
0.055774062075753
0.063425750291492
0.05836155004978
0.058387955451898
0.058323824845681
0.066333407734872
0.057771898166417
0.057581270554872
0.057568485056595
0.061856356881163
0.059618096242665
0.070080022874564
0.058280573222089
0.059426469553267
0.072055889481472
0.07327544508036
0.075713750247162
0.065135578203174
0.057765372342033
0.061338349091415
0.064619641702252
0.05761631558457
0.058001377063808
0.058165198520617
0.057711799520411
0.059567919188344
0.057954452126786
0.076295111350201
0.07796036880194
0.056089679521282
0.073258786870975
0.067719103976196
0.057915980300754
0.057915979522315
0.075798987502382
0.065185608992201
0.058311950044181
0.057857289527029
0.057897282060003
0.075620081174764
0.075947725803476
0.075647931490374
0.07589461416149
0.075029993647581
0.05737734694971
0.057984808373989
0.059264095082503
0.075329627067048
0.061201435010826
0.058036728373247
0.070489562939461
0.055253456155008
0.055253456150448
0.061428895283487
0.060482426800371
0.074847016282636
0.069281216618894
0.060196571177529
0.067559263618683
0.05745331126843
0.059002100600538
0.07527188800684
0.061013901938094
0.062868095280832
0.062813960223472
0.057272256002299
0.057636867201669
0.057691301999729
0.072037536501195
0.075609486151771
0.075953522570694
0.075936213073472
0.056241520570103
0.055659794047682
0.056146153670025
0.055810310322004
0.076102976824336
0.073624953637617
0.056541619009658
0.063323317131571
0.055972694757191
0.075522322087802
0.075487574714845
0.065723420573177
0.062493052834895
0.069853638718718
0.065700186541956
0.075820858406492
0.060308522113802
0.075812208273288
0.076123933450783
0.055297817910293
0.055666224226929
0.075582512256735
0.057667431971447
0.057515081962814
0.057225510810511
0.057225896767925
0.075661766863614
0.075313185548962
0.057387222995459
0.067347164065955
0.055879507425076
0.068018209494519
0.055748755047168
0.064957463037389
0.058215357483233
0.058584866526834
0.063021500843012
0.072615530367347
0.056899328439038
0.075723440115136
0.075823602966012
0.076007403370735
0.073003968449557
0.059063216111686
0.076523267221719
0.056267524193102
0.07578178289296
0.056491097642597
0.059507596891714
0.07605262658235
0.063966370930447
0.069274982435121
0.075954147566587
0.056219248389773
0.05634769877022
0.056160657319137
0.075960756318704
0.075780720388542
0.055827632128702
0.059561546040303
0.059711723741979
0.058011914601109
0.061394474621872
0.075412048272484
0.058209130485761
0.058464147087785
0.057808931155699
0.06059080010247
0.056229040335703
0.075743920302662
0.075763281503454
0.075611804101472
0.075318512086036
0.076034173335412
0.055803632024564
0.055140720090884
0.055858900548233
0.05531553661971
0.069859831953738
0.055705424056181
0.075915989567897
0.056202396064174
0.071109141134774
0.055447376126894
0.055447376139099
0.055447376031842
0.075593041201387
0.055447376069805
0.056343422574995
0.075759455312438
0.065639825676935
0.075710128132097
0.055873424120615
0.076225209374295
0.056858235591578
0.056858235806513
0.0568582365922
0.076067482134987
0.07237620833207
0.05522744023438
0.05575524806966
0.056008146044197
0.074989456151256
0.076012794608446
0.055671696190754
0.055352048121429
0.055246864
0.075681904124208
0.075777205507037
0.069627056236233
0.056375221282917
0.055666320178201
0.07547614458191
0.056367891468305
0.055638704220769
0.075776880291184
0.055685296210588
0.055666320140572
0.055666320175071
0.071080913627422
0.07518657627752
0.075680112048831
0.056016048276328
0.0749986403123
0.056269398586927
0.0755745762133
0.055662832273632
0.076178484601471
0.055410992186955
0.055234224091056
0.055410992204691
0.055410992051182
0.075726064140212
0.076018429716593
0.056052857632162
0.074803609463895
0.056052850694577
0.056052850465043
0.07597298286911
0.076243223697752
0.05532545630912
0.075515664236286
0.05540584010437
0.075552945266366
0.056104978155743
0.055807248236028
0.07579880187681
0.056077558866132
0.075999967036903
0.056390265717268
0.07610355084477
0.0557472481592
0.0557468641013
0.0759395135106
0.055809040107505
0.056315291187739
0.075928736954014
0.075591920273547
0.075908722478458
0.075663152232185
0.056101680080738
0.05537784
0.07578065637365
0.055314224
