"n_494_d_0_tr_20_a_250x250_idx_0_p_abba2"
354.547909109
335.059766532
392.938785528
380.836589969
340.204279364
380.749520670001
381.930186521001
377.170388446
355.654309002
366.836575625
370.625066983
343.936612256
354.464869344
339.318601863
341.030266521
383.262530978001
331.852890003001
357.796774976
361.787488571001
365.223258324001
354.314016121001
385.411853865
362.393800018
369.909593999001
333.629536699
329.048052106001
340.643566758001
335.084204324001
333.805085283
331.850989762001
349.134091240002
301.507769723001
314.901319169
349.922064989
389.201158565001
395.500422573001
337.853445669
330.484619034001
387.630632267
358.634531407001
337.078101677001
385.978623761001
384.391479859001
333.581169732001
365.663312930002
359.258204261002
337.873754786001
359.637621665001
335.799845938
336.305025874001
367.718141460002
378.657569655001
338.561030713001
363.858220502001
363.264444151001
362.791895198002
350.165295976001
357.894930180001
331.188975751001
352.542523168001
354.577826682002
366.199912265001
354.767002334
353.098551448001
364.569779774001
352.917089629001
328.812905006002
338.143091042001
315.390761349001
396.825454712001
345.401637941002
363.351734170003
356.661945257001
374.934462150001
393.523969737002
372.034251406001
354.620707272
357.953484721001
344.162158248
378.678583793002
340.358065173001
348.378980166
354.206416867001
340.798345345002
358.212190369002
349.757811061002
312.517502560002
329.203613918001
416.566706411002
329.901123562001
345.371215993001
329.652847851001
389.702736153001
395.183077948001
397.810467492002
339.469592311001
374.139214165
348.508804285002
385.673430117002
327.927039704003
389.571268382003
351.709773925
371.667879155002
361.321882165001
369.367898262002
378.815429871002
341.437326958001
329.305136798002
334.472451950003
381.465674748002
357.305545336002
315.285151974001
334.642168527001
376.434580112003
338.394001222003
395.304301686002
298.949757540003
345.305623752001
355.694358335002
348.362802837002
416.705978748002
353.286721374001
332.338501822001
401.965873552001
348.433825211002
371.124538696003
350.421808155001
343.545197806002
381.611778178001
352.441515488003
381.900346381002
343.354379006001
364.266382790003
337.189883068001
335.424459435002
344.184307681003
372.069338738001
407.087201770002
330.287008183003
336.524276583004
349.093566140006
349.628520007002
350.193975390006
325.089484360003
352.822293051002
353.560252671002
363.130153490005
319.759662334004
386.937521993001
333.104573368999
371.534535652003
366.227957471001
353.689864402003
327.370043313003
351.291950653
345.582029154002
409.701000533001
355.172336756002
308.329409596002
350.411454477999
349.034694529003
361.647090723
353.897662217005
392.696270194001
407.258474293002
352.950128040003
335.570079196003
333.836962124003
392.420737132003
369.394424666002
358.938914709004
399.802179908001
326.312701175002
390.489713268003
345.007320894002
364.046394768003
352.826901063
315.224745418
390.264879077002
333.049311593001
399.281926048005
379.023987289003
357.596648900003
334.856420517003
317.331472706002
318.527881349002
357.877757141001
333.647033382
368.671472343003
342.965351367003
379.545845842003
309.364002005001
334.914291598
318.599988288003
382.687941495004
353.381861271004
385.662629213002
360.501864565002
428.887085513004
364.626627964
"n_494_d_0_tr_20_a_250x250_idx_0_p_flooding"
15.0406431590002
13.7286855950003
14.1766855950003
15.6488179390002
15.904681041
18.7207032110006
14.5607794620002
13.6968110530002
14.5607094660001
15.4247660470004
16.0007999340004
15.4567116040005
15.2327756570005
15.7766881350003
16.2246850370003
14.8807598860006
16.3207863840005
16.0008065540005
16.1927961790003
15.1366821780003
15.7767714770003
16.2246805410007
13.7286543150008
16.096684053001
13.6007270700009
14.3367708980007
17.1846941160005
14.6887924070009
16.7368004900004
16.8648139630001
16.2247052330011
16.4166819790008
14.6888209930012
13.9208023430006
14.5606805410008
14.2407865890011
15.3287032110008
18.0489033900013
14.4647893830001
15.4566833870007
15.7766850370011
13.9207937540009
16.0967777380012
15.5527975600007
15.7766881350012
16.5447193810015
15.2327994590005
14.3686819790014
15.7767102370006
15.9047084540012
15.5846842870009
14.0807952270006
14.4648091370012
15.0086734740009
16.3207931840006
16.8646805410013
17.7607102810011
15.104786170002
14.8166950540007
16.7687240110013
15.4566814620019
14.9127173680021
15.7768059440002
16.6407909340016
14.3686810410006
15.9048079760016
13.6006936160022
15.7767726890015
15.680808002001
14.7847289040008
14.4648060480019
15.4567484880026
13.6007179430013
17.5047109040012
17.9527090450016
18.7206833870022
16.8646813560009
14.5927993250012
14.4647911050004
15.7767191220017
14.5928142000038
15.456686117
14.3686805410006
15.4248073830008
16.2246967390018
14.0487102370024
16.6726844229999
15.8727337950015
14.6887938110005
14.240777408002
14.7847918210022
13.0567855510009
16.0007808960003
14.4648000910017
15.872805474002
14.8166819790028
18.2726814620011
17.1846937500018
15.6487842170012
14.8807859350022
19.680681356002
15.4566944310002
13.5048100990005
14.8167060470019
17.9527870400022
15.2327239380021
13.6007867660002
16.6726844230016
14.4648119410018
14.1766810410022
15.7766937500039
15.1366974150005
13.0568065540011
14.1447882860017
13.2806960090015
17.5046844230025
14.0487879830005
15.4566813560013
15.2327885140018
15.4567932490028
14.5927967220025
13.9207968660013
14.592629652002
17.1846810410017
21.9210350460024
14.1447793420024
15.552801569001
13.0567659140013
18.7206927090013
15.7766821780019
15.6488025070018
15.6486822770017
16.7368089330022
14.1447610600025
16.6727099090025
14.4966428560025
16.4166813560023
17.5046822770017
15.7767191220017
16.3526805410026
15.7767085450047
15.5527013110017
14.1446471740032
15.0087334660007
14.4647839529988
16.9926805410014
15.3607881340001
15.5527752400069
16.2246955210037
15.6487804339989
15.2327909340038
15.2327935100018
14.3686953520046
16.7688016620033
15.0407929189988
18.0806814620027
16.4168169610015
14.6887032110037
15.9686964240038
13.6968013010019
16.2246855950023
14.0486700420013
15.8727966520047
14.2726311360022
16.0967027870029
15.2328149080034
16.0967090450015
15.4247680200044
16.8647134450026
18.2726985160002
15.3287771560038
16.9607871620023
16.0007878710005
16.3208082210033
14.1446531370022
14.3686927090023
14.9128138960037
14.464813511001
13.280683129004
15.4567893800035
15.9046821780038
14.3687085450033
16.4166946350015
14.8168050920034
14.9129359810019
13.6967903780025
17.6966813560036
14.3686786319996
15.0086983400044
14.4647793460031
16.8967856870026
15.4566936160023
14.816683129002
16.8646819790048
16.768799287
16.5447071540044
15.9046829340035
14.3687090450015
20.6406829340047
15.1366810410032
"n_494_d_0_tr_20_a_250x250_idx_0_p_fullyAdaptive"
496.170388580001
337.073887807001
262.001330093
264.470607469
251.376120951
319.596726944
252.464040639
251.811983620001
451.636194036
360.747679619
328.398962184
259.844021068
381.940034279001
337.234389362
284.166176805
171.385911671001
268.983635921001
468.613501865001
259.512861791001
397.392979975001
228.330791192001
141.487015919
206.507495683001
227.102549797001
442.336628836
290.486134562001
191.292181536
342.087921406001
403.594528177
205.825863714001
298.463329362001
353.321695761
283.144947185001
200.460770424001
280.801902571
194.144699915001
316.747811285
246.016823433001
399.764301021
263.308910261001
326.887215510002
376.780464393001
410.554619032001
475.522445600001
477.299039236001
220.412525551001
363.134120695001
223.898391428001
211.620748695
350.709678784001
361.788705864002
406.953171350001
265.196958205001
387.226783588001
182.300856250001
372.511280858001
356.719903372001
334.996234554001
328.177997729
145.820765234001
356.052864497002
188.452220510003
472.500365587001
434.771013349001
397.781456127001
329.928565755001
231.673552096002
373.01701424
266.552868875001
338.459612734001
300.706707457001
229.283124177002
475.395998393001
347.793008330003
439.137649715001
216.896552639001
325.349319485001
195.132410186
434.097329924001
306.165004259002
142.510234381001
196.804167403
363.065412823001
364.110293659001
360.729412553001
429.176648262002
431.064351481
422.063437445001
404.202886878002
372.132263860003
284.991794649002
261.490716869
350.152636149002
359.506221091001
359.005611403001
275.991799349002
221.639881498001
251.180154422
232.581153672001
413.516205555002
208.858845196001
378.958413884002
304.414588414002
275.476689587002
440.734189893002
222.448742798003
287.695387723002
253.590523338001
389.656018624002
241.900845846002
227.074567800004
271.956876303001
450.552318601002
309.131756377003
455.877916657002
368.684468033003
411.192884093001
510.534695635002
213.688905795001
305.524928248003
441.642904900004
253.623902940003
388.053177968002
496.215922722001
198.535259547002
280.576144527002
182.528144527002
303.668344750003
328.427564906002
325.773015077003
232.392226594003
494.234988373002
334.904492901002
340.087997709002
373.579499853003
537.170488416002
238.375000747002
183.169294142003
437.749356701001
281.712190977002
219.269441703002
335.464452824002
217.213534220004
426.068620333002
335.100348125998
255.187820053003
437.672771260004
361.268372928002
407.580009291003
300.813391927999
434.403642745004
316.441008167001
242.421956438005
305.326698882002
201.550615201999
280.036678243004
335.241562684001
181.013251637005
247.968804680003
206.681874475002
275.232061501004
280.713201535001
217.179342305005
307.659876742001
187.802594945001
311.658235011002
305.624969256002
349.619708494004
276.742687186001
252.825885690005
352.904992552002
309.337365807004
389.287778563002
333.100412303004
443.484526080002
410.118626479004
392.158322394003
393.985349911002
295.921858273005
328.886564806002
214.850753844004
277.533630328001
160.586266131002
237.649483465002
249.166116412002
220.516121861003
344.692825897003
182.663887758
462.212421454002
458.485941584001
291.841125363003
273.150884912003
247.281181967001
434.386060257005
360.788980751003
322.142725608003
354.287851349003
259.762121849
237.457650055003
443.812199320004
"n_494_d_0_tr_20_a_250x250_idx_0_p_mprt2"
15.2008191580002
14.3368022010004
15.7448071080002
16.0648073210004
14.3368071080001
15.3288439050003
16.0008086740002
15.1048925390005
15.1048071080004
14.3368086740003
15.5528073210007
13.6967990460004
16.4168403640006
15.3288648600007
14.9767759150001
15.7447941390005
14.5608615330004
16.3847325580004
15.4247325580004
14.5608458270003
14.1448071080008
14.9767901830007
15.9688688790007
15.3288397220006
15.968847691
17.376849065001
15.8729134820002
17.056711327001
14.7847941390005
15.5527807380009
16.0967201720013
14.3368031910001
15.1048147730011
16.1927941390001
14.464818986001
16.8648621750007
15.4247941390002
14.3368155450005
15.648839722
16.192916016001
16.192794139001
16.0968528220007
13.9206887240011
16.4168359880001
15.0088354570004
14.7847992170016
15.968869721001
14.5607505470009
14.7847992170007
16.0966887240006
16.416868467001
13.0568021440007
14.6887113270013
15.3288555050004
14.016807681001
14.9127941390015
14.9128008740007
14.9127901830015
14.3367941390009
16.7368419940015
16.5127941390022
16.5127941390022
15.8727999890012
14.8808275890016
15.7448071080015
15.3288403640008
14.7848170050011
15.9688735710013
14.9768204520004
15.2008718850016
16.8648545480021
16.8327990460018
16.6088275889997
15.1048073210003
15.328827589002
15.9688275890009
14.336822623001
15.7768663930007
14.5608614860002
15.5528161660019
15.9602266650012
15.232800874001
14.880854677001
16.3207807380008
15.6488444520022
14.8808499710018
14.6568073209998
16.1928008740002
16.3847807380009
15.1048073210021
16.4082266650016
15.296802201
14.7848259890004
15.4248073210006
15.1048071080009
14.6567990460014
14.8808492520001
14.9768073210019
14.0168086740022
15.3288492520023
16.9608084910013
14.336825989
15.200864936002
15.648855120002
13.8248073210026
14.4648073210014
15.5208804330016
16.0648073210012
16.3849046670013
15.1047459560019
16.6002266650018
15.6167990460006
15.1047315950006
16.1928047470017
16.7368664400041
14.3368142750031
13.6967990460004
15.6488698430017
17.5048676830016
14.1447941390016
15.5846734190028
14.8808578530009
14.240727115002
14.1448191820022
17.0248985710018
15.3287271150031
15.9688643740008
15.5208766740014
14.7847941390022
14.4648096540028
13.6967990460022
14.6567990460014
15.968712680003
14.464799046003
14.7847990460033
14.2407129260036
15.8727990460008
15.3288659990025
15.1047990460018
16.2888770750023
15.4248071080012
14.8807129260007
14.7848125010022
15.2008419500049
14.8808575979977
14.0168022010023
15.4248086740019
14.784776826005
14.8808603440038
14.4648086739991
16.8648507340023
14.784807321
15.3288577290027
14.9767990460035
17.3768577289977
14.1446558650031
14.0168073210027
14.0168161660057
15.4247990460021
15.4247941390011
15.5528084910017
15.520867418001
15.7447990460042
14.8808507340021
14.6568084910008
15.1047990460036
15.104808491003
15.3288698430032
14.8807113270024
15.1048096540016
15.4248214990034
13.4727409070017
15.1048085950016
15.5208502310025
15.3287580050012
15.1048085950052
14.656808595003
14.4648372939997
16.2888551380043
14.5608403640018
13.6007409070054
15.8728060490034
15.2008748710024
15.5528060490013
15.8728073210028
16.2888500440026
14.6568161660028
14.6568073209998
14.8808563290039
15.6488507340029
15.8408458270038
15.6487113270032
14.0168142750028
16.3208204520018
16.0968753400041
15.0087201720055
15.5528060490013
14.9768204520022
15.2328191820033
14.6568073210034
