"n_494_d_0_tr_20_a_250x250_idx_0_p_abba2"
493
462
494
460
494
494
484
494
494
494
494
460
494
494
493
460
467
494
459
494
494
493
493
494
460
493
493
459
494
494
494
428
459
493
491
424
462
494
493
493
493
494
492
494
494
494
493
494
493
468
494
493
493
493
493
493
494
493
462
494
491
459
459
462
494
494
494
494
493
493
493
494
481
459
493
494
494
487
460
493
493
493
493
462
494
493
493
493
494
468
459
494
494
492
494
494
493
458
462
494
494
459
493
494
494
459
494
494
494
494
494
460
493
494
462
484
462
462
494
494
468
460
489
494
494
459
494
494
494
492
494
493
494
493
462
494
494
459
493
493
462
494
460
493
493
493
494
488
493
494
493
492
494
494
462
494
491
493
494
494
493
462
494
494
494
459
493
494
494
459
492
493
494
494
494
493
493
462
494
489
494
462
494
494
494
493
494
462
459
494
494
482
494
492
494
492
460
494
492
494
"n_494_d_0_tr_20_a_250x250_idx_0_p_flooding"
494
494
494
494
494
494
494
494
494
494
494
494
494
494
494
494
494
494
494
494
494
494
494
494
494
494
494
494
494
494
494
494
494
494
494
494
493
494
494
494
494
494
494
494
493
494
494
494
494
494
494
494
494
494
494
494
494
494
494
494
494
494
494
494
494
494
494
494
494
494
494
494
494
494
494
494
494
494
494
494
494
494
494
494
494
494
494
494
494
494
494
494
494
494
494
494
494
494
494
494
494
494
494
494
494
494
494
494
494
494
494
494
494
494
494
494
494
494
494
494
494
494
494
494
494
494
494
494
494
494
494
494
494
494
494
494
494
494
494
494
494
494
494
494
494
494
494
494
494
494
494
494
494
494
494
494
494
494
494
494
494
494
494
494
494
494
494
494
494
494
494
494
494
494
494
494
494
494
494
494
494
494
494
494
494
494
494
494
494
494
494
494
494
494
494
494
494
494
494
494
"n_494_d_0_tr_20_a_250x250_idx_0_p_fullyAdaptive"
494
494
494
494
494
493
494
453
494
494
494
494
494
494
494
494
494
494
494
494
494
494
494
494
494
486
494
494
494
494
494
494
494
494
494
494
494
494
494
494
493
494
494
494
494
494
494
494
494
494
494
494
494
494
494
494
494
494
494
494
493
494
494
494
494
494
494
494
494
494
494
494
494
494
494
494
494
494
494
494
451
494
494
494
494
493
494
494
494
494
494
494
494
494
494
493
494
494
451
494
494
494
494
494
494
460
494
494
494
494
494
494
494
494
460
494
494
494
494
494
493
494
494
494
494
494
494
494
494
494
494
494
494
494
494
493
494
494
494
494
494
494
494
494
494
494
494
494
494
494
493
494
494
494
494
493
494
494
494
453
494
494
494
494
494
494
494
494
494
451
494
494
494
494
494
494
494
494
494
494
494
494
451
494
494
494
494
494
494
494
494
494
494
494
494
494
494
494
494
494
"n_494_d_0_tr_20_a_250x250_idx_0_p_mprt2"
384
494
459
494
494
494
494
494
494
494
493
493
493
493
493
493
493
493
493
493
492
494
494
494
494
494
494
494
494
494
494
494
494
494
494
494
494
494
494
494
494
494
494
494
494
494
494
494
494
494
467
494
494
494
494
494
494
494
494
494
494
494
494
494
494
494
494
494
494
494
494
494
494
494
494
494
494
494
494
494
494
494
494
494
494
494
494
494
494
494
494
494
494
494
494
494
494
494
494
494
494
494
494
494
494
494
494
494
494
494
494
494
494
494
494
494
494
494
494
494
485
494
494
494
494
494
494
494
469
494
494
494
494
494
494
494
494
494
494
494
494
494
494
494
494
494
494
494
494
494
493
494
493
493
493
493
493
493
493
493
493
493
493
493
493
493
493
493
493
493
493
493
493
494
493
493
493
493
493
493
492
493
493
493
493
493
493
493
493
493
493
493
493
493
493
493
493
492
493
493
