"n_494_d_0_tr_20_a_250x250_idx_0_p_abba2"
277
248
279
240
288
284
267
275
278
273
268
246
281
279
271
247
242
277
241
275
286
270
276
272
245
271
275
248
286
274
279
212
245
275
267
207
253
278
271
274
272
279
268
275
280
280
273
275
275
257
275
276
282
278
277
271
276
272
244
278
278
242
233
242
271
279
279
279
278
275
275
277
265
243
282
275
283
266
245
277
279
273
272
249
281
277
275
280
280
254
236
274
278
263
278
274
275
241
243
284
286
242
276
275
277
245
276
274
288
269
278
242
281
274
248
267
251
248
273
276
258
247
276
281
281
243
274
277
270
282
282
272
277
278
244
278
278
238
276
281
256
276
237
280
277
271
276
280
279
274
277
268
271
279
244
274
279
280
276
273
277
246
274
276
281
238
274
273
274
242
274
277
286
277
279
273
275
250
276
272
280
243
271
279
284
277
287
245
242
275
278
269
278
267
280
278
249
280
273
282
"n_494_d_0_tr_20_a_250x250_idx_0_p_flooding"
494
494
494
494
494
494
494
494
494
494
494
494
494
494
494
494
494
494
494
494
494
494
494
494
494
494
494
494
494
494
494
494
494
494
494
494
493
494
494
494
494
494
494
494
493
494
494
494
494
494
494
494
494
494
494
494
494
494
494
494
494
494
494
494
494
494
494
494
494
494
494
494
494
494
494
494
494
494
494
494
494
494
494
494
494
494
494
494
494
494
494
494
494
494
494
494
494
494
494
494
494
494
494
494
494
494
494
494
494
494
494
494
494
494
494
494
494
494
494
494
494
494
494
494
494
494
494
494
494
494
494
494
494
494
494
494
494
494
494
494
494
494
494
494
494
494
494
494
494
494
494
494
494
494
494
494
494
494
494
494
494
494
494
494
494
494
494
494
494
494
494
494
494
494
494
494
494
494
494
494
494
494
494
494
494
494
494
494
494
494
494
494
494
494
494
494
494
494
494
494
"n_494_d_0_tr_20_a_250x250_idx_0_p_fullyAdaptive"
264
260
265
261
264
265
267
218
264
263
261
270
261
257
265
264
258
273
262
263
261
266
259
261
258
260
267
266
260
261
264
264
261
259
262
264
260
264
262
261
262
266
262
263
266
262
263
265
266
260
259
267
264
262
263
264
266
262
272
263
262
265
258
259
270
261
260
270
266
264
268
263
262
265
256
265
265
261
261
263
218
267
262
266
267
261
260
262
260
268
265
263
262
260
256
271
272
262
217
262
267
262
258
262
261
231
262
259
270
268
269
267
268
275
231
268
266
261
267
263
269
261
257
265
262
259
266
267
271
267
266
265
266
265
267
269
260
262
261
263
261
261
259
264
258
263
261
260
263
264
261
258
265
264
258
268
262
272
267
220
258
258
265
261
264
262
262
263
266
221
260
268
264
266
261
258
263
271
267
264
270
265
223
263
266
267
255
257
260
261
265
265
259
268
266
259
273
276
264
270
"n_494_d_0_tr_20_a_250x250_idx_0_p_mprt2"
70
139
124
142
140
139
140
145
143
146
142
143
147
149
148
155
148
150
147
154
154
148
148
150
148
156
146
147
144
147
145
145
147
142
147
149
155
149
144
150
145
149
145
149
148
144
150
145
148
148
137
148
143
150
157
145
147
147
144
150
154
156
153
146
153
143
156
147
152
155
157
154
147
152
146
145
149
145
147
142
147
152
150
149
154
147
147
155
156
149
149
146
148
148
153
153
150
151
156
152
148
145
146
151
149
148
147
154
148
151
149
153
150
149
144
152
157
148
149
144
145
154
145
147
162
145
146
154
137
147
147
152
148
150
150
147
161
150
152
155
148
148
146
152
154
145
153
155
144
147
152
151
146
148
142
151
147
149
145
148
147
151
150
145
144
153
151
145
151
142
151
142
143
143
136
140
155
140
143
147
141
153
143
154
146
148
142
142
146
146
149
146
145
144
145
142
148
141
144
148
