"n_492_d_0_tr_20_a_250x250_idx_0_p_abba2"
0.099925382885929
0.1013107318471
0.11903003905641
0.11127006975501
0.11013406997895
0.1061609301834
0.096902096980723
0.10003197285989
0.090688260549533
0.093529414454988
0.088639910403728
0.070672787763129
0.091138627842978
0.092798478759353
0.093371020726838
0.093903997013693
0.10087353686281
0.088845653411613
0.089753183928433
0.089681037132973
0.089682452954018
0.10113325203627
0.083837781470938
0.094246132958383
0.10201561893088
0.090962168040644
0.10569727542176
0.11696858718252
0.10194190921264
0.090272315744599
0.083825745573044
0.080461864108729
0.056380337497855
0.078043225586304
0.088962509811069
0.097470797576359
0.10136160785617
0.087421287688264
0.081544214481889
0.083697314751829
0.081797559548679
0.071718648937414
0.05537435998427
0.06250786355821
0.05030708978234
0.028629331884
0.056842877562844
0.053559401683055
0.046059760844995
0.0467639352357
0.04022978912326
0.048543880923755
0.032181068066085
0.03417489392153
0.022819829710895
0.009465193483025
0.010854190624205
0.034426057286095
0.02412427682038
0.039992672002675
0.03509876290237
0.03641479629982
0.03516813378525
0.0330911745073
0.03543075871191
0.032105867078885
0.032816887757305
0.0313939817628
0.034976850454955
0.033757967114595
0.032736667480015
0.035084668767065
0.036664127770645
0.03254142891666
0.038000027016635
0.03440431831288
0.037093412085585
0.034010970426845
0.03487997371986
0.03526252298137
0.033175437775215
0.03355770663168
0.033952950295795
0.029824626796885
0.035692419432455
0.03147769295029
0.034560952625965
0.03420687554423
0.032364268006195
0.03312000804531
0.02907516962483
0.036025280971615
0.03279348000264
0.031973402963065
0.032426814175785
0.027625435553265
0.03401747458127
0.034497490553225
0.02842675712779
0.0306912444822
0.030623357536165
0.035521514934575
0.034983223735025
0.03302793504066
0.03379726244007
0.03230917769577
0.03202962667065
0.034167585940645
0.031866153333735
0.03173065459265
0.033920467815085
0.032643105812505
0.03672248247976
0.030356047262485
0.030260670530945
0.033556862016385
0.029459961792
0.0338167503881
0.03022827567008
0.033399272582105
0.03327927359323
0.03600991728045
0.030634640240055
0.03366025618628
0.03401851419769
0.03140138187545
0.03123199274649
0.02946085203789
0.031137944898845
0.032593185158655
0.032479952774595
0.03519659781311
0.035496231440125
0.034832907393405
0.035255698918655
0.034918696062015
0.03502162477638
0.03497522690084
0.03341954064042
0.034231003693655
0.04086280141192
0.04298770729423
0.03664394771322
0.03813503425037
0.03917493453791
0.034996365699275
0.040523955443315
0.039698827069925
0.04103663208997
0.037745079281195
0.037947941924885
0.039460590888855
0.03636659044988
0.036958453854825
0.030501324295165
0.02991685305618
0.030417641672805
0.031340448712595
0.0313669084443
0.03315775659245
0.03446286719212
0.033513405325365
0.034522994850425
0.034320925033205
0.034236634920395
0.0331507798143
0.03121153100085
0.03200601832503
0.032711968645345
0.030311521083805
0.03467936534443
0.033060140326405
0.033422327653325
0.03412782420635
0.03143027355473
0.0309482920698
0.03175670152793
0.029606560640275
0.02861192283291
0.031625778956725
0.029870723692535
0.01993258235477
0.02806598804897
0.03086390214201
0.02896121713043
0.03388142122456
0.032737184969565
0.032142748119125
0.03433219166975
0.03849834379124
0.034791147981675
0.032664843054175
0.028923350858815
0.031489658290345
0.029983944014905
0.02467518032549
0.033359459162375
0.03233960462249
0.029854095672885
0.031493380657555
0.03112287328669
0.03129045827049
0.02969547760263
0.03191460292517
0.038298291399515
0.033680051554095
0.03871891368334
0.0301146085052
0.030124186373895
0.0378578555184
0.02878831821972
0.03273840112576
0.023197529170935
0.02360089787111
0.024356045757275
0.03142834390539
0.03054780254813
0.0311646660792
0.02712002272635
0.02955271081576
0.028472680274875
0.034659284983735
0.030842916764875
0.03523615649105
0.032660696114755
0.03470879586143
0.03725697986261
0.035487954135035
0.032318861882005
0.032980658590335
0.03456989609549
0.033916557242385
0.03586076962046
0.027209283819785
0.028357255398725
0.03545357762848
0.034334667940585
0.03469687995404
0.036639280854225
0.03424368188804
0.03403112651282
0.02351271898465
0.02279422016747
0.025868206200175
0.033188918916715
0.02556935930647
0.031203374954335
0.027248846150565
0.02218366582903
0.027253624887835
0.023355364684595
0.02701558719702
0.02573147453385
0.016024721591855
0.030000615041705
0.03062437393597
0.032107749660645
0.02507377909575
0.027978799196105
0.03056988951051
0.025905076931545
0.02915411665343
0.02863651243385
0.01860683663612
0.0226714385383
0.02245041957632
0.0295896486826
0.02989585983873
0.01593789123607
0.014138159424165
0.02725813902406
0.028951821240985
0.02563993442911
0.024608660406015
0.029780805744575
0.02466731322246
0.023247826032055
0.025681903453545
0.02465205777388
0.026204008067665
0.023473607821965
0.016864821201665
0.023443130740405
0.02788308598997
0.027639175756425
0.01882175845292
0.015666344411065
0.016860635429705
0.013893380254405
0.02215803227737
0.021270098407145
0.016867859535545
0.02115173593205
0.02590976136181
0.023284472362375
0.02469573081099
0.026023277735405
0.024508286351975
0.026284119486645
0.02543646308446
0.020543112351945
0.020999957491715
0.020290264115455
0.02152040222959
0.02410358542847
0.025593252113545
0.02549303848894
0.026702811462445
0.025222534946175
0.02544440511084
0.024880048123945
0.024356416270445
0.013447719070105
0.02778284908683
0.02381816717876
0.024787266816055
0.024357060746625
0.028198649768935
0.0292557158938
0.023815526524545
0.025074886419585
0.02335508113464
0.025506982042155
0.0258120276513
0.02402314940846
0.02108322479428
0.024725852232055
0.02539424311132
0.02805097740885
0.020715511259175
0.022342419218
0.022881427968745
0.02262337691647
0.02128122514588
0.01965675535526
0.0209796927
0.02044506766076
0.020013051248255
0.020951298191885
0.02001978258773
0.01928421627673
0.01881949409267
0.01815197446339
0.028215298868645
0.026684622903485
0.022944375182075
0.022726016028435
0.02247926925137
0.018135328806715
0.018733559307505
0.018867984068305
0.019274230273075
0.022253888103025
0.02226804414411
0.021982733838715
0.021995833939275
0.021586992737705
0.021388886432995
0.01124082729481
0.020903363561245
0.020370020478985
0.020905417607445
0.02255043663526
0.02376149636806
0.025425948937545
0.021160289288965
0.02049565862228
0.021856273208225
0.021925778038985
0.019395601013045
0.02274768407274
0.02374214673129
0.019310690850965
0.018717527649965
0.01978229950448
0.019387028424945
0.018314497319685
0.02096484375138
0.02064402495352
0.019521029594415
0.020921833342925
0.02019224715639
0.01972454469885
0.01959454846157
0.017886684818625
0.02086913615123
0.021363775500245
0.019899508612135
0.022644284011005
0.020063259186775
0.021305267756385
0.02142498426724
0.024917416963095
0.019546913567815
0.01961768733985
0.023514655876385
0.018028431135235
0.01887986433975
0.019198130104675
0.018489212532495
0.01874290342866
0.01743992628288
0.016853336027495
0.01655361977664
0.018366732696295
0.01611089378309
0.01842543309281
0.019531111037885
0.02112834754684
0.020996913976485
0.021928285693065
0.02111123754775
0.02191857526658
0.021616264260655
0.02092872440963
0.01919146929382
0.021273291540965
0.020866062323705
0.020475002222195
0.018658265177315
0.018391486196245
0.02037510557465
0.020586858405495
0.019454903299115
0.021321656783185
0.019229500757745
0.01716943216536
0.017372648504815
0.01641684480075
0.017707484919475
0.020558636391135
0.021951657459825
0.01649534333801
0.018863980570095
0.01767703622043
0.021430198624275
0.017033673086975
0.00630633663758
0.043216441222815
0.029817929639175
0.018062995764955
0.01543714122391
0.016213045793125
0.016913338358755
0.0120088013301
0.01609489783413
0.01705143907729
0.014523313651175
0.016861900411975
0.015237410285695
0.01011055506332
0.01683895948116
0.01575298938102
0.016015666031725
0.00974651981598
0.01361724520366
0.016923118851315
0.01532035788682
0.012327900617675
0.013740669152395
0.014013479154735
0.01050476478932
0.01303700071486
0.014896088976775
0.01449938328578
0.005975738496545
0.00669811040582
0.009713164730545
0.00924622651788
0.01649699408991
0.015254493490565
0.0081815932144
0.015010912569445
0.01260899619052
0.018315682193305
0.01212695262852
0.00864527296914
0.008048944650875
0.006714209902365
0.01334242517238
0.00911197172985
0.008859173129675
0.014059863876515
0.011501482234
0.013117271187175
0.01406117147475
0.01027302528955
0.0103105185658
0.006366528
0.006361171645995
0.00543513623322
0.00288373065501
"n_492_d_0_tr_20_a_250x250_idx_0_p_adaptive-local"
0.13718561157044
0.10087612044084
0.11140256556896
0.1457707639251
0.12614906802802
0.10031047977042
0.098657532958643
0.11420078089359
0.096340802646518
0.099712151821343
0.1305691676021
0.1031672967223
0.099703981107038
0.095017625825123
0.098775998821068
0.099370003226173
0.12950576903023
0.12913909170543
0.097056749178763
0.096659518809528
0.10968788602644
0.11361647180207
0.10484854918765
0.11857115118688
0.11968997079359
0.13123801658593
0.11744884062917
0.089149144903089
0.11189158432776
0.11445147238814
0.14435535057176
0.080611542507259
0.10624203993997
0.13970615732574
0.099368544389549
0.12110537701573
0.11748368654739
0.12474940311176
0.115547994918
0.092033571071889
0.10285437073948
0.1147546180296
0.11508503606089
0.11501818052013
0.090643384959924
0.094509494729569
0.090671594773864
0.096002223232954
0.090950833888689
0.096717195514834
0.092407979585559
0.07691859077518
0.071781307846835
0.083590352663484
0.037501465063365
0.0390115286859
0.095873220293889
0.075162722313739
0.058196735162205
0.091210768871449
0.089471177708799
0.10761843956314
0.11046332235911
0.11562346653191
0.086834974813909
0.11897232639129
0.093645176489299
0.093243316384804
0.12246175508242
0.094307643119779
0.10260046376198
0.12746401584653
0.098740740970904
0.12063866069661
0.10090508509124
0.13434895877407
0.11425956950176
0.11213360624225
0.13378948155336
0.1261651991179
0.11295960026099
0.10601048915062
0.12198735613871
0.12719295915219
0.12891342948016
0.11853606093253
0.12295148728626
0.12890484735712
0.11634640159447
0.11466205308203
0.11141945668109
0.10572836801936
0.11569906150349
0.10972760551025
0.13474957708785
0.12855085109223
0.12990617270667
0.13731683974407
0.11260657456878
0.13238489797208
0.12513224832823
0.13293271187549
0.12304079362358
0.15090617295323
0.11767531802032
0.1241146106962
0.10945613070156
0.099895820686849
0.12148517921757
0.12423462214147
0.12934897173997
0.14821049390659
0.111871928432
0.12217281372359
0.1265133987493
0.13722509880908
0.14474297172159
0.11869348888404
0.13351098606837
0.11406559227573
0.097389614008959
0.11009001679497
0.11977497385546
0.10886799086052
0.13027256482251
0.14681844369519
0.1202221059482
0.11843748668486
0.11879548972005
0.10695239244533
0.11261117699491
0.12616861199158
0.090776626233144
0.14257180677032
0.12415152712793
0.12484116717987
0.11503261590905
0.12598542641724
0.12162054922792
0.11654873478621
0.12254563062011
0.11780890784629
0.096088278256029
0.12039606212579
0.10861061971915
0.11906894839681
0.13169073333796
0.11781839693206
0.11699903132806
0.12739144231423
0.11289735461478
0.10817390046653
0.12791483414711
0.13650978612657
0.12451426816881
0.11007322346178
0.11468149179744
0.11511037545422
0.11970116235667
0.12137093408184
0.1157937195298
0.12153613398068
0.11662037922386
0.10156673923583
0.11575466986512
0.11967986234565
0.12162218476432
0.12702997389367
0.10780143588004
0.10823814435093
0.10751236184612
0.10856342432629
0.084078479416994
0.11957230040727
0.10278961257787
0.13053496472853
0.12096809024289
0.13185028301722
0.14305760394805
0.15856086839197
0.13737496933914
0.13736919777887
0.14183088345966
0.12368132294103
0.13772061067086
0.13535292484091
0.11868714603017
0.11340573283128
0.1513381630213
0.15108489982041
0.14616855683947
0.15027771796652
0.14060729464478
0.11750797981224
0.11523102617692
0.084192792743199
0.12904238393393
0.10948724804496
0.11418114115221
0.11719079165014
0.1147528935893
0.11073258729935
0.12777142538919
0.14066323988057
0.1362833813465
0.13709574624018
0.13560219531955
0.13545775356042
0.14287789047574
0.14341437059562
0.14354463323875
0.14164114110898
0.14029532341723
0.15713921769094
0.14542000264561
0.13476450726439
0.13281263061546
0.1604216194619
0.13603979855179
0.11182166134308
0.10334236963374
0.11987356461504
0.12214429412413
0.12433956290619
0.11273143978017
0.14047472470925
0.1298102646459
0.12027141299794
0.11709535485745
0.12653386067225
0.1177916000163
0.05721569876254
0.10742368544564
0.1227344547281
0.094731844065759
0.091754410376474
0.11714438765241
0.097241478238619
0.11567505619905
0.082155399752214
0.074555338860069
0.056625402498005
0.04861003074202
0.099442313535324
0.093006570448819
0.092679784296694
0.092372689637819
0.082600009100214
0.12479256244181
0.12780513150522
0.10295080131385
0.11453574084018
0.11666581803274
0.11891635859778
0.12223512013825
0.11889769660705
0.12851744321396
0.11431018526067
0.099431270401159
0.05794321297618
0.10943793280029
0.10037639554666
0.0742109206064
0.087941183019119
0.079996298695589
0.062647610069209
0.070821026636529
0.084960887126529
0.076633606708614
0.084063455620894
0.098471183915879
0.090114689749529
0.084026237547619
0.085988010197249
0.090235762952024
0.092204643057604
0.082252590059734
0.079835168205974
0.095528518641188
0.088379843388323
0.089384163764613
0.091753688417848
0.092361819714808
0.087481800767918
0.092098652523338
0.084143142460679
0.055610578969185
0.097250576674003
0.089360100215194
0.077305794274294
0.087772753447999
0.082471760979149
0.085445481191273
0.095629329500413
0.092778220322063
0.096297173834083
0.10241370265382
0.092946086753373
0.073436047016839
0.090983352566393
0.094904605407798
0.094391874674068
0.10191794097998
0.089621743824129
0.10536940243439
0.10557035101961
0.093584262329848
0.089872743438198
0.097534523408943
0.093887378854288
0.10546118863099
0.083124062817259
0.087791840401829
0.082512936894884
0.080640852235589
0.087796654372954
0.093283934128194
0.090900357034748
0.089633816175373
0.10223891817875
0.087831861197138
0.085217537015229
0.085579498216429
0.075086869813379
0.090876450889944
0.089624847543194
0.083003339126339
0.071969489284354
0.088172696330748
0.095955351273559
0.086967878704774
0.082672527495829
0.082097610525018
0.075043066074219
0.079012234377694
0.081210029202329
0.063915386260649
0.088042346057584
0.093810890432124
0.079747600060044
0.086637442311069
0.088286472916609
0.083209897761924
0.074347915132319
0.072482662685034
0.069423026126514
0.070218977972164
0.072095608444064
0.060906584970504
0.071278253725239
0.067764457905509
0.081993693282144
0.079938260247564
0.081872882728969
0.079020964829119
0.071300798426769
0.02053384585682
0.06825810714711
0.07184188723734
0.06985333399141
0.074426277736339
0.06579093252191
0.081478353674674
0.082095782169069
0.077739066543899
0.097305765596883
0.088489115683969
0.094916274242264
0.094964198636119
0.088676556916904
0.06433884901597
0.089577872597049
0.087923290400033
0.096697605123618
0.11537060808386
0.093653965953663
0.097404501761293
0.10150628969822
0.096223126772753
0.092444711341108
0.096618810326423
0.1133726421878
0.092347616188183
0.10801470165829
0.090859798657358
0.083367855001499
0.05976090641903
0.081445028444184
0.10359492947885
0.095979509261643
0.10331696134094
0.12433124505164
0.090534597037398
0.10704160929117
0.11159901277653
0.092630652783358
0.10522346487799
0.10696496943902
0.096590039131928
0.10469512830144
0.087202705416854
0.088494965963699
0.094174353634714
0.098739177648228
0.10922509052435
0.10408730055355
0.089649794677768
0.060353750670755
0.10583553216769
0.10914358754901
0.085435076375798
0.085760003061798
0.088466963961594
0.10783196680185
0.093329939247238
0.11371391422548
0.090908973666153
0.10151631192013
0.11882108088041
0.096862269171383
0.10840911769556
0.095195809387643
0.1127908691265
0.11559362415948
0.11356115975645
0.096639152827789
0.081033948782559
0.079710596518184
0.092329821452594
0.078855794929749
0.081568006551709
0.082034348911399
0.06870415072554
0.077923628295154
0.06202304167778
0.081319178353019
0.11033547466684
0.10446477018684
0.11047380288066
0.1237675648792
0.098969257402023
0.10741686436563
0.098891335782028
0.091605601326023
0.104899689156
0.10357169318037
0.10185332205866
0.096559050198353
0.098769483403078
0.085420553108774
0.04731400832293
0.098119626880048
0.095881263813803
0.096712193142913
0.12802790479737
0.10302636138422
0.10585535612898
0.077484994957869
0.10017022022424
0.1169993491004
0.10218973888918
0.094818773573488
0.10644826562231
0.04320642804787
0.053593757784835
0.04988852133522
0.082641495143503
0.05662710368215
0.048916584336035
0.063144658211949
0.040156783726365
0.082482741575839
0.090231725192729
0.064264710387995
0.078653477094289
0.049491684520755
0.040551156091055
0.045582905484435
0.046700546323585
0.04365972393487
0.03505904953162
0.04180822490357
0.043594241112305
0.03421635274202
0.01557803640933
0.018025617285045
0.019226671471985
0.031921350600795
0.03211195695078
0.029661814022535
0.02794352870344
0.01046835876179
"n_492_d_0_tr_20_a_250x250_idx_0_p_flooding"
0.123687551076
0.12678225897062
0.12986238312378
0.12953829832621
0.13021076985032
0.13366878111774
0.13327538011147
0.13105306454887
0.13287669636599
0.13586591310121
0.12712525504583
0.11157442905972
0.13453764510034
0.13559691640241
0.13560636144789
0.1359349136799
0.14495861656289
0.12773220968762
0.13552758293273
0.13545889094477
0.13579192756146
0.14329509101417
0.13140142202145
0.11757621646069
0.11837403200765
0.13278317436691
0.11778450401496
0.089933505146894
0.11359527130493
0.11793689823309
0.14802098026048
0.080273674673464
0.10909954538117
0.14502097782078
0.097712978569444
0.12719744846955
0.12334619816021
0.12449079413367
0.11988225478876
0.11651003776275
0.096583437849224
0.11795325703346
0.1188899014239
0.11868623205987
0.089398853712284
0.10211644568281
0.098129421768384
0.095010707747349
0.089627896087504
0.094077554340549
0.091482896812264
0.077783012241225
0.069842899382295
0.083992981717074
0.038052038304205
0.040630747953945
0.096679481972999
0.077287639653359
0.06684649401023
0.089432522585654
0.089022123622379
0.10465558421167
0.10447417206311
0.10918616251201
0.087829148948329
0.11086484214898
0.092388512111494
0.091472365600714
0.11331338257388
0.092338069529659
0.10063232869133
0.11876602594149
0.093134565301994
0.1135877910887
0.10031493856266
0.12075200220875
0.11191175256538
0.10897238644346
0.12021788927627
0.11842244542999
0.11038837250946
0.099707009018999
0.13156654321423
0.12031814773296
0.12086826302816
0.12991552594051
0.12850143461862
0.11856509347786
0.12693158205709
0.12386198851756
0.12441563716582
0.098445400445489
0.12508647617039
0.12197795461598
0.124873211179
0.11879056905454
0.12930375284031
0.12997891133455
0.10725267671161
0.11941144786941
0.1173593540631
0.12472222635741
0.11530513370011
0.13098502045432
0.11995757823986
0.11876459836862
0.10400916744806
0.10619769896765
0.11789009022146
0.11750006014258
0.11416549645822
0.13038365262417
0.11058322631556
0.11561799168621
0.11656582164767
0.1261233396604
0.129682479762
0.11330634309796
0.11970729387099
0.10918370942002
0.093466299772614
0.10560049384629
0.11222718164685
0.10970071972128
0.12613695377493
0.12649796006956
0.10914382261796
0.11174957796491
0.11492309162288
0.10986193060866
0.10777152778509
0.1193227117963
0.086830457305934
0.14722383464821
0.14237111820841
0.14548971294298
0.14153168482943
0.11805417333893
0.11956719998041
0.1161722700833
0.13025091945665
0.12225496820656
0.10308471038825
0.12732046477237
0.12149826284737
0.14915043895502
0.14408440010753
0.14293535435174
0.14956670589749
0.14781830162536
0.14200751284307
0.13716151784913
0.14792218133115
0.15699781750962
0.14653936866535
0.13578391716126
0.14924632487317
0.13870942251128
0.14911615114932
0.15009822157818
0.14651742435804
0.1464581431962
0.14097524378716
0.13216966443407
0.14690420082601
0.14344984573403
0.14676650517015
0.14802399821148
0.13752521081762
0.12175716223485
0.11571100076106
0.1105262173226
0.092690409392054
0.12281068377669
0.10422578408119
0.16425401122977
0.15692754215072
0.16797668302136
0.17443673436808
0.18356446944027
0.16964380782251
0.17090662400562
0.17416478950238
0.14337475562254
0.14530710360144
0.16704545673821
0.15124071528336
0.14803711628724
0.16550010059836
0.17648291177355
0.17188867644859
0.16750892819167
0.17317455010384
0.14995473472204
0.14862678931528
0.096098560422484
0.14058183528554
0.13724022648393
0.1220269454468
0.12600930834046
0.12824989863689
0.11483904224972
0.12555764106712
0.16952659753192
0.16358263350732
0.16406906975642
0.16432808879002
0.16560098263512
0.16965376333928
0.16825880290716
0.17105486040322
0.16394863597047
0.16933372583703
0.17717610472311
0.17112465733285
0.16062542220626
0.16121142434157
0.16732414151721
0.16208140818317
0.13989946125301
0.13303708009829
0.1486020855895
0.15350028483376
0.15475762076176
0.14303226637268
0.16121719860982
0.16012830943118
0.15285845359921
0.1502619627789
0.15700154688685
0.14894774303891
0.06715421911533
0.14834065855793
0.15214258527527
0.10007660613594
0.096186443859884
0.12140560750474
0.10252451292478
0.11921834856594
0.091403178581619
0.083112446956344
0.067574466225705
0.057012946236935
0.10237173571022
0.098759080027724
0.098429085060334
0.095322960733969
0.087303133723674
0.12062860299567
0.12374108789632
0.10780165934256
0.11358396109879
0.11636730156397
0.11796407668556
0.12036137623211
0.11704793438309
0.14279430917804
0.11303586564118
0.10029928859326
0.068037977441289
0.10646554478811
0.10102426104521
0.077404226083185
0.092262632739484
0.085234021800224
0.072992250581179
0.088204778741434
0.095146927067044
0.083577986979019
0.084906113951844
0.1051702058603
0.094982703977514
0.088884339964764
0.087169410339154
0.10448813291566
0.10569085360764
0.10761531342992
0.11000849598348
0.11465644983889
0.11527204647689
0.11506696109466
0.10960788400616
0.11759123232298
0.1165176695444
0.11779136991206
0.11466396643144
0.068097839649265
0.12065745823108
0.092949124415559
0.083065153761034
0.096915450322959
0.083456649070834
0.11472431861777
0.11932774600782
0.10858816088228
0.12351311441008
0.12376369088682
0.11779616322826
0.099215584348184
0.11312500328029
0.12292001781337
0.12184638054216
0.11479333181301
0.10369364420256
0.12724646538031
0.12050823970202
0.1198403755405
0.11480452096346
0.13049798934211
0.12059497939716
0.13035472699179
0.10095084272693
0.095969234385474
0.098030628473184
0.089529357427984
0.093382831930124
0.099632497667014
0.11859955888772
0.11554912319742
0.12118403789851
0.11509061893689
0.11002320361693
0.11261423263166
0.10544709497344
0.10272353088525
0.10569083336348
0.11337216283502
0.075589354704374
0.098723551577789
0.098595938327324
0.098330323780524
0.11310910033422
0.11696205539406
0.10637816366813
0.10552684429904
0.097068334452364
0.095601911539994
0.094603306637864
0.10182564927817
0.086114204476504
0.093408261622964
0.094798174047819
0.11440536639726
0.10841284053198
0.10116875033559
0.098587795472599
0.096188093680769
0.097859130298574
0.094539592566369
0.098192157388804
0.095606068619249
0.088367409726844
0.086038957580939
0.087507476505984
0.084523369168089
0.082411183505194
0.026241049433155
0.079429254220684
0.084662724968379
0.080889919417249
0.083415306358419
0.076256160483344
0.089865441184959
0.093444034457619
0.089269998536764
0.10918282341564
0.098628013445469
0.10080259442295
0.11030743363421
0.10073823892523
0.071092579539549
0.099200420228579
0.12768524845882
0.13526333722966
0.13604944433443
0.13331805798021
0.14004850040471
0.14030563689344
0.14077060419973
0.13738032554619
0.13660151136477
0.12961373588095
0.13699603005999
0.13466742184758
0.13104180997354
0.096028822536504
0.06795887868242
0.094954817656064
0.14183031173505
0.13893012036587
0.1440056126219
0.13999090861937
0.12349735909976
0.13028273840481
0.14840353992422
0.13615525091228
0.1442829460565
0.14568260558119
0.13668912055023
0.14189343612498
0.096419493900289
0.10006900044549
0.096830804335869
0.14069079035889
0.12728599868441
0.14033775850879
0.13088177161786
0.070204723624599
0.11076298266908
0.11175677897285
0.12355041761608
0.1254826081049
0.12945922664845
0.10795295056867
0.13197709295825
0.10975881911709
0.13298368470534
0.13789948962644
0.11069193418378
0.14082610821732
0.14822902607885
0.13377682472723
0.11067672514764
0.14636968730168
0.13492083511031
0.11020304049023
0.11990363597128
0.092239069063884
0.1045695000793
0.091901715865694
0.094492757243479
0.093825426875634
0.079898395262349
0.090383086781514
0.071951828795129
0.093838377541284
0.10694923478984
0.1108134505007
0.11830394711104
0.13027470239511
0.13766988706574
0.13833157298755
0.13606705072561
0.13293933419118
0.1380053139839
0.13926389249528
0.13735934344778
0.13330837320781
0.13431885208342
0.098144027816844
0.056504745806275
0.13469449689575
0.13469912685821
0.13582130390724
0.12800120644544
0.12941353536286
0.13034407639083
0.088845725737149
0.1302961102184
0.12936496238121
0.13450093229056
0.13136665680526
0.12864155963608
0.05280015239963
0.06238530374992
0.0582184734348
0.10126252401227
0.06323823922574
0.05755535425737
0.068590592263984
0.050295159821965
0.083029147219329
0.089304576735369
0.06446020413162
0.02041805016761
0.023593640761335
0.02306496709753
0.086904201479264
0.065400697560495
0.05632905703788
0.055380861009215
0.04983469720516
0.056701750492
0.054194284148815
0.05280005748799
0.05451739442437
0.04334527927696
0.03326286100113
0.03298574775409
0.03053384529088
0.029344077469725
0.012818836183315
"n_492_d_0_tr_20_a_250x250_idx_0_p_mprt2"
0.05044199690186
0.04761453768073
0.04083176614207
0.060271598559349
0.073846616619044
0.085593940604844
0.063308349072434
0.04766693019199
0.040810000723645
0.059165895705294
0.077553564950709
0.082965993165034
0.04583512494038
0.03887692962554
0.058503367174659
0.058627048456289
0.049459812989845
0.058897990987465
0.057518259113664
0.076087577302829
0.063732463639159
0.04465552323464
0.084313993447619
0.054523830210879
0.073030166075419
0.082467067763939
0.081604247091844
0.060818334530589
0.040941449921525
0.04020875275018
0.076207698449689
0.075627848267439
0.075420879674834
0.043102584338295
0.038759372090665
0.053590997951779
0.082196078967099
0.057924250628544
0.065016143171059
0.051462590404384
0.076010760045429
0.04122724641547
0.046976840199875
0.05125244674132
0.074510585988249
0.03935673733577
0.077434092810084
0.058219849538969
0.076318266485174
0.065984224408394
0.05490070947477
0.087851764478064
0.077660001320324
0.062477195100044
0.074096103461099
0.06318669089431
0.071395242854684
0.076896976559919
0.05964170132606
0.05215609082801
0.063339362694109
0.04667878563248
0.048331421863895
0.04396799374327
0.089624931968853
0.069163580132224
0.086693066997333
0.057313879807469
0.064628139980744
0.077912661588264
0.063533006931679
0.041732193058385
0.040995771418015
0.077505841095019
0.070791605551529
0.052439589432464
0.065488710233879
0.058450050258779
0.065202699435069
0.050732636134565
0.075321603352429
0.047280440689465
0.074798293239349
0.04861958508153
0.060617952478404
0.079126552744324
0.04924729372288
0.04914133797286
0.04038151773603
0.065652388061999
0.061718586488554
0.045719808296965
0.038722430878775
0.028858443314505
0.090038448037989
0.04417018728645
0.079875544853454
0.067091332895589
0.077864641993659
0.077748053483369
0.050305667263845
0.076236415893484
0.078458321749159
0.06130970447724
0.12955998577991
0.0517299778044
0.074032670499124
0.12466448057254
0.1193649671125
0.062335816917069
0.12001624329341
0.11912868429483
0.12075057399477
0.10397644328891
0.06236229343861
0.10273411190165
0.12179549170282
0.075387970555624
0.074324949718379
0.1099456476637
0.049165513000815
0.10196983215635
0.11578543801283
0.10641074741074
0.10428040553161
0.096415172270298
0.10983080821061
0.11945710794352
0.11522268023371
0.098200928251453
0.13359641904777
0.04923573029455
0.11931485688603
0.096088672476649
0.11476930359703
0.097505418202848
0.045134548766155
0.091296523448823
0.10942101955179
0.11304760572835
0.043654474802445
0.11216762902296
0.093283477658938
0.057552825668054
0.051556017627255
0.12461380594349
0.062244259911785
0.091962425882618
0.120798442936
0.11543812705457
0.11455946034359
0.04487455878101
0.072180208526114
0.071273866143339
0.052355832133199
0.11620468296705
0.11588289595424
0.11418823718705
0.11401442284994
0.03672140475421
0.0396384481474
0.12238569494606
0.096223427087533
0.062700211338644
0.063550960120429
0.11528960764395
0.11082289222575
0.092233357919249
0.10586277168294
0.061081479850919
0.094118185900898
0.098090497891158
0.066377399721154
0.096047046993499
0.12166329328147
0.094704910899263
0.065068272078294
0.098125998087493
0.065474665536249
0.067281960884549
0.098414875836433
0.1003301302229
0.11818688832475
0.10286038371941
0.065417890626779
0.099401166355898
0.12609575883441
0.10377701522594
0.10271076227438
0.095257011792709
0.1167993340945
0.062717804026559
0.13777063041011
0.097560784344028
0.10419313826913
0.096802380020378
0.064464142743034
0.087812569297029
0.090007884456499
0.064281519140944
0.1032455115691
0.083490150031559
0.087314258542148
0.072281674633379
0.095712135323563
0.10496610831
0.11122925299787
0.12579846869281
0.10341053260393
0.097094329961548
0.097144979234133
0.052138677571715
0.094416459103404
0.099963626840429
0.12290585941531
0.087945303829104
0.10034583046229
0.1303237514809
0.10502258112226
0.074245402703514
0.067877693694049
0.067723493661814
0.097037701822733
0.10474499819696
0.092881567209098
0.047102314900445
0.098898811421703
0.1331933584403
0.13338900525023
0.10478893394817
0.068286217805334
0.058604918741214
0.089069055128583
0.080168824230779
0.024443241653225
0.04422538449175
0.085009587436104
0.089935024413988
0.090241422919798
0.082934782311374
0.089618724316614
0.093311024301913
0.083665964601869
0.088718269001694
0.086677392662464
0.085299655343729
0.082958334670654
0.081445053861739
0.086001313034518
0.021195082224425
0.080102550424389
0.075055741086459
0.018311732840865
0.075351197221394
0.081724945691464
0.083914595486094
0.074339387376659
0.071974943126074
0.083166454735859
0.041058133059245
0.067790916417859
0.074399201708444
0.072548575116934
0.089782848682493
0.070495659315384
0.082574257996539
0.067258855565599
0.03163596294319
0.082670435553324
0.080451340831899
0.074785181255149
0.070713926444689
0.082749370487784
0.039998431767975
0.072753489901094
0.073474601664939
0.078838409550989
0.079485635014699
0.01763355033251
0.067153228791434
0.087670069258699
0.040182582197725
0.071825482490799
0.077543216330209
0.079667732449279
0.03429591538045
0.03839284548602
0.037528101654505
0.050983614020905
0.074859365243439
0.082273823698724
0.088895583172499
0.077726319424134
0.081311085999464
0.072097581508779
0.077575945853354
0.075053959248314
0.070206600450154
0.068525709649964
0.081207094032089
0.044220031849695
0.082853173167839
0.04187889099285
0.077398766102584
0.038463290312005
0.080616864563304
0.04160357546657
0.039144409213225
0.088971315192029
0.05024731866993
0.034208763337435
0.05183607443848
0.056023320561909
0.04420721745793
0.04856726554676
0.040978604198325
0.061718256055319
0.056667744235434
0.043673226539525
0.053928241358609
0.03385184996215
0.063335611562785
0.02614380287205
0.031593422060875
0.02262257424516
0.04554660091514
0.0335342613649
0.033529790637125
0.047685882811385
0.05633901372921
0.03600202773044
0.10852201559492
0.04915732148765
0.081775764545749
0.084765091917869
0.04317574626585
0.088098147642359
0.079857758438099
0.047926048828025
0.074975154076304
0.045768087893945
0.087402835568564
0.084008896839064
0.04171791712323
0.079204725997964
0.086318561405139
0.072066008088124
0.084679283793684
0.083709595171479
0.088490394935149
0.04205481526001
0.090833539028289
0.054044374569675
0.069978935349919
0.075734185055909
0.10739866842781
0.10605750191744
0.11277152674582
0.15253178011766
0.071538663465814
0.065683040483379
0.027764830398675
0.13234633934022
0.069405917547704
0.13846128011718
0.13512776009378
0.12799454251873
0.13267568800766
0.13459779354726
0.13360192724208
0.10061668559146
0.12996410527122
0.13479585549613
0.13253225025763
0.13260588460047
0.02779011748075
0.02922958647331
0.14022875346476
0.088705946520864
0.10509405453047
0.1428917476562
0.072398736956124
0.10371392717648
0.130980900219
0.073834601478224
0.073560329970454
0.072315854969264
0.058032687035335
0.074232521826624
0.074547025383449
0.074394538346849
0.03665684071533
0.079012245679149
0.090805116081704
0.071071290269789
0.090980031173704
0.059466637829145
0.044373622718975
0.05901156331732
0.065310226959395
0.077374603851699
0.064382048338279
0.05259653032906
0.05741200574205
0.055372458845625
0.03333797307991
0.056812313277645
0.05974611232077
0.024028290956285
0.02311835778461
0.06489644196142
0.053996598865535
0.053980060272855
0.021811181787425
0.038330739132345
0.072689650045184
0.017280347500435
0.069932181244574
0.073556535185834
0.020518499527305
0.01452535183567
0.04551296997468
0.0145958421833
0.016915854817155
0.01757870408767
0.018137844661975
0.01899006372432
0.02467629613783
0.084656495972544
0.065655031522219
0.075956451850249
0.065132651189659
0.047685875668265
0.04358751037086
0.045762024987325
0.035982535992195
0.067103232725279
0.05128002239575
0.074796318674804
0.078496405654654
0.03720778191874
0.03483372172145
0.036967769947125
0.085576562965834
0.073191112283239
0.085289043338519
0.076040995435654
0.069253306582094
0.093379382088569
0.03916789900078
0.05676198517434
0.074968359324549
0.058049450523475
0.072766578041329
0.066904070553539
0.03472759192675
0.04311734452142
0.070078268400819
0.079037963642254
0.080214238794189
0.030990436065055
0.049752883130225
0.056167710051255
0.05777293936382
0.072861354824124
0.05517176066042
0.03489228135402
0.04631967446536
0.075748747422589
0.036057346228665
0.10086164923258
0.05930519252803
0.01106300221117
0.014746626385055
0.01600752133024
0.01214357939473
0.04039907918698
0.00998242592253
0.008047872280425
0.009370368280425
0.0216208636305
0.03842362550531
0.008180121875475
0.030846841640175
0.024668251622595
0.04895299552885
0.04342614158034
0.02807591623573
0.031195402451295
0.079268891266404
0.00692503036195
0.02022498708945
"n_492_d_0_tr_20_a_250x250_idx_0_p_adaptive-swsp"
0.13163736451887
0.096122322214838
0.10433213463985
0.12447245412698
0.12025256023311
0.087729641267898
0.085878301321598
0.11093567728354
0.082570452649498
0.084289214688508
0.12727424532774
0.084083747888379
0.086072457448513
0.080519285817988
0.085346115262878
0.086012369633663
0.11963437633763
0.12682898692185
0.084551886796703
0.084485279147588
0.10018346946605
0.10600214002561
0.093857845863349
0.1163193250236
0.11745410091023
0.1220960851416
0.11599471662926
0.085745512255914
0.11461184361969
0.11696046364371
0.10374764798624
0.076741950628199
0.10854837586051
0.10268639742118
0.098503943107229
0.11047372344168
0.10286728359219
0.1160774596483
0.10187648605098
0.084078223899544
0.099257442687239
0.10114603926398
0.10148021799419
0.10141261862516
0.086250874946129
0.096713420262099
0.087828878897399
0.096199173617964
0.090425072774659
0.094737200308034
0.093851683864784
0.077913822229154
0.06695197093066
0.082951560421554
0.036029784958745
0.037540809164835
0.095745812618574
0.071424831472644
0.055590089510425
0.090353126786199
0.087256613825344
0.10354629919051
0.10824899837391
0.11236273173207
0.084157091287269
0.11635175347187
0.090554507930564
0.090767835007549
0.11741259354875
0.091176947084739
0.098934008125624
0.1270273382832
0.093703693883749
0.11581251673636
0.099408335017229
0.13061906548812
0.11130868786675
0.11151314623702
0.1317103657033
0.1270603453514
0.10589021725481
0.1021695838864
0.1299919084958
0.12516259540498
0.12331873531153
0.1276227225297
0.12325558032015
0.13397517750721
0.12191536829458
0.11923220415687
0.1185818742896
0.10676330310665
0.12545260958478
0.1170338058713
0.13491413509762
0.13111702700371
0.12820314956514
0.14699395754851
0.10975459391915
0.13172225576766
0.12510940548829
0.13085253861044
0.12397975468523
0.14731715312024
0.11819935570707
0.11757153639041
0.1024788394646
0.10255583202506
0.13004678524767
0.12370837556602
0.12542929829871
0.14886432718472
0.11184430420922
0.12125784733735
0.13092919661565
0.13766009368105
0.14650265028692
0.12695596865389
0.13883948757229
0.11430495927936
0.094192089009854
0.10993767615934
0.11587779626683
0.10927551471053
0.1353858868255
0.14786633753482
0.12065261172884
0.1173408724219
0.11853515174142
0.10310422590356
0.11050801127696
0.123641180798
0.088935506613289
0.13929272741986
0.12664975407787
0.12925248346951
0.11973893106245
0.12628392525893
0.1181884314522
0.12413533342334
0.12029038489241
0.11654056258962
0.091751579601019
0.1193862931303
0.10544654296036
0.12547405606741
0.13179876701367
0.11887934381396
0.12240427827438
0.13086772039332
0.11512632769668
0.11240340641623
0.1297960865011
0.138761038248
0.12276441291603
0.11322268879972
0.12467626094437
0.11564840898276
0.12098796399046
0.11995656913382
0.11965137875453
0.11989083450711
0.11601594471496
0.10610753551682
0.11790969186467
0.1191975948257
0.11961141598966
0.12541118782856
0.10879544186234
0.10642372465575
0.10481540696432
0.11050923642693
0.085066975411134
0.1215625971547
0.099860824710919
0.12901937649066
0.12074592271452
0.13121047670394
0.14195420116263
0.1554101613057
0.13455545729474
0.13555094648306
0.13936046413911
0.11396089887925
0.13499225695148
0.12965860631022
0.11599402809187
0.10991432593145
0.14960480002981
0.14417370745396
0.14868733078607
0.1442760486724
0.147973486683
0.12216821999445
0.11961339031282
0.082977809434699
0.10903656070162
0.10839917041481
0.11224258442915
0.12231270092236
0.11626355563193
0.11099539598821
0.12530929412089
0.13533474134385
0.12492340307682
0.12974699350632
0.1296049865221
0.13232875460295
0.12879545090357
0.13644511674854
0.1364491924148
0.13379601555534
0.13390485911447
0.15114468001402
0.13648761382177
0.13140101671477
0.12171240100154
0.15364603121657
0.13061130448873
0.10953520292568
0.10282331245865
0.11942206094139
0.12104855614889
0.12396754316592
0.11283696388849
0.13229281183405
0.1285855459027
0.12065630690585
0.11626744631643
0.1250987535776
0.11793370215787
0.05400379468684
0.11432253356985
0.12187644574611
0.092711395281449
0.088613416858634
0.12047209470681
0.093031317234564
0.11940489536181
0.078168898494084
0.072334189526089
0.054151949060135
0.044986647954725
0.095182797653429
0.091049918856479
0.090454486136369
0.089484728450079
0.079776565958594
0.12524538150004
0.1226264159478
0.10512781882623
0.11558656931486
0.11844398571348
0.12008689159369
0.12025524320024
0.11928638218619
0.1205754736423
0.11140276432245
0.096113169538039
0.055335268512625
0.10936026904719
0.10057283834432
0.070734671233225
0.084396426811149
0.077572183370064
0.060449248096639
0.070710996315654
0.083425755029424
0.076468903726514
0.081031348395114
0.097236572356094
0.086506401222054
0.079427224326479
0.082162063724054
0.087419806422454
0.090205015162404
0.077568033637059
0.078940831371729
0.090939478860024
0.084251296146739
0.083906204571779
0.092031695160718
0.087362173417914
0.085010707801424
0.088106045139549
0.082248815154374
0.054294861961795
0.090582950678098
0.087356863136929
0.076614979028529
0.089397943692744
0.079459469809404
0.082850649098944
0.087545661290889
0.094765406548013
0.096453952074548
0.099109423232123
0.087146069728073
0.075769093025764
0.083539655315369
0.088840669182073
0.089210677531143
0.086561320166954
0.083383353141534
0.10211173413044
0.099715487743233
0.087452965229113
0.083213159600228
0.098921588105108
0.089711522523463
0.10150894443973
0.082862981115349
0.086845047082334
0.083413607436269
0.079823604141529
0.085848110129089
0.091281270292159
0.087173081393068
0.086990979792723
0.10107438647815
0.091365575297308
0.081929085071249
0.082473315530464
0.076473346783659
0.087609240587874
0.087976953216209
0.088452103401789
0.070366017928319
0.088186421384204
0.095547447596589
0.086366189164624
0.087739926790009
0.087334664970508
0.083377381361694
0.085305048457839
0.085040263914829
0.073380183962404
0.088861379933859
0.093329951547309
0.077880122914574
0.087541921568314
0.088136390213064
0.088209376553378
0.079535851930214
0.078335340398564
0.074606150086809
0.074442683945724
0.078088069199609
0.069750269524279
0.076385603294524
0.076071666837324
0.082425020765044
0.080440993174654
0.080733895549604
0.077954464758234
0.07015270058044
0.020469641570515
0.0665885964795
0.070441131945854
0.06798490627584
0.072623129402574
0.06098357880409
0.074678145939269
0.075760322669614
0.071989782276339
0.097171861855258
0.081858115453109
0.092228242269419
0.092156145865084
0.082982527465604
0.058652643157905
0.082641944484504
0.11133527284646
0.097381127038433
0.11104212789111
0.095288088108668
0.098911458697283
0.11527014331833
0.098340888085458
0.093891445225543
0.098364002456483
0.11375908095663
0.097768854972518
0.10908984162373
0.095008529593683
0.076894449796534
0.056207953016015
0.076037950830284
0.10328382098366
0.099156534222938
0.12105278454444
0.10948331807215
0.096365782761983
0.10869987489561
0.10940382186821
0.095720353093883
0.10638456737102
0.10322546258501
0.10563997408187
0.10573980290864
0.081640284338819
0.082338932648199
0.088359568902909
0.10174626673929
0.11304833328012
0.10539845095195
0.088653964164433
0.057072952532765
0.10429592036497
0.10590167094605
0.083517895122684
0.085165280806089
0.088949458954048
0.10080594890574
0.090261460505958
0.10670263145283
0.087905961444748
0.098797349964943
0.11550187514368
0.094294318066548
0.10107347994637
0.087095105602808
0.10937717044178
0.10860205818244
0.10734789129902
0.089420356494754
0.075416289962704
0.074300043599304
0.085514205242844
0.073579865754074
0.076156664800804
0.075896631991669
0.06330010725257
0.072843217826809
0.058150801262485
0.075309033217569
0.10571819140571
0.10377237301807
0.10894370376581
0.1242310674985
0.090841810163573
0.096581247648713
0.090781008916153
0.083377620853834
0.099044750096418
0.099278597132558
0.097456895997868
0.093057752527353
0.092704862865588
0.080143876204549
0.046445861523185
0.091313666103728
0.088248740940913
0.094254799083918
0.12342352018684
0.10215004032836
0.10621511754605
0.075475519055894
0.098271896937143
0.11197891748304
0.096751041469583
0.090257196657684
0.10091460579542
0.04260661945246
0.05300039039933
0.04969031079486
0.082484918083434
0.051664133043265
0.04771984701329
0.055300656175435
0.040019849850925
0.079469190545169
0.089904180453639
0.06485871304486
0.070727980312129
0.042180276297695
0.03586024713945
0.04471980794275
0.030544014947315
0.04669636104934
0.042793638843265
0.042070918532455
0.04292606707889
0.03427859259934
0.01537966175398
0.01816591176019
0.019089256379
0.030510149769845
0.030098870076
0.028311093499555
0.02659184721535
0.011272666208025
