"n_492_d_0_tr_20_a_250x250_idx_0_p_abba2"
137.556316697001
68.1134850600005
68.1374589510009
68.3623280940013
112.014546409
424.464138482
304.290272351
358.320429184
69.9345261350004
250.555888734
219.733708834001
77.4047463700009
308.959992632001
69.2841324380007
53.6199503750003
68.7075529940007
412.706890470001
90.2881493850005
98.6889088370004
104.339552724
91.1517321720012
82.6291563280002
349.393577153001
54.6184745620009
78.387801113001
475.852247647001
407.014844813001
87.1692713460011
89.7552899450007
103.786126149001
99.2891855790017
82.8439838390009
75.5050840230007
104.607498947001
79.600860428001
95.1848274600016
94.6250221760012
52.8870108800019
85.8215836630008
51.6736775230013
92.6314564260018
101.560873174002
393.185787737
96.2817789440003
381.334828238002
202.460330597001
70.5000903580011
88.1210428590009
84.9671988540006
93.9437486210011
63.2876222410008
82.7314418350014
54.1133119480008
138.764739783001
137.282217099001
86.0756753640022
111.739843944001
54.2878622850012
42.5483594570011
46.6237691770015
45.0638752270009
45.1179369500014
45.2832135560008
46.7513059900018
45.1957731740009
54.1896851970023
47.1498385049998
52.3596790730014
45.6584217030009
52.9535557100029
92.5818458710026
248.712498186
41.0223133330003
53.298606508001
40.2242469190011
91.8345768180018
46.1801820670011
52.7734868930008
40.5994180420013
408.254270526001
52.5047542720021
45.3596154220008
41.0620749100019
46.5978120480024
51.7386285120018
40.6548182540014
40.6557784930008
458.644478016001
349.891058719003
329.660400751003
388.816797664003
369.978641436001
354.149530091002
412.068172118001
488.578732988001
151.466350579003
443.221909906001
40.5931783950013
48.6006160510026
40.5175419980015
47.7845264750023
47.4204483810006
40.1322276130021
41.4690177000043
40.8848843890031
41.3752611410025
549.316947947002
565.746025931002
275.452571349001
497.919573028003
355.221447561004
265.968736086002
361.526536149002
317.766703754002
434.550830733002
469.832159690004
49.1731015040013
40.5231704870026
55.291547910004
45.8594106210022
47.6941828820046
44.1895293260011
419.917110302002
47.687225217004
214.053934734
48.0118179230047
190.221626913001
186.955737328002
40.7701225530026
157.037254117
330.056789986003
334.411408001003
53.3374925800061
60.536786709001
42.0463984549997
149.023515064002
584.190857803002
27.6283834000068
162.606540680002
727.869686282002
468.374810323002
417.544546840002
509.597928679003
61.0819889720027
46.7353782570008
53.7694253740035
48.6388227010011
85.2915122880056
55.2186081590023
365.384429895002
303.568807418003
67.1597409190028
337.976175424
68.2644784020034
60.5995418460026
47.5887020400059
61.8779496480037
39.1386711420019
43.3159631690039
89.4471500260003
611.980534026003
215.176251056004
401.243600152
340.993433874004
422.302287801003
389.183002686003
364.423699245002
645.146614928002
63.3057347590018
42.6589483670021
48.8054490200049
62.7216872250038
440.997606042
369.718222513004
357.548990464
458.116287436002
428.911523545004
520.156757949
643.205338415004
388.588412176002
575.525367079003
433.167283373002
557.934024504
476.512373697002
622.338760458003
640.032651782004
410.283594374004
608.424691346002
432.986208671004
160.067508668003
466.459695439003
442.320530719002
47.476172657003
422.831998526004
419.269465589004
431.360608102004
80.1736393320027
79.3243444580014
75.3114598910045
72.7673964780031
"n_492_d_0_tr_20_a_250x250_idx_0_p_adaptive-local"
7.04021625800078
24.4493001850001
24.0972548450005
31.2335364240006
26.3691701350002
7.13634535100116
19.1050468580007
29.9213998880008
27.009390101
22.2730402050004
28.4173547320012
21.9210544860005
29.0573300820007
28.8653512110004
28.0654380080003
34.7215245110011
21.0570444460005
23.6809712370007
24.641281778
26.7854734480011
652.936178682001
271.974212598001
378.100835344001
194.232737391
222.814099516001
251.031050741001
311.793481432001
276.506321154002
382.824916187
290.950665438001
565.964884981002
844.046622078001
772.101619319002
169.672192837001
363.304363356001
213.861503496001
357.961611772001
365.193086624001
354.653311700002
366.655371480002
385.143043110002
352.978563201003
378.363837227001
360.670545661002
314.808988926002
355.060168032002
580.986713161002
398.64713839
237.558914662001
239.196485994002
333.134620360003
340.124125332002
241.714551709
267.943680352001
241.660075460002
250.588153462001
253.747024458001
363.526356148
245.740744929002
383.016279036001
206.807664669002
349.353644453
363.960318798
375.507772555002
309.535885823001
343.869287260002
344.320596263001
379.600216532001
372.662193916002
371.030869145002
358.108653606003
312.503539528
326.883288180001
331.572645258001
318.258370565001
349.946105681003
339.880876708001
318.822983298
309.676693161002
347.003974947002
308.630898117002
334.669040948
324.836348095001
627.153000188002
466.597369955002
459.653954045002
481.711645094
462.077903613002
462.626748945002
472.279018815001
495.029119224002
492.329830733
481.988656198002
495.181670083001
504.580571535001
474.159135648003
485.805427192002
498.673551196001
344.982422203001
401.905710504002
384.355996827003
328.039606158001
342.329307590003
226.518538391002
214.849081096002
230.600599820004
193.503190927002
361.672763818001
295.433540739001
207.741587770004
220.008836579003
255.215897673001
220.908540374001
324.157956225003
247.394462125003
248.099724997003
229.124760309002
255.953904035001
218.191433183001
226.382251877004
230.955366331003
241.453036649002
227.652962993005
240.077987573002
226.224371158001
242.442775465005
410.304332677001
254.400756431004
335.678647954001
354.326453692
529.204577626004
351.527612943002
228.086511321003
530.530443966004
300.421125265
360.110929342003
564.009958567002
551.301951066005
316.774495196004
351.806877958001
498.850150617002
398.729394293003
324.941745126004
461.239972541001
460.168996263
612.121960358003
609.878887198
604.389603280005
617.251103706003
310.372574623003
635.465659318005
607.741577355004
139.339393137
100.483810733003
604.406538268002
521.759558335003
469.251842710005
459.584502021002
389.089296945002
347.771753627001
390.742502629003
362.936259985002
311.067488291002
387.979841345004
304.033108886003
365.041912075004
371.113971152003
320.354775028999
499.628508740006
387.867975966003
376.918400936003
343.983949572003
345.256616601002
337.095476621002
435.418947497002
356.640899930007
378.693614156003
369.774062726002
362.965477282003
369.153298905001
358.817717774006
361.116958403002
356.745799785003
381.776820344005
368.486933267
393.261291799004
363.363757803004
385.667319313001
358.950631948005
468.484396043003
445.599941443003
503.877715728002
361.938182400003
295.853269920006
349.068407233002
344.022393030006
100.875578561002
62.1118141130026
66.8980745100072
295.941289165004
"n_492_d_0_tr_20_a_250x250_idx_0_p_flooding"
7.04021625800078
24.4493001850001
24.0972548450005
31.2335364240006
26.3691701350002
7.13634535100116
19.1050468580007
29.9213998880008
27.009390101
22.2730402050004
28.4173547320012
21.9210544860005
29.0573300820007
28.8653512110004
28.0654380080003
34.7215245110011
21.0570444460005
23.6809712370007
24.641281778
26.7854734480011
30.7535345870011
26.145381280001
23.4572267270012
22.5612314060006
21.6972415270007
23.3292047850009
24.6411864110003
26.5613671570009
26.0492114670008
25.3772822630012
25.4732810170015
29.4093156910007
26.1772477880013
26.0172701280004
30.1453654020012
25.4732793250012
23.8732432380004
27.6812106680016
24.7690585940008
23.8732295010013
19.6490971650007
25.6332578430012
21.9212084159999
27.329281749001
24.2890765470012
22.657259343001
24.7693081280023
25.281260712001
21.2811379280016
19.4250903480011
20.8330922440023
22.8811735320011
26.0172572360009
22.0171486660004
23.1051910270015
23.5531607100032
24.0651650189996
27.745232589
23.3291174480019
26.5931789070013
23.9691779920026
23.9691684279997
19.5209152170008
22.8169856870011
27.6493727240013
25.4092245660011
21.3770545720013
25.6011522390001
25.9212458750007
23.1052487560017
25.3775064180015
23.5532786800015
24.1931238950013
16.2888909370018
16.8649269490011
16.8328284460024
19.2329028970004
17.2808976640013
15.6488560330015
20.0648372600032
19.4568581220018
16.2248771710001
20.513121557002
23.8411253100033
16.9608204600031
22.5609503270014
24.9610375290015
29.2813073870004
25.2811845790024
27.0411895670026
29.793512550004
37.1218422920006
36.6737477380017
28.865293293002
34.7857344410016
29.2495036740021
31.6495769970011
32.5135073470015
31.6496846860019
31.1055113470022
23.4253501110029
25.2812623340013
26.9452697000023
25.0892644370015
34.8177634350026
33.729695854003
25.7292321310008
25.2811816910015
22.2410497110026
24.705237183003
25.1532512620027
28.0332733950015
25.4092419640024
22.3370751350025
20.641157582002
20.9291324240031
28.0014553570016
27.7454201010023
26.7854929330014
30.369586772002
33.8255968390015
30.0495983700024
22.6892299930022
29.2495706520022
24.5452591910009
27.8735629490043
27.4572521640017
30.5935251550054
33.7936222050033
32.1935759110019
22.0492565980024
22.4653154340011
37.5698487020024
38.1777652350017
41.1858756109993
30.0494883850035
26.1133739040034
26.7853303640031
23.9692153890019
23.2332180200032
20.833148861005
20.4170509630011
22.4652132440042
28.6732794700058
27.3612617060017
26.3373583730022
32.6735159760005
25.5371573570038
31.3293810300053
26.1133194470027
26.5932418820043
27.9054202290006
25.5053190400005
7.3602782840041
31.4576034720027
30.0175220010033
24.5131977530022
31.4255772319996
23.1371274200036
29.6652444920014
18.9130537450026
23.6811331390037
23.8731903970013
24.161287963004
23.297165443001
25.4090719640025
22.5930854950036
24.4170702030004
27.8733228210015
27.3613492860001
28.4173995360035
24.6411907950019
30.4654892460015
23.7451549010039
23.3291908000055
27.2332260600052
25.2812209930013
27.8092702879995
21.6012269050019
25.0572745540012
30.3374984920026
29.1534980080037
30.3376466700023
30.5614783460051
30.1454802150012
27.5534667040027
30.5615609370022
29.2495954730008
30.3375160400066
29.7934744670023
31.6494815370056
30.8815671660021
30.1454679309998
29.1534891840044
30.1454321860035
30.2413745110037
7.04026433800209
5.50427006299969
6.81625669800212
31.5854545360033
"n_492_d_0_tr_20_a_250x250_idx_0_p_mprt2"
4.64024849700095
8.41638940600031
8.64028949900053
6.14430217200113
6.14430048600045
7.04029189900091
5.95221635000076
6.36823445300028
5.8243292500002
6.91233342700048
8.0962455080007
7.45624874399997
6.49624705600083
6.04826508700018
7.13621921000129
27.2334655260007
21.3771173280008
21.473187273001
7.55236704400009
7.55237133900089
25.0966284670007
36.8979490590009
24.705317636001
24.8333829480005
23.6491296100017
20.5130577910015
25.6971861490003
32.1615951780014
31.1055647900007
30.881476348001
26.3693046510012
5.72826289500039
24.9292489690012
24.5451741980007
31.2334215880012
10.1763191110011
18.8810630260008
27.3293491660009
26.6892232050004
30.4654669370015
24.9292478920022
27.2973182720015
33.2815559500013
21.9211131680002
23.5531615820008
22.1450241230023
26.9132897340025
24.0013079289998
25.9211875610017
28.5133968920004
26.1452782810014
24.3854128400027
5.2802695240004
5.28026047700081
34.4655838880019
30.0174611800017
4.96027435000101
31.0095151990009
22.5612558030015
21.4730631020021
21.1531586470013
20.8330734180002
22.7851304580007
29.0573097400024
7.64833370900142
19.7769519620028
22.1450328560007
24.9611226080013
27.9693851910015
28.4173282300024
24.5452751560027
28.1933010340012
27.2333205110016
17.5048921400016
20.8329115910022
18.368833530003
20.9609601600018
20.3209399290003
18.6569268330015
19.9049143600032
18.8168951870029
17.6008882490013
20.6091005100024
23.8411025540017
15.3288304580013
19.7449702300041
22.8812020390006
23.5531696950009
25.3772249850019
23.1370670530016
2.91216050200305
2.59216032900156
4.32016074300101
24.1931763460013
3.23216089500278
6.68823086300208
31.4576250000016
35.2975793680006
31.2017648920015
37.4098414860029
31.4255935720027
4.54422378800068
26.6573264520016
2.91217191300142
2.91216985100284
3.45610016500331
3.55217173400035
3.23217421800237
3.23217552200283
2.91217681000333
2.91217930500309
27.105378723002
22.785329696001
21.8889403750016
24.0650645750016
21.7292118470027
28.3854579910017
30.9774533550016
3.68018006100179
3.7761837590029
3.77618360500165
3.45618361700062
26.2733010860039
7.36030623300366
26.0491718440008
4.32014236100287
21.2808950530032
43.6179761650024
36.7056260380032
30.6893266510002
23.1051618370017
26.4651430360026
24.9291450660039
4.64016167200398
3.68016120900094
7.55238495200317
22.1769332940021
20.3208571450055
8.96041869600239
20.1929037700026
20.4489198860038
24.769152481003
26.8492962030038
23.8412538490032
3.45618006799953
5.50417402900294
3.45618555400051
3.45619714400414
3.45617419700162
4.54409530500044
5.18417714600261
3.45617224100181
3.77617380200235
3.45617494600248
4.09618196000139
4.00015944100218
3.7761810390009
6.68835228600173
9.824430301002
10.1444675590017
8.41644680200204
10.1444410660037
24.9611438269994
27.2011420660014
22.5931353920004
7.36010291700495
23.9691069570007
7.7763712780019
8.09637060300261
9.08830588600296
6.91233841100214
23.4252489540019
4.64014696000348
26.8813756580037
28.7372068960003
24.0652365410057
26.6892200630018
26.1452179120027
26.561336181004
27.7772834900034
4.41620505400309
2.91215438400272
5.50431600199985
5.50420119800421
3.77620446400329
4.96025558400248
31.0735948840026
33.2815257560028
32.0975460440032
5.63218660200349
5.7282886940051
3.77618900000343
4.96027867099968
5.50426518400471
5.18426834000252
9.1843027000067
7.0402671290033
7.23226445000336
4.64025824600256
6.36825609700153
"n_492_d_0_tr_20_a_250x250_idx_0_p_adaptive-swsp"
7.04021625800078
24.4493001850001
24.0972548450005
31.2335364240006
26.3691701350002
7.13634535100116
19.1050468580007
29.9213998880008
27.009390101
22.2730402050004
28.4173547320012
21.9210544860005
29.0573300820007
28.8653512110004
28.0654380080003
34.7215245110011
21.0570444460005
23.6809712370007
24.641281778
26.7854734480011
423.218258978001
347.370700554
662.208372884001
414.099248241
300.297509372001
445.564137981001
555.223680621001
397.170213896001
341.757653664001
170.782301873001
591.532808378002
438.724389444001
277.682779330002
212.655818746001
312.876334949001
433.501114498002
395.862953913001
425.310288979001
384.970718810001
369.300711715001
351.027453620002
375.158410087002
384.090998897001
351.439632153001
383.551387086001
355.963708778001
461.250929962002
351.693234723001
235.733016714001
256.577397241001
269.857114674002
298.841448941003
247.253074706
265.891225051002
279.283060070002
238.413265174001
248.078329413
544.532819601001
242.148870226002
348.615656832001
363.588288222003
316.735888140002
400.698082866001
335.497707552001
249.636381729001
493.975796662003
442.535894298
251.141963508001
323.429596558002
440.513350779002
182.677370386003
193.924135680001
209.664684834001
247.768396646002
234.134361700002
244.435380835002
219.840790090002
243.204135322001
290.377371148001
202.543826595003
324.554350979001
306.764932225001
339.625406480002
280.907708123001
299.757024620003
489.473729723002
454.199505394001
454.957908138001
517.160746298002
494.705686368002
492.093795853002
370.463119030003
488.911644731001
500.569559873002
498.027265092002
470.499151636002
496.309157865001
498.658991192002
366.808852824002
378.002563255002
245.637952878003
354.358275631002
469.317388282002
235.817544445002
265.719752542003
495.366160461003
393.836240900002
380.617347131002
328.354627700003
234.887459321003
246.085738112003
250.149989504001
222.777240250004
336.559149979003
249.337121832003
237.821273103004
240.136670979002
232.867100756001
227.647770803003
241.395298664001
265.371882903004
240.090949352002
222.876900392002
238.416257578002
217.565291050999
280.830633046001
254.565330604002
225.738617469005
406.713462506001
373.783228527
313.315580903001
485.773075143001
248.903917620005
350.719002039003
359.521941282001
349.889219143002
653.173659360004
472.880599230006
310.942218620003
339.301033013001
464.174293070005
431.537891034001
367.808548743003
475.660508848001
457.274899251001
642.671512422002
586.359996523001
82.8229474250044
90.5117326020033
97.5850974830017
63.6277237980032
97.0515320760015
89.356465333001
73.7512039580039
606.821219345001
502.063773717005
493.528009297002
603.250452346
334.942359200006
373.569193548001
375.993242614005
345.914274546001
369.184717821
355.757704309003
355.822355403003
423.658887449005
377.549095857002
324.324211670003
476.541935891003
334.100657048001
462.981917752003
324.927782630006
557.825510007
492.104012295002
451.273193711003
312.955076032004
599.028191461002
474.892207833999
493.389332290004
346.742174027003
335.339779363004
338.857241912002
327.110447440003
496.723668226004
370.619403908002
325.852816302003
325.230709193004
344.968465112
321.692708719002
371.882974230004
335.008446505004
356.512281763003
328.823107819002
314.139950642005
207.593380168003
454.717763336003
85.4361120520046
66.0386271990028
62.7409606530023
246.427180976003
