"n_492_d_0_tr_20_a_250x250_idx_0_p_abba2"
59
51
51
51
69
283
209
284
50
246
257
49
394
51
51
51
289
53
51
53
52
53
262
46
51
392
286
53
53
56
53
53
53
53
53
53
53
43
53
43
53
53
360
53
393
310
52
53
53
53
52
53
43
53
53
53
53
43
43
43
43
43
43
43
43
43
43
43
43
43
53
122
43
43
43
52
43
43
43
275
43
43
43
43
43
43
43
333
220
256
281
258
275
284
480
74
448
44
44
44
44
44
44
44
44
44
462
473
362
369
356
449
386
283
287
454
44
33
44
44
44
43
376
44
122
44
119
126
43
120
430
281
43
43
43
119
447
32
122
480
459
436
440
45
45
45
45
53
45
458
270
45
273
45
45
45
45
33
33
50
482
122
355
436
477
328
486
471
45
45
45
45
487
274
476
488
481
350
491
471
463
474
482
485
487
439
276
483
274
92
274
275
46
481
275
354
51
51
49
49
"n_492_d_0_tr_20_a_250x250_idx_0_p_adaptive-local"
60
357
393
457
288
65
288
393
393
364
452
288
454
468
463
467
363
368
368
469
213
135
147
86
86
119
124
131
206
206
232
459
463
135
346
232
483
400
404
481
403
406
401
401
401
477
485
484
483
487
485
483
482
481
481
482
465
473
477
475
268
474
474
462
387
473
482
487
481
379
370
282
282
283
282
282
282
475
369
361
277
267
267
465
457
456
455
451
484
451
451
462
490
485
486
486
474
478
474
474
474
474
283
283
283
282
283
391
282
283
283
284
391
384
384
383
384
384
387
395
378
391
390
391
391
393
482
392
476
469
423
388
393
477
390
393
480
479
478
475
475
480
482
478
466
473
474
478
481
279
474
472
83
53
481
482
478
399
475
481
481
479
477
482
481
482
481
483
485
486
490
490
490
487
488
490
487
488
489
487
485
489
488
490
490
491
491
487
479
480
480
477
395
395
401
392
51
51
51
281
"n_492_d_0_tr_20_a_250x250_idx_0_p_flooding"
60
357
393
457
288
65
288
393
393
364
452
288
454
468
463
467
363
368
368
469
469
398
471
473
473
396
473
398
396
395
392
393
477
474
487
406
406
487
487
487
402
405
401
401
403
489
403
403
487
487
487
487
487
483
482
482
482
482
467
477
477
478
478
482
473
479
468
483
483
477
468
383
389
283
283
283
283
368
283
369
284
283
283
284
167
274
466
465
469
474
486
486
491
491
491
491
491
486
482
486
474
474
474
474
479
482
482
482
487
394
394
485
394
387
387
472
387
471
391
398
394
394
398
393
477
394
476
481
479
480
475
390
470
473
483
477
487
481
481
483
480
480
480
483
483
481
481
474
474
481
479
485
485
53
478
478
478
485
485
481
481
485
481
485
486
486
486
486
486
486
486
490
486
490
490
492
486
489
491
491
489
491
489
489
491
489
491
489
489
490
488
485
488
488
488
490
51
51
51
488
"n_492_d_0_tr_20_a_250x250_idx_0_p_mprt2"
49
65
56
61
63
61
63
65
64
64
64
64
59
65
64
323
254
256
71
70
323
377
182
343
264
164
284
363
359
281
275
50
182
268
286
70
285
469
469
384
372
395
359
348
357
359
365
378
436
380
378
459
50
50
449
457
50
444
362
443
445
439
443
366
56
270
465
391
403
398
376
373
376
264
271
264
247
281
271
284
166
280
272
284
167
271
371
357
346
360
34
34
44
380
44
44
474
470
467
466
466
45
384
43
33
35
34
33
35
34
35
382
391
354
350
386
360
380
44
44
44
44
363
53
346
42
271
390
391
280
279
279
258
44
44
55
269
252
85
258
241
477
480
474
48
48
48
48
48
48
48
47
47
46
46
46
47
54
64
63
63
65
467
477
467
63
475
64
54
53
52
482
46
484
484
469
394
471
481
459
47
46
51
47
47
47
486
484
485
50
50
46
49
50
49
50
51
51
51
52
"n_492_d_0_tr_20_a_250x250_idx_0_p_adaptive-swsp"
60
357
393
457
288
65
288
393
393
364
452
288
454
468
463
467
363
368
368
469
169
135
209
133
130
148
212
213
206
128
160
131
133
120
242
468
483
403
483
403
403
401
399
400
400
472
482
483
478
485
486
482
478
475
481
480
481
477
476
475
365
474
476
358
280
472
486
476
481
368
261
260
281
282
282
282
281
366
279
367
277
277
277
167
274
456
456
462
471
485
462
286
490
485
486
485
474
478
478
475
283
474
479
283
283
478
483
387
283
284
282
284
391
384
384
384
384
384
388
391
391
391
394
390
391
394
394
392
476
467
331
474
391
392
390
388
479
475
475
476
474
478
477
475
467
473
474
53
53
53
53
53
53
53
479
481
475
479
479
480
481
478
481
478
481
483
482
484
490
489
490
486
489
489
488
488
488
481
488
485
486
484
488
484
490
490
489
488
488
487
488
484
487
478
280
485
51
51
51
393
