"n_492_d_0_tr_20_a_250x250_idx_0_p_abba2"
35
29
29
26
40
150
95
153
23
127
116
26
179
25
25
26
141
28
24
27
23
27
128
22
25
197
145
27
26
29
27
27
28
27
27
26
27
19
27
15
26
25
170
26
207
143
25
26
25
25
24
31
19
26
28
30
25
18
16
19
16
16
16
18
18
17
18
20
20
17
27
63
19
20
20
25
18
19
20
147
21
17
17
18
17
18
18
148
104
127
143
128
139
145
236
42
213
18
19
17
19
17
18
17
17
17
223
233
184
178
179
218
185
149
152
216
19
13
20
21
22
19
176
22
52
19
52
55
15
52
214
153
17
18
18
49
207
10
49
241
232
208
214
19
20
19
21
27
21
217
141
21
144
22
20
20
19
14
12
23
257
53
185
225
258
147
261
227
20
22
20
19
250
140
238
252
249
188
271
237
225
249
256
238
257
225
137
247
139
52
144
140
19
236
150
176
25
28
22
22
"n_492_d_0_tr_20_a_250x250_idx_0_p_adaptive-local"
60
357
393
457
288
65
288
393
393
364
452
288
454
468
463
467
363
368
368
469
135
73
78
54
54
74
75
75
117
113
132
229
233
76
160
106
259
226
231
256
231
239
228
229
224
253
261
272
263
289
335
345
323
315
328
316
306
336
327
319
201
298
320
323
274
392
359
404
368
309
287
243
241
243
245
238
241
352
287
282
242
226
214
361
332
331
331
334
353
322
340
364
338
340
344
314
345
318
339
311
329
323
213
204
227
202
235
305
203
197
233
202
259
254
252
248
266
264
251
288
255
269
262
267
282
297
349
262
345
313
266
263
263
353
286
283
354
346
335
338
359
328
360
383
345
332
344
359
368
220
343
370
64
37
346
357
351
294
351
346
358
350
354
368
363
325
366
364
368
368
385
391
375
390
382
400
373
377
411
405
397
409
398
414
386
339
406
394
355
380
377
355
322
329
318
322
33
33
33
199
"n_492_d_0_tr_20_a_250x250_idx_0_p_flooding"
60
357
393
457
288
65
288
393
393
364
452
288
454
468
463
467
363
368
368
469
469
398
471
473
473
396
473
398
396
395
392
393
477
474
487
406
406
487
487
487
402
405
401
401
403
489
403
403
487
487
487
487
487
483
482
482
482
482
467
477
477
478
478
482
473
479
468
483
483
477
468
383
389
283
283
283
283
368
283
369
284
283
283
284
167
274
466
465
469
474
486
486
491
491
491
491
491
486
482
486
474
474
474
474
479
482
482
482
487
394
394
485
394
387
387
472
387
471
391
398
394
394
398
393
477
394
476
481
479
480
475
390
470
473
483
477
487
481
481
483
480
480
480
483
483
481
481
474
474
481
479
485
485
53
478
478
478
485
485
481
481
485
481
485
486
486
486
486
486
486
486
490
486
490
490
492
486
489
491
491
489
491
489
489
491
489
491
489
489
490
488
485
488
488
488
490
51
51
51
488
"n_492_d_0_tr_20_a_250x250_idx_0_p_mprt2"
41
50
37
41
51
50
41
38
41
41
42
42
36
40
40
229
175
152
40
40
216
278
148
249
209
136
206
285
250
196
214
35
139
201
210
48
241
371
380
342
307
318
287
279
270
288
315
287
339
274
301
358
25
25
340
342
23
333
260
313
320
295
286
243
25
193
390
316
330
313
303
281
291
206
211
203
197
221
198
214
135
238
217
234
122
217
262
247
237
239
6
6
17
253
17
10
362
338
331
357
324
13
292
12
4
6
4
4
4
4
4
303
301
250
255
284
257
303
34
35
35
36
281
40
274
33
221
297
296
199
214
212
200
33
41
44
181
162
67
182
161
379
354
331
40
38
39
41
42
37
41
40
38
37
38
39
44
45
50
49
52
52
376
373
365
51
374
48
48
47
47
365
20
333
339
323
289
330
336
302
20
16
22
19
18
18
376
390
397
44
43
41
44
40
42
41
42
42
46
45
"n_492_d_0_tr_20_a_250x250_idx_0_p_adaptive-swsp"
60
357
393
457
288
65
288
393
393
364
452
288
454
468
463
467
363
368
368
469
93
78
116
76
76
80
118
116
117
70
91
73
77
73
135
239
259
226
256
225
228
226
225
222
225
244
258
257
251
264
283
333
326
286
306
288
303
311
289
307
258
319
315
248
207
356
383
364
359
287
207
217
243
239
223
241
238
284
223
288
220
219
215
140
200
328
331
354
330
365
323
219
361
359
358
338
349
375
349
327
236
325
367
221
216
340
332
268
220
211
228
225
278
287
271
299
284
266
293
304
291
298
277
282
284
294
312
288
344
339
230
336
306
294
298
291
358
361
342
338
332
345
300
335
315
327
335
33
34
34
34
34
34
34
355
352
354
368
380
372
383
380
379
352
350
387
404
379
427
386
390
385
376
419
378
381
375
380
389
402
383
414
404
398
393
402
407
402
401
389
418
418
403
383
224
407
31
31
31
314
