"n_492_d_0_tr_20_a_250x250_idx_0_p_abba2"
0.074590816608967
0.071518175456307
0.069923971586343
0.066657736374515
0.070831099397636
0.063388389545394
0.064740830734568
0.067322829627513
0.068522212892143
0.069879018775011
0.070502766873697
0.064965233226799
0.068268086760218
0.066625163734484
0.069134043138619
0.069223075195562
0.064469035192507
0.065945778920479
0.067449829733118
0.063186209088559
0.062665142960154
0.064811957551952
0.063538219398035
0.06520399719523
0.061389957368078
0.062322952155476
0.063827160648685
0.068306117200977
0.070725325868792
0.068330515448864
0.070586940780681
0.06396657720998
0.066398535613906
0.063863650205078
0.06973614459835
0.062165837215956
0.064493858602103
0.063252208971212
0.061884603816515
0.061851156495729
0.06849105581794
0.070737536809417
0.066539401596578
0.071109311043928
0.064968503004783
0.067417787674942
0.066561691783487
0.064949478467281
0.067778639158432
0.063398657161713
0.063115269853953
0.061168844832703
0.06570529140592
0.068394155029015
0.068946255968768
0.071250571091438
0.067283340696352
0.070605818806266
0.069773027006786
0.07111958344482
0.068205026814538
0.068858973389607
0.067427752061003
0.062976942828361
0.065123383117971
0.062501764326082
0.069013625175972
0.061074636900867
0.063663772171255
0.063772724335816
0.066176928208087
0.063633095813239
0.06264384937914
0.063197245682277
0.065307838166453
0.065518041846905
0.064552717923732
0.06431032007927
0.061486118807543
0.064982162319983
0.065782250796316
0.062895024744267
0.062549728662022
0.058180251830426
0.059637078554055
0.060321999444781
0.061154262008215
0.05896545591744
0.065049657658644
0.059522447569176
0.059227306007606
0.059647252858267
0.059351695488543
0.06150967238422
0.060944793331056
0.065977749663827
0.064694912223254
0.063452284665801
0.064341147257819
0.066630380835457
0.06519027504961
0.067062892429038
0.064435627857003
0.062167755385967
0.062165032599903
0.064078621437861
0.065106673993707
0.068466318936857
0.064479907458497
0.062253358167945
0.063518574201347
0.066233119893049
0.06139591285946
0.06083905681878
0.059752851949047
0.05918097952243
0.057702759593217
0.063893901092191
0.057673338360113
0.058202240458044
0.060374236068174
0.058373568628733
0.058129012256969
0.061221607678916
0.065715993789523
0.063331177098308
0.0647111619086
0.062771584686358
0.064376792740316
0.063093321489686
0.063034775142815
0.061715848811399
0.060317021676152
0.06071520981373
0.061525890331391
0.060911584520115
0.061739717565125
0.059616049778008
0.064370900035675
0.059249156954702
0.059507242935076
0.059775461240316
0.059990197502243
0.058858832496145
0.065796572413546
0.065199169704803
0.066905280697648
0.062814089858129
0.066925507359283
0.058721891926204
0.058021851305312
0.060027302111017
0.058463828320982
0.061733256834166
0.058546556767754
0.058295734051351
0.060390138897235
0.059054800430762
0.058540417870399
0.059361744347536
0.06041117614476
0.058543530917383
0.06068692881861
0.061005410043486
0.061543260306697
0.061232938336731
0.062413666323058
0.061118239444884
0.058333556744374
0.062944853801252
0.065072478937712
0.065529980056723
0.063971595738922
0.059989802603629
0.061524485791815
0.06405941286187
0.063429329110597
0.065305824497908
0.063548068263825
0.061055396076175
0.063652291765508
0.067706106774054
0.062615359138168
0.066175522339006
0.068035809374235
0.063312060687305
0.066509376342565
0.067360053969604
0.06730050444291
0.067755742436746
0.068668084646092
0.06672058417426
0.066471071138089
0.067541080944188
0.070760353831162
0.068422991591921
0.06734126362905
0.068201109207755
0.06650158132828
0.068930259701115
0.06795275821976
0.059159473293651
0.065378224951638
0.061056268619026
0.063332036424222
0.059350105864973
0.05776266403637
0.057839353526885
0.057204706388774
0.057514852197827
0.056637039890156
0.057529486545758
0.057257435955679
0.057891187859518
0.05698415648555
0.056958429173875
0.05717880279121
0.063279882877621
0.065691216713364
0.065753501965795
0.060424793438724
0.059044772425836
0.06186925542605
0.066431725693872
0.063543874576477
0.06467917031125
0.061242938576579
0.065604042098707
0.066902532061064
0.064409475451569
0.062203263966975
0.062032072936442
0.061533257423347
0.069083001906293
0.065783948999857
0.064196095524534
0.064296188556656
0.06853873886108
0.06325806331522
0.05933418367881
0.06827306274342
0.066735892099696
0.063428972231559
0.066818521455721
0.067008324691893
0.066519623973829
0.065547444458701
0.066887919063338
0.068823724422099
0.06381379662798
0.06713750090074
0.067100362070404
0.063288174371724
0.066206293005112
0.068441136560049
0.066547679771508
0.068623318418054
0.059161679407668
0.066200602512254
0.064427951676507
0.064952972435041
0.06566552323972
0.066923293380375
0.059196679666408
0.061945493278928
0.070129502952852
0.068313344671646
0.063194481208442
0.063386034546806
0.061524645553004
0.059903039826595
0.058433567318451
0.057558957941032
0.059693016519677
0.061283462264186
0.060613243171034
0.056109893070578
0.05825913486622
0.059192292882637
0.057594703836258
0.057597079421629
0.057865227659255
0.057499904067903
0.057039736377626
0.058458266858085
0.060452570061179
0.059095464703006
0.058816753334385
0.057839419183526
0.057992449819181
0.058994323619197
0.05722290006505
0.059449020903536
0.061126794629428
0.058902342970842
0.060214284328619
0.057600267396206
0.058613817050217
0.060683324537522
0.057231762100538
0.055499285163732
0.05754456519731
0.057363757074156
0.05959729337389
0.055438099832349
0.060066190130006
0.055998562607757
0.070975952869512
0.057836658476905
0.05739355369977
0.056430316510677
0.060080661814752
0.059899350721369
0.059469888568487
0.059057161424883
0.055965684334049
0.056203317180847
0.061817781114477
0.06064425359047
0.061885025492872
0.063064844495307
0.063702847348269
0.058348046545716
0.057327716323212
0.057983119776538
0.057171294916331
0.057218241320773
0.056506010753744
0.056676454357594
0.05689310497899
0.05695313760924
0.056645954922696
0.057799430587711
0.057698718270954
0.059817666107218
0.063145877259124
0.058828371776466
0.059572371040851
0.059273213828805
0.057784824315867
0.060051159883796
0.057147524137593
0.055129287194686
0.056027775782566
0.060994818878985
0.059746713072679
0.061465630100612
0.059527218759728
0.058818910412742
0.058744353832801
0.058772093292951
0.059901944099552
0.059606425714768
0.056971730083091
0.058575426319375
0.059001396240122
0.056309787202555
0.056117535417006
0.057501167433709
0.055646836119077
0.057934813124684
0.057885777525378
0.062025913223652
0.060819353998243
0.059636994047511
0.058172693530019
0.05844017157251
0.055554434970873
0.056973162184905
0.056473788435519
0.058308301325153
0.056993235743596
0.058316198155355
0.057750254391556
0.06769105911469
0.065464504142294
0.066962997330451
0.063146267416791
0.064870363133254
0.064385650019213
0.06434154997906
0.061485583703751
0.064413461539625
0.065371196403869
0.062145538455011
0.064091161362447
0.063684512859531
0.064887764190295
0.064242363275141
0.065424532146153
0.060756060841655
0.061288449786288
0.061901110608772
0.06191158125607
0.060437448749324
0.061094798461541
0.059992934517818
0.05882945262047
0.059263463843941
0.058622554103118
0.060306573387204
0.059658524193975
0.05655448703545
0.05923826067502
0.059571267731351
0.059464150132448
0.059683614984556
0.0599759951583
0.059735860038784
0.056453849872225
0.059213019000742
0.055604031522749
0.059731648964296
0.054643511185138
0.055681167220615
0.057243778709906
0.055167478263579
0.056286296974791
0.057182139023864
0.057297629163666
0.055120105335578
0.055211680271858
0.056770212822528
0.056259176818379
0.054656620222493
0.058373352892181
0.056662898546181
0.056023317147868
0.055999086079299
0.058379225735102
0.057769998885576
0.060926698036168
0.060856820093786
0.055559584478205
0.060448125034083
0.060707459534602
0.060351252100012
0.058493660367057
0.057789694606565
0.057959801024285
0.056833435494665
0.057031922975595
0.056349496874672
0.056796172912078
0.056394116418924
0.056447505394159
0.056808227260502
0.05610728840406
0.058356501236207
0.059352150040398
0.058663128625151
0.056017526284496
0.055283427854548
0.055370901970124
0.055373713053962
0.067685742994177
0.059390569816575
0.056538332147025
0.055998880780706
0.056878629071727
0.05693940668701
0.056802337682067
0.056402789639453
0.055519126940297
0.056251867704916
0.056169019527532
0.064662332914589
0.064804692157929
0.058705492823673
0.059367590549118
0.059567606195632
0.059712874187783
0.059935909558994
0.060269362930871
0.06013185526056
0.058698021885751
0.060029798252208
0.059097088063356
0.059797772685645
0.058413271682396
0.059187034097178
0.057098310413442
0.058217356159101
0.057815324851469
0.057839793073305
0.057557624232174
0.057790748321202
0.055614033546602
0.055518344055704
0.055502137379657
0.055379791027893
0.053547726089784
"n_492_d_0_tr_20_a_250x250_idx_0_p_adaptive-local"
0.076186650059921
0.07437423817097
0.072239963615324
0.071841548625794
0.076033648095667
0.078989505328448
0.0742027861087
0.072522938776188
0.073866568668173
0.075617108364043
0.074853663370432
0.0765173648594
0.07469129087708
0.07431700081912
0.077607207112
0.075167611246266
0.073509956806825
0.07320277834542
0.066793160201835
0.076051463476631
0.073137049696408
0.067127910410793
0.06866986442694
0.079159134517604
0.076493552753558
0.068000928281253
0.067050772393587
0.07789955000153
0.079134129872313
0.079130785876417
0.075803503314878
0.079558190559823
0.068695457105946
0.071793997075259
0.079057116967788
0.074328528738703
0.074226711036928
0.076630156897626
0.079531731483506
0.07907420029889
0.076446480259817
0.076366632397955
0.078719638091515
0.078567594808078
0.070877634259953
0.078686193786049
0.078647635687696
0.080565311011402
0.075652730663515
0.076667321257396
0.076465161640953
0.074272054941112
0.075773480570775
0.077045104117147
0.079978896435566
0.077193696730612
0.077872095605084
0.079936128690721
0.075381555904866
0.075714485185931
0.078684587181782
0.079329896623232
0.074163140836493
0.07393679347544
0.079431481521474
0.079207918635514
0.077137557168234
0.074069374369911
0.078504666083775
0.073230448413088
0.072228207119192
0.077693212118004
0.072866417247015
0.071698344812003
0.07715926627646
0.074854092960938
0.074107793592804
0.07485252059744
0.074933713582818
0.071528588282556
0.071911356407808
0.072148067169
0.07954725604949
0.073456105173225
0.075143405628704
0.069954896381575
0.069176804624388
0.070312427077525
0.07129129671427
0.076328965016246
0.069097549294792
0.069625021647383
0.069598662334534
0.068703416493102
0.074878756124806
0.07422474821646
0.074572991490742
0.079709174729121
0.073431600610187
0.073045561179869
0.072945551855067
0.070210513771148
0.073441542855885
0.073304632486796
0.072676929557298
0.07272693526044
0.071799081495984
0.072621284560494
0.07610233905931
0.077311625675817
0.071278192475674
0.068967846362585
0.066733000098353
0.069626514310121
0.068894597262972
0.068095391321823
0.07005679225578
0.068372080253758
0.069393512128351
0.069627878385434
0.067957453372672
0.074779975136202
0.069422837509346
0.072141360086214
0.072969994961932
0.073804798438091
0.073762127797447
0.071532399684371
0.073609646991903
0.072208503763977
0.075407948536852
0.07108074164886
0.069531033148019
0.071344292192851
0.079730943557134
0.072226888259708
0.067372140679938
0.079689367940229
0.069899299326322
0.068969541115848
0.07517758079854
0.069602418370071
0.068521735209021
0.066732223548532
0.080090668792053
0.068739721341384
0.070021551028914
0.069549976389851
0.069516038856561
0.069155270504646
0.070096902834889
0.068672018235419
0.069434624639792
0.069319052718964
0.068518698082345
0.070056070157058
0.068703114230257
0.07940358115924
0.069802445761843
0.069176365836612
0.069042661805507
0.069142045739765
0.070947306334733
0.071613581134077
0.075319128929784
0.073182704163995
0.072463580222406
0.068976607473382
0.068198942824073
0.069496477681054
0.077333246689765
0.074419769033234
0.074845869540913
0.067660683094936
0.073164688295921
0.073862029506058
0.0734826676442
0.074669876551525
0.067135627957667
0.068778646580375
0.073552791140948
0.073374921687841
0.07351363351324
0.072681862685767
0.073101134878745
0.073374454129108
0.075114621029015
0.073254638629534
0.07009321405416
0.073679279406219
0.071089450208267
0.073000261078439
0.067064767256077
0.07370124286253
0.073455091470557
0.073439240011811
0.073660638399498
0.071238219779162
0.076993276713344
0.073694545629868
0.073204907387086
0.072950487866285
0.072401537559656
0.07356203667222
0.073076111435993
0.070825995324449
0.069400948678045
0.0729807475308
0.071380401023169
0.071268175833718
0.071606821644891
0.072523537750977
0.070286441484599
0.073154072734939
0.066060772069248
0.065972269077729
0.069235080193663
0.065217218903995
0.065578873382644
0.070736761473976
0.066236805214713
0.06576221768082
0.067549288584273
0.065853659132337
0.066307261234726
0.072684270747432
0.077274356970717
0.076909075051254
0.072128374053203
0.071749898483836
0.069587084240186
0.065712218702341
0.065361637423434
0.06563835278251
0.073470616982572
0.065175890943612
0.06650972230988
0.065711596776196
0.065372035285926
0.064541827006634
0.064390961335526
0.072639365802401
0.072141761371564
0.067276712492385
0.071600662797781
0.072731145626221
0.068681925390808
0.067948439869387
0.066169433249895
0.071716786352029
0.071585072853372
0.071852884856606
0.065482506596399
0.066170297335309
0.065863021657125
0.070473904062092
0.073145556229508
0.07218952268582
0.071749961680156
0.073124263378125
0.071975165579902
0.065302511537463
0.066406064438941
0.069674903072923
0.071082297104234
0.066317495706401
0.068053031374443
0.064164776989007
0.063029421471134
0.073019796005373
0.072359379898337
0.068054798608192
0.064644448381842
0.065381298976054
0.065599476202642
0.064864181531709
0.064064599751316
0.065669267124575
0.072167261566556
0.065598011375782
0.069800063092564
0.073090978774553
0.072125609423694
0.071998970648559
0.071756683790086
0.071962973518756
0.071971611887022
0.066246673458636
0.065885780086788
0.065819636179334
0.066059251664766
0.065908004802117
0.072811942894362
0.065272327819992
0.067330847453899
0.065521096891256
0.069916879644872
0.070347669387418
0.069751996039117
0.074590782370956
0.07190488938708
0.07175746110465
0.068847240606996
0.07178949552159
0.071694615620562
0.071147311658273
0.070073565485546
0.074520117282243
0.075073502855903
0.070014824845486
0.069534075663119
0.069284871142506
0.070007340863792
0.074199419882564
0.074460779522807
0.074338157443736
0.075205561332894
0.058809889629345
0.076396235945833
0.06426567850127
0.073761797623529
0.066146704159282
0.071357906384987
0.069062313544764
0.068970812418032
0.065689096705239
0.065985397499481
0.066175115041969
0.06694755731551
0.067614364040934
0.070176449328757
0.066120251187365
0.06479303714186
0.070885701443855
0.064721254750838
0.074919317651758
0.066152226646721
0.064200902005824
0.065345136520703
0.066483990324514
0.067993850785575
0.068213404029064
0.067902612056485
0.069892837032867
0.067225715229889
0.065809670884758
0.06697258628551
0.06593460212635
0.070472130181568
0.065800091123754
0.074472364938799
0.067646596441572
0.065582601207206
0.063988114152307
0.065238947070394
0.06523568069981
0.067073042886134
0.065153073340206
0.067744908446054
0.069788448226588
0.069764353558475
0.069423072059826
0.069926261136173
0.069737314748389
0.0736889993011
0.073506649744184
0.069837393600793
0.069837163924301
0.075395195510902
0.075300961473517
0.072407241219243
0.072467595687349
0.065034204591945
0.069638887036256
0.066214118043901
0.073054867034173
0.076592809191024
0.06796385755651
0.069745695223903
0.068062698170952
0.073923113710451
0.074994578214476
0.076759600363099
0.075269795196184
0.066346501851154
0.069172528786735
0.06577841579387
0.070391290285877
0.065173403568711
0.076482635536432
0.074614294288658
0.069207814516233
0.067795665936984
0.068506537216863
0.0691355350305
0.068995555551902
0.069255155795048
0.066933989256973
0.066146092170993
0.067183263101334
0.06719057683319
0.074956560883924
0.076863561186023
0.075077388635061
0.068930313088059
0.069842686481468
0.069304070670733
0.068899235872148
0.072090696976221
0.063560126093757
0.068455155947686
0.068417503462423
0.064208461408997
0.063296002030846
0.064165194529037
0.064191949708333
0.063173540601608
0.061881810661963
0.062129734626723
0.057635456626916
0.074663690621829
0.071375940715305
0.066797162454802
0.066761612328876
0.073775819847378
0.072760511218058
0.068579937319385
0.07204126884043
0.073809618990446
0.079202783229401
0.07863552438433
0.078753258131498
0.072691994810848
0.066524431053865
0.078635338245643
0.078689039296166
0.078620526452897
0.066660575369104
0.078629756269054
0.066613596943297
0.078601739211491
0.078820899020472
0.067358834704291
0.064288306732343
0.065726328941385
0.073872473032326
0.07339090065653
0.062805511928222
0.063129636668129
0.064298278734987
0.063161553633102
0.062830910995491
0.06274590533571
0.062647094357047
0.066105572611184
0.062634166364075
0.063345610977243
0.065684062209081
0.078752840519142
0.079026735751037
0.072984293517119
0.063129015174968
0.077179156916627
0.076989719736302
0.077115631360008
0.076958511339302
0.073287667854325
0.073432919459556
0.076937781503232
0.076946820468483
0.077042198678254
0.076550889074784
0.076570702057842
0.071936386778148
0.073697117894952
0.073342170380872
0.073762551310632
0.073530961609673
0.073857056244926
0.07328458925347
0.065036487402952
0.064913734198218
0.066121995460221
0.066017318166679
0.071341017698619
0.072070938662966
0.070138373448477
0.061536324050138
0.06125498050164
0.061177858298473
0.061126561007982
0.060410576533702
"n_492_d_0_tr_20_a_250x250_idx_0_p_adaptive-swsp"
0.080192245578457
0.074702132865066
0.073021587078809
0.073797675398985
0.078560236227046
0.079424305600167
0.07992771456323
0.073997606558341
0.078376460509828
0.077000455953366
0.074843822717626
0.075633586265249
0.074838868380864
0.078560105478457
0.076781297035083
0.079437268595902
0.074444212914444
0.074711085697867
0.071024112717945
0.077310162141921
0.073230188752707
0.07155516909767
0.070713765560957
0.080082227923484
0.080971925663744
0.074572306425742
0.069615469784313
0.078589381254899
0.07935472300167
0.081043312584134
0.075776405676785
0.080348865666981
0.077580605856215
0.074736699765459
0.079635769505136
0.074348156893168
0.074275256590869
0.076338953992773
0.080279432649865
0.077480639346308
0.07263274349701
0.079564219427322
0.07939594339943
0.078297419072921
0.074150036526375
0.07921318061897
0.075385645635918
0.079702442688091
0.075690916954674
0.077184830456208
0.077830937232183
0.074263079220797
0.078159405416285
0.073463126833545
0.080017542596165
0.075255936448748
0.076858551037631
0.080280691792726
0.074883706310596
0.07734895430692
0.075472141442648
0.07965341026646
0.074600828802381
0.074687582085147
0.079792731977383
0.075894807365363
0.079519529286365
0.074096394611939
0.078164204260563
0.073853071721737
0.071114841889779
0.074969803785701
0.069776353333318
0.069304876111914
0.076320731146349
0.074902673193597
0.074118146754025
0.074978956650124
0.079082474726578
0.070021641872088
0.071981187680332
0.074027515223589
0.071775705171954
0.070825912491792
0.077045442721097
0.071490476229342
0.070590817387808
0.071053757359975
0.071926292311736
0.07405382085528
0.070678160768404
0.07118598326006
0.071020778717557
0.071699966341499
0.073577116258741
0.073477395676828
0.074669392552623
0.080091469982089
0.073831004575117
0.07085351533473
0.072376614027746
0.073234999494528
0.074521509421475
0.074186977232767
0.071825812919195
0.07402652984588
0.073433641125608
0.073756739025941
0.078492344800309
0.077925169930534
0.073116512779363
0.069349966076263
0.072404160685305
0.072556747276553
0.07124042407352
0.070938934767964
0.073361735247076
0.071206743238212
0.072294143869086
0.072456332258327
0.069867745016109
0.076925011845794
0.072434848816921
0.073112987949438
0.074518722589049
0.073486559946128
0.073300331102373
0.069413170751695
0.073770803777116
0.072307888485832
0.075649867597159
0.071835384487431
0.073916806436454
0.07369268891306
0.08017613206009
0.069390509216412
0.071694888981541
0.079320512526803
0.070159089343713
0.070195644083837
0.075469571542614
0.072497761872437
0.07277846671592
0.070707338236461
0.080634035519264
0.07069704896846
0.07226639750609
0.072869203710891
0.071570581462439
0.070655753229936
0.073248783577626
0.071778161691389
0.070782109376103
0.072926946064492
0.071491353194654
0.070916524139913
0.070507250491452
0.079578604813204
0.071445740962209
0.070190357439144
0.070685154516133
0.070374474909519
0.072478947118429
0.072388709720173
0.076145445789322
0.074843706256254
0.072608080387872
0.07009817229098
0.067590873190113
0.073821708140645
0.07865268916876
0.074894748307426
0.075083651259415
0.068698027815499
0.07477353799834
0.076004974974869
0.076000597848642
0.075071135046575
0.067913484916243
0.068353558200629
0.074119494742992
0.073790625656346
0.074067944103675
0.073000882339315
0.074076666418433
0.075189213562589
0.076910418225984
0.074579273444843
0.071245943414821
0.075023687868669
0.074591110347924
0.074967083711813
0.067826039692001
0.074003926996924
0.073870443930592
0.073845577444666
0.073937873373423
0.071652009624656
0.07730087464442
0.075044043463309
0.075296066135526
0.074609768485493
0.072935327093136
0.074955108757913
0.074842153314267
0.07029177816854
0.069125421350095
0.073028807894961
0.07179598416571
0.071691371558062
0.071830573604414
0.073148719996248
0.070748813330496
0.065891965239964
0.06620460665415
0.066237653690592
0.066751848705267
0.065756113878302
0.066450120612001
0.070698982915629
0.065883341475456
0.06664299755823
0.068219826733685
0.065208011883811
0.06831035519355
0.072960902964452
0.077961098265296
0.077278266060723
0.072393378256738
0.072255034493474
0.069781791555838
0.065698585249323
0.066779654914719
0.063799790655206
0.073471848842511
0.066243902378629
0.065996376205599
0.065697980516866
0.067151726305365
0.066713035323983
0.065615975140375
0.068316128982468
0.071822899555939
0.067359344070138
0.071584013349731
0.072674432224352
0.068171103946225
0.071229413976693
0.066663195424882
0.071720999115358
0.071583212763347
0.072446427816168
0.066793380874396
0.06688484662118
0.066981921943761
0.070691057611603
0.073386912442051
0.072541947452996
0.072239989444211
0.073343550030456
0.07252545175956
0.067527790306857
0.066690965335609
0.071068480000029
0.07110525380135
0.067661797219586
0.067979194990843
0.065085800660458
0.064259382463108
0.073126113207452
0.072863932088663
0.06768289002673
0.06593550104859
0.065797870749661
0.066860312985296
0.066767128488808
0.065765108068014
0.065358444113113
0.073124437232477
0.066429749905638
0.070123816395543
0.073506249329864
0.072676206236577
0.072491587533202
0.072292779773773
0.072475812666944
0.072472616691361
0.067156656613353
0.066447835999724
0.066010526233336
0.066048591764617
0.066394383775673
0.072931589412713
0.066580967941477
0.068219789484054
0.065834502658079
0.070431911350565
0.071830421070005
0.070308817838889
0.074975840397386
0.07233787972927
0.072257758994779
0.067188270756242
0.072317104064875
0.0722240801684
0.071876493228149
0.070591638282357
0.07472857675961
0.075112815172438
0.069259832654701
0.072124128611637
0.069888492272268
0.070576750595238
0.074391015365572
0.074652471837444
0.074955319484557
0.075405478591151
0.059000130623575
0.065400895174656
0.06442892035287
0.076439493450258
0.065387050963271
0.073563747882269
0.069288504310204
0.069187045091507
0.065483049111075
0.065799008782504
0.066086015849008
0.066646736459943
0.067937524320359
0.070509284557041
0.06637163100964
0.065793930584897
0.070397832565291
0.066343962825138
0.075487090682419
0.066798072965402
0.065227653811561
0.066533542168325
0.067109332025352
0.07627235432069
0.069639956245716
0.069556000078993
0.070335253595329
0.068862046189295
0.065849494862564
0.067964837403239
0.066471403305291
0.070412076972173
0.065706730405175
0.073984499183873
0.06794631743652
0.065851695845202
0.064938621011677
0.064720435441893
0.066178174860511
0.066308163352887
0.064194965312525
0.069265456749336
0.070017495642812
0.069992632825471
0.069637629798835
0.070262011241588
0.070057727593616
0.074707588065374
0.07423301120262
0.07005312224817
0.070060403537345
0.075590700511185
0.075578590422789
0.07436690636065
0.070719765236409
0.06517770670313
0.068121398758561
0.065635902780247
0.06867981191594
0.076674611374408
0.068799687764517
0.069950108175178
0.068351690866534
0.075128024681601
0.075326549630773
0.077019973095502
0.075449271675059
0.066285277429659
0.06792069074214
0.067098481523459
0.072285554137084
0.065409659768032
0.076700782258286
0.074921352331468
0.067206812848316
0.066693270600367
0.068277876846884
0.06877329834308
0.068639913274922
0.066266542961935
0.065438993292038
0.067195765552292
0.065485975319905
0.065188406808841
0.076403579003829
0.077338162561706
0.074384704065346
0.067430845270272
0.067919692623907
0.07013715481756
0.0685996843336
0.0722897656444
0.064199971470387
0.067916963033726
0.067872727187164
0.063657586050184
0.063720705705356
0.063609033782544
0.063658123585208
0.06265125318038
0.062079570978796
0.062321265717704
0.057829665287939
0.079179621560937
0.071916280302896
0.066831576201792
0.066787353965229
0.075414363886161
0.072949455962344
0.06808503082734
0.075129919976659
0.078325907234298
0.068122218058245
0.078743275450891
0.078849031600663
0.078619035628219
0.079947990648141
0.07877267973303
0.079094621403731
0.078608572335588
0.066291945853203
0.078380210280197
0.0658460001802
0.078436758019542
0.079428487893508
0.067611519309467
0.064782522525199
0.065725359306346
0.073863775486418
0.073389169426849
0.063580997677165
0.063696583745372
0.066021268593681
0.063821866138252
0.063057742439924
0.063083963130304
0.062772029377153
0.066715838163041
0.062749654130701
0.063451020750082
0.063707973207016
0.078873249001155
0.079137930876261
0.072967470233246
0.063340180919435
0.077267918978365
0.077094929858822
0.077110842842362
0.07705706545083
0.073268501461371
0.07340824922758
0.077035700278838
0.077045927459585
0.077141278882923
0.076646347416402
0.07662793828572
0.071847148240139
0.073678234839476
0.073336440224883
0.073752314837268
0.07350454379687
0.073850310413036
0.073286286099695
0.06515888545289
0.065031812837595
0.066448713864324
0.066337989762572
0.071843163160222
0.072053787065565
0.070119076337244
0.061842243718892
0.06157040365479
0.061501601497525
0.061445953352834
0.060834832636704
"n_492_d_0_tr_20_a_250x250_idx_0_p_flooding"
0.074603131928323
0.074239392630503
0.074393453302351
0.074732211262004
0.07501788513584
0.075100700413021
0.075096696709446
0.074889809940622
0.074752298900821
0.075062106827502
0.074421256183698
0.075477193137138
0.074569509735557
0.075072465430537
0.075101113498817
0.074924185410065
0.075308267934571
0.075563192982252
0.07541383152374
0.075098140482227
0.075523561435636
0.075451759868215
0.075295204799678
0.074481696067022
0.075141942482182
0.075437965623035
0.075325277488734
0.074711811482548
0.074988045879354
0.075090895073279
0.074638813362669
0.075350222548905
0.075154290346531
0.075185778791379
0.074914385423078
0.074313183305181
0.074269624093742
0.075273916312902
0.07510143306143
0.075339498491612
0.074764386470543
0.074928110095654
0.074821213474673
0.075093258891973
0.074884520690789
0.074687588851925
0.075050090968899
0.075473483611655
0.07508364296062
0.074777778010866
0.07487216880679
0.07427239996817
0.075088761594046
0.075524953791691
0.075479421368305
0.074655983513776
0.075358912440781
0.075232304763859
0.075002646256314
0.075350398987768
0.074287796037062
0.074942167130628
0.074157200279613
0.075001312782325
0.075337366971407
0.074904486653965
0.075947902691643
0.074091473544447
0.075079372047541
0.075772953640099
0.075866414266747
0.075724031466746
0.075883347212347
0.07586705737804
0.075780254363236
0.074453953466371
0.074107538489854
0.074577280754132
0.074493881651722
0.075895155799497
0.075772685521418
0.075777803689252
0.075803030637375
0.075784339549282
0.076144564283374
0.076397398251628
0.076079440016439
0.076345271198546
0.076681591404579
0.07653408534945
0.076551947070327
0.076444745843911
0.076641302162485
0.076307721126819
0.075810793236865
0.075860405733708
0.074889550365777
0.075929711607959
0.075947920423947
0.075807086895679
0.075659849509552
0.075622692387505
0.075700742611731
0.075766871860323
0.075843258539954
0.075468194443543
0.075810450644774
0.075813582607341
0.075169550105146
0.076526695418565
0.07641990566703
0.076398636537884
0.076311153605982
0.076642712192099
0.076446734229646
0.076193709408468
0.07659739374739
0.075944020395901
0.076667144993369
0.076439553943701
0.076609225213927
0.076639476519304
0.076687874728723
0.076802559319876
0.076543732534977
0.075123666258399
0.075187124128661
0.075462876974128
0.075178067789607
0.074698241006036
0.075977785239268
0.075561122211799
0.075790629029695
0.075369950566398
0.075842409985816
0.076042772818866
0.075995887467685
0.076411917686103
0.076032689646243
0.075999241909372
0.074185419993976
0.076177362662461
0.076334995435335
0.076404015999679
0.07645400699283
0.076136674525194
0.076248190584238
0.076236574649197
0.076165539736294
0.075833267724588
0.076003131733264
0.076193483330604
0.075876698486524
0.076025326296052
0.075915019527822
0.075798126743224
0.07580688247349
0.075704097459601
0.075605244948174
0.075455321400877
0.0756536060106
0.075209133582946
0.075192696452684
0.07503575405978
0.074902795100934
0.075221211262431
0.075208302510419
0.073135415300799
0.07015447206596
0.075794381917821
0.07490147482104
0.073936143263851
0.075314840401368
0.075377731680724
0.07496778782633
0.075358781239623
0.074662686269501
0.072575700272266
0.069207376977269
0.069496391130857
0.074580283707612
0.074450849906444
0.074661377332911
0.073995793525666
0.075110358954872
0.074944424889667
0.075242779053638
0.074760971096848
0.075159805215019
0.075013525737228
0.075181828238446
0.075115905243525
0.06922142422987
0.074689446767668
0.074549350298166
0.07450438547585
0.074540083612122
0.073350284023744
0.074238713305741
0.075082079725323
0.075177895336739
0.07437710659392
0.074182895804773
0.074723900747802
0.074562487256894
0.069094743022159
0.069552872926928
0.069768841771885
0.07351089926834
0.07339780388085
0.073512076662751
0.070142893579424
0.07041964120426
0.07008382088459
0.070234674332737
0.070463641615568
0.070432989484522
0.070297590249936
0.070507455125946
0.068904589606893
0.070495261560012
0.070525059138972
0.070264837617255
0.070353049142785
0.070521219685265
0.074148631047414
0.074582975474212
0.074322901208805
0.073428523755449
0.073124146150276
0.072112391148208
0.070431985348753
0.07056853769664
0.069964778997968
0.070206300544893
0.070389283566279
0.070644950719375
0.070344057326577
0.070549428649989
0.07059750742646
0.07062355941212
0.070390047041144
0.070016156613358
0.069976950570944
0.069845675690823
0.070561956522996
0.069898222679287
0.070698480797918
0.070559641277272
0.06965117641035
0.069776391021434
0.06995793718413
0.070388396131734
0.070873080378379
0.070516949210373
0.070791579047861
0.074103825141529
0.073449149455549
0.073107703202494
0.07406295740588
0.07343842833782
0.070513465265313
0.070472725801623
0.070649643431027
0.06924033914697
0.070387215308815
0.069939155488543
0.070293480026365
0.070166239226971
0.070050686608664
0.069951794303295
0.069931126124056
0.070297675752686
0.070455777910645
0.070409000083606
0.070290373795671
0.070523425614027
0.070233402321948
0.070134746684741
0.070187455626561
0.072366841540022
0.07402593199729
0.073589184866353
0.073332699655652
0.073169169515299
0.073309275679097
0.073372350595031
0.070179606415633
0.069895918067189
0.070034072893061
0.069966065296804
0.069958318954765
0.069889702516318
0.06984938250602
0.069924491478319
0.069809634858497
0.072418779633647
0.072885582600529
0.072283704284675
0.07254669693505
0.073178711445742
0.073104498814826
0.069857089054665
0.073205267559288
0.073126800266664
0.073298251549352
0.072606819407771
0.072531211119647
0.072642681804652
0.066986250717413
0.072903884890077
0.071780523854125
0.072422346716833
0.072426306695295
0.072461929685946
0.072549931598606
0.072501065663774
0.060457699664554
0.07353214456459
0.073740660443185
0.073707840799823
0.073909920252048
0.073906436597665
0.067182791066989
0.068088786099845
0.06640294741901
0.073622784618202
0.073834313163738
0.073841000452264
0.07012810492565
0.072729964575551
0.073706771662263
0.073866695100808
0.073957413991385
0.073702488724558
0.073419806207846
0.073500794950879
0.073754672564558
0.073906001008655
0.073921651020457
0.073848360257708
0.07403482386168
0.073317072354904
0.073507765328341
0.073911995540967
0.074143519042559
0.074037621793509
0.073924838370016
0.073950411177737
0.073986027135267
0.073441042240901
0.070155568994811
0.073614140289665
0.073468207298772
0.073367052111644
0.073449720637777
0.073586620612458
0.073618525598857
0.073673506164716
0.072367100666026
0.07235762375576
0.072020660371196
0.072537216752666
0.072425688554939
0.072988390930063
0.07303578241823
0.072426241317783
0.072436829466121
0.072863621587958
0.072932559739865
0.072975188560541
0.072479079660712
0.07384362281218
0.074036377072894
0.07371980867992
0.074075991340136
0.073747336377437
0.073102629957385
0.072292954544924
0.070571404803479
0.072958067207345
0.073980893539857
0.072842063303672
0.072827362665081
0.073798263411745
0.073840630214832
0.073749045227895
0.073184242397164
0.073658830394151
0.07348089024402
0.073453063398015
0.073518303309507
0.073513522352991
0.073713505384124
0.073833907952608
0.073853044359179
0.073597333793255
0.073442442313214
0.073618779127562
0.073589671112485
0.07360289467063
0.073585121368731
0.073478424518876
0.072157274255332
0.073503232882762
0.073451459711147
0.069265352130966
0.073609912737923
0.069924669973553
0.067769829503259
0.066267918918535
0.066198068736291
0.066151407500757
0.067509026460932
0.066123915499072
0.066173649655904
0.065017379142028
0.059258852358664
0.059280706898087
0.059177345683183
0.074261240673314
0.071598084314996
0.062961122194754
0.063030468565239
0.073955855550813
0.069951886012311
0.070078248059761
0.074249548043302
0.073746666278945
0.074718293517025
0.074512031951344
0.074569569588337
0.074904444204616
0.075091778399192
0.074405974373896
0.07445214709761
0.074379573899275
0.075063596039438
0.074182183569433
0.075011053913028
0.07426749767475
0.075074821946655
0.075235197298373
0.075027085465375
0.075088295279153
0.074089971385393
0.073597912908508
0.075016099101145
0.075072544124047
0.074906266030977
0.07502726417804
0.075034172367972
0.074967522155769
0.074953138486714
0.07495733358058
0.074930288215479
0.07533912235964
0.074883682064552
0.074997436829161
0.075357783828226
0.073175203871823
0.074988897057793
0.074609533629056
0.074503378508764
0.074546453665575
0.074376109913755
0.07350028099258
0.073677146212159
0.07429785901905
0.074351308056406
0.074343715372363
0.07390338229624
0.073802314546872
0.074362305925003
0.073914811553515
0.073558586771135
0.073984277764537
0.073730286875301
0.073864206965748
0.073506700500458
0.067332231486352
0.067223655010987
0.068624939012993
0.068507494518315
0.073079601825507
0.072291866583858
0.070417669563016
0.06196576233858
0.061674053071628
0.061593537726174
0.061554018063312
0.056755424428076
"n_492_d_0_tr_20_a_250x250_idx_0_p_mprt2"
0.069352996267747
0.072661867670061
0.06309516598116
0.066279927005803
0.074659790971526
0.074173001362702
0.066792819112411
0.071330755813531
0.064331614164674
0.066223956850498
0.07086800029867
0.073253697062019
0.062735520277622
0.063675773712887
0.066699958248959
0.066617042288691
0.063198560288815
0.069170456940094
0.066760015660916
0.070336446025095
0.065285894141869
0.069688669280185
0.070817322599394
0.066562876401988
0.069850985510149
0.071020455905869
0.08000051256328
0.066886028904027
0.064225918514503
0.064519966169376
0.070201424385787
0.070864563079229
0.076870263341289
0.071015461492091
0.064055960921134
0.066133336586001
0.069523728283843
0.065916900421202
0.066333873619583
0.066464943924609
0.069175801819129
0.06430175329091
0.068824537454664
0.065798288438474
0.070441990148411
0.064269369323682
0.070653131569552
0.06669460957418
0.072136678261696
0.066926479240804
0.067278168962194
0.079437911351402
0.07118966450413
0.06485657597447
0.071686041750611
0.0675246013405
0.077928206507626
0.072145323576423
0.071273882845034
0.071986487786375
0.06620527384714
0.071214147634562
0.064996379672098
0.066163485612125
0.071889256722912
0.078493665170153
0.070325989490818
0.065487998862984
0.064817754925217
0.07970394903725
0.066019394114268
0.06498806156296
0.064872958905346
0.076783716166108
0.067203853053145
0.063592952623299
0.076733491950519
0.066129995528692
0.070071209607394
0.063973079540184
0.072733710192254
0.064092886851399
0.07257182875183
0.066436329222402
0.065131717359279
0.070937603080477
0.0666017349309
0.070882187927884
0.064636761158065
0.06612933742734
0.066371035962988
0.06365477640016
0.071161240406187
0.065314868007717
0.077990833236836
0.066721693274254
0.070200457754299
0.066806224185656
0.079977114524283
0.073590336980688
0.063356344177554
0.077102926118866
0.069210819620801
0.069958167099271
0.07793165128369
0.072994155884121
0.07778891091229
0.075839212290833
0.078101398245414
0.07646430564052
0.075376980379135
0.075050518994323
0.077656850421444
0.074004519033217
0.079789102198794
0.07528965748691
0.076869597656902
0.079556949006613
0.076822105220927
0.073491441356372
0.073404649824469
0.070747453434118
0.071256205550479
0.071547435508235
0.075605402126461
0.073954219017211
0.074846525009137
0.073378270171616
0.07383027294193
0.073217230935081
0.07970280996505
0.072076328279244
0.07518617257492
0.074725387243274
0.073471746206395
0.075960503087457
0.071804035521039
0.072881482527568
0.073146352290042
0.071837753007723
0.069336678127418
0.073208686698254
0.072667121768924
0.073301616896634
0.073702824068149
0.078071656247454
0.076883312597248
0.072821578760083
0.076826666600863
0.075884967384073
0.082297536754011
0.070438547439759
0.080837850667369
0.077733929279064
0.070514588040135
0.077883224102716
0.078041121003795
0.081125029623585
0.077497990489443
0.064571900842358
0.065303071639153
0.069810467357513
0.080253505740631
0.066257653085356
0.072942691688854
0.077227569623532
0.075444609603343
0.079035238458108
0.076441119478276
0.070400694880639
0.079901327291392
0.079266981910232
0.072621772480934
0.080578513788685
0.069292974169695
0.072709856997753
0.072492635520478
0.079760424463789
0.076760313723356
0.065950809232292
0.077595698876421
0.08078890437797
0.070777736389018
0.07834698581966
0.073124925082685
0.075420496569466
0.07123166767405
0.078911646222861
0.078825212487948
0.080911953209223
0.07687382528269
0.069315178066557
0.070300533812416
0.070089396999074
0.078918844540938
0.073182168753545
0.070627516306048
0.067420510804799
0.079341458861057
0.072802787018305
0.080996925234435
0.06601363675517
0.07097691194086
0.074287451912035
0.079142644610361
0.081080484126967
0.069147340529507
0.070616534670725
0.079475264326866
0.079113257011405
0.077454157141678
0.073283263626344
0.06704276102162
0.07038746319725
0.07005000971928
0.066932295003416
0.08055047783644
0.071208093845966
0.068900236210881
0.072902745171893
0.07191753899592
0.072177249573551
0.079948921853903
0.069405690930205
0.075625480133115
0.071636785140254
0.078406872028488
0.070448539371339
0.07083027275747
0.06747538474208
0.07426003760094
0.075645060473967
0.074756642705469
0.069813564112036
0.063179346396573
0.069535732096429
0.080057519419642
0.073157092053675
0.071539057361128
0.078666209767637
0.072858755133276
0.075042678180772
0.069832169160903
0.073960949512688
0.072794952401848
0.071794235854911
0.072881828990696
0.079182935117925
0.074189059481817
0.062661426911148
0.072447934429109
0.073810401292648
0.061837648825963
0.07486988966472
0.072708171070707
0.072617738225705
0.069252137618281
0.07884902587606
0.071089136357597
0.065350783685128
0.070719146900721
0.075182180452649
0.067377997857838
0.072527734514651
0.067606063021695
0.071847883102157
0.074011357126009
0.064339801084072
0.078033858397876
0.071387383179067
0.068582342501376
0.074277848587261
0.0714002130704
0.066132700830341
0.074384616088574
0.06724062541411
0.070429639722844
0.076054927433346
0.06101115293999
0.074227785824879
0.079668000044217
0.065676099624899
0.072987433451146
0.070649442862611
0.070028822440491
0.065552156107782
0.065213792538592
0.064789661690365
0.06911162310573
0.076578815993517
0.077770904873053
0.077584065214231
0.075972430298311
0.07949092672571
0.074198141118757
0.070410996432918
0.077949686738929
0.076601036627683
0.077797674834589
0.075951762240108
0.063298331968155
0.072715302705141
0.069988093168784
0.070879407487167
0.067886107016594
0.074166428234911
0.062274485780631
0.068728760096591
0.076352741314898
0.063151945959933
0.066637367135786
0.063691757255745
0.065279986216459
0.063450550632519
0.064315929968119
0.069575769046908
0.066687186687006
0.064751625948045
0.069657024122768
0.064808638166587
0.069044858823909
0.073982745325336
0.067331765823747
0.066552441254835
0.061645777037797
0.06925143838661
0.066214586425138
0.069130425789899
0.06866324725127
0.071997737391057
0.068141592268643
0.075880084112913
0.069483952379524
0.071360240728053
0.077670397022719
0.074734808485625
0.078128230716694
0.072728842366139
0.072470511085445
0.07569836793022
0.069775479444528
0.079552761663249
0.077544429820159
0.074592316062511
0.077772217034551
0.078878774925234
0.079093815677229
0.079366581671009
0.079938284824635
0.078257856058748
0.072324347983101
0.079145155192886
0.075899516650587
0.077112621172573
0.07555665418901
0.069035193609476
0.067292573543596
0.069005342292747
0.071296216308337
0.077874454887371
0.077108773014191
0.064829141379223
0.070003339373666
0.079684814793824
0.070216507042294
0.069129983588969
0.068968773873062
0.070019353917866
0.069611932851229
0.068615325309295
0.079129206593296
0.069989703745396
0.069918399527012
0.069782493865069
0.07096313219614
0.065921857248598
0.065977311423858
0.070431812098817
0.079157724381006
0.079759663780577
0.069915364472462
0.071244070113358
0.068839074887355
0.069910048784552
0.070373043252776
0.075620582298567
0.074367268664758
0.072183674084768
0.077719519943105
0.078239188155968
0.079079229671605
0.070428122300993
0.078925762043759
0.080705596952891
0.078437660811179
0.079572291003263
0.075403463247019
0.071833565628316
0.075138801778157
0.079083758226977
0.077820825887525
0.080333582580266
0.071488648950526
0.073932661182671
0.070684164291672
0.06712670819181
0.074230862333451
0.076258282113697
0.064866035643402
0.063385393220592
0.075515062968615
0.073262587859847
0.07554617016824
0.063931923446865
0.07270126846342
0.07661358724982
0.061634320840882
0.07829868902312
0.070544427332582
0.063909325002682
0.060231248933018
0.068440299079576
0.061545169952322
0.060458928862841
0.062743636089694
0.063521361849571
0.064347475112239
0.065334736574501
0.07771912268051
0.073832176555851
0.069659332750782
0.075132387853488
0.0722801358111
0.074738971941979
0.074015517074092
0.069679416048889
0.077626668617233
0.072223490434659
0.077752684130702
0.077695872743477
0.071934741241815
0.070666612753318
0.070063381711915
0.076637042760751
0.077272673420824
0.078669856249841
0.076647872991887
0.07741247865544
0.067579734470295
0.071934456157664
0.075214782996836
0.076529597065183
0.075360546903362
0.077496308587277
0.075443401687698
0.065133078903285
0.074384085554398
0.074793483803184
0.077060688833902
0.079049522884905
0.06897954050696
0.074166615678573
0.073118354269747
0.075849467699523
0.07551126307519
0.075123996482973
0.071713109971566
0.072511406539038
0.077204691967836
0.068923095338945
0.068103912836133
0.066779952653069
0.060325744386277
0.0624192504579
0.062754193884627
0.061447537002366
0.068557595779719
0.060651120199434
0.059260464
0.06061521618438
0.064553168474942
0.068817469328665
0.05928555205499
0.066195400304374
0.065292115008497
0.06414811807788
0.073127615893935
0.066763414906788
0.069838508033357
0.070467796654728
0.060879760187671
0.063030417956828
