"n_492_d_0_tr_20_a_250x250_idx_0_p_abba2"
199.474100542001
315.676118752
197.066268235001
151.918073797001
232.380083033
277.972548113
153.33036445
275.389663743001
259.945319180001
233.759841638
177.077553121001
340.370558736001
279.154359578
372.741454891
161.406890989
225.627828758001
207.745765533001
363.532338779001
270.704235377001
264.719181177001
208.364891189001
341.804059560001
358.784330941001
317.657410675
258.984237928001
271.775873909001
340.567181142001
288.516490257001
361.979192662001
259.208848880002
282.920413681001
302.702106216
368.298363339001
315.902499477001
242.643152755001
219.879943051001
250.479952622001
380.517779140003
386.502386833001
329.236200816002
338.305732421002
259.680846052001
217.066592730001
245.659648327001
384.323653760003
371.655647892002
338.034050543001
224.670357443001
187.304041643001
322.012109764001
407.964815243002
306.647770246002
322.522940014
353.106886557001
349.191745361001
372.110578364001
324.855771604
332.876961979
310.714141542
303.002889629001
306.712760396001
317.999588811
154.711600279001
345.401963825001
260.927589072002
266.103356890003
284.101150058001
369.005242747001
231.406120830002
282.817229773002
239.934319754003
207.602062433001
249.652577149002
233.199360221001
217.435339463002
456.318914693002
294.157946006001
293.698194677001
325.281435282001
295.371748331002
256.440928238002
210.831356406
312.776728895001
229.490258765001
169.886563567001
303.209072999003
295.193506308001
173.047374801001
362.977304140003
332.053269300003
297.462227734002
230.878996179001
251.114397501002
307.283585163002
263.271181056002
320.114149412003
321.002380617001
265.959822332002
327.180295716001
261.555784426003
325.584572045003
273.670468968001
208.564516501001
178.999183663002
228.517436707003
309.969163691003
372.633844163001
260.332565530003
230.472358152001
459.570500782002
217.833376083004
318.186691949002
290.278015016002
341.688574427002
265.027762524003
361.548203189002
408.072263737001
266.678369036002
153.238487560003
247.239234794003
378.813526736003
307.430154457002
484.105936164003
316.273806916001
349.898690046999
236.436256631002
510.746091894003
303.844665454005
211.006203682004
288.695111951
376.826724897004
355.593236089003
366.700147696005
204.461420210002
367.834552917998
375.534233641002
187.671221650003
341.416060599006
447.595159148001
310.890399665002
238.315367802002
379.770475960004
260.936792676006
179.915580577003
191.762285992002
445.230960997005
361.538967585002
406.977873801004
243.643378160005
391.479686627001
449.727079742004
347.206925721004
434.620014431001
348.428851000005
308.328648307
218.987534122004
267.495927071003
463.564711787999
407.358038894003
285.183733429001
571.064827013004
421.942615353004
395.974137665
530.974839000006
463.984822647003
412.714816798005
396.181378904004
268.951774644002
482.324354898005
320.024702400005
384.499151905004
359.808947069002
325.920952571
240.243244333005
355.149535979002
348.743591017005
285.076388882004
325.627991837003
468.398828356005
287.391378887001
307.501094137002
216.191901968003
509.178194767003
306.709790618004
314.359361509002
347.022921762004
438.549633007003
405.163353076002
416.795832133005
401.957997096002
248.069727270007
447.384812099003
328.772455626002
280.410489854003
395.508847080006
250.963311936005
221.401607523003
253.267722787001
307.317444626005
256.194496705003
"n_492_d_0_tr_20_a_250x250_idx_0_p_adaptive-local"
28.8334325510009
18.1449978890003
23.9691373060005
21.697193105001
14.8167813180002
23.5531115150005
13.9207440340003
22.2412431780006
24.7692716220005
17.9209228790009
24.1932779910012
16.6408324820004
26.5932425770004
24.9612886010002
25.9532874640005
29.6013698790007
18.0489867520004
15.6489621360008
19.1368732000008
23.3611642050011
521.702111109001
509.576016579
121.265852700001
375.992391216
344.472226693001
339.575823152002
496.675242767001
285.788640386001
284.814593029001
274.984875103001
253.631846449001
121.853341981001
648.206757088001
650.878266360001
389.737421327001
349.084268356002
379.240113205001
338.278023867001
321.071734742
344.952422674002
313.228742637001
316.982253778002
375.414375067001
342.372507960002
313.331465862001
354.833437357001
536.399326492003
381.641507701001
295.988143109001
277.561066944001
245.278694149002
180.331677080003
204.105341778
188.455353999
178.541415663002
188.462780859002
187.688404026
340.575721338
193.674469261001
278.833337950003
264.885618752002
240.026395303001
261.800514710002
298.506990983002
351.187987041001
272.260682089001
310.230822445
183.314412133001
428.373859900002
193.626957402001
285.833555271003
368.194212024001
266.032382714002
279.059614977001
242.585983421002
243.923275026003
157.305519997001
283.669010607001
162.607635134002
194.829900466003
277.958959926002
266.226042383002
295.954818219002
131.997463432002
494.486713037002
514.520065809002
557.698831699002
546.119304738001
578.928787508001
533.840334617002
518.061476830004
552.987646094001
492.182301612001
553.791681083002
477.253303794003
521.828767828003
522.233744469002
570.551793941002
471.567173287001
437.121688877003
389.475639201002
374.952968721001
234.784295000003
127.779571326002
165.942976645002
161.783647310004
131.649402391002
141.435017763001
265.481552522003
144.884117469003
132.180745779003
136.234155185001
168.914345658001
304.008669319002
168.420569075003
174.754918377003
162.842107717001
168.427248218002
141.129470825001
150.613141425003
134.890446285002
159.526431880003
149.058092369003
159.985557373002
161.098691861998
177.412449512001
171.970242699
173.306443897005
348.199991858003
267.386087021002
317.346614989003
181.214409566003
157.405710308005
303.564464602001
287.308301917001
286.825754605005
380.655679683002
317.010648556003
342.555253069001
435.703417581003
293.069500240005
460.956414958002
345.375402329005
359.544411690003
345.694214681
336.785629363003
332.956153157003
365.254689535004
322.181050365003
326.841331943001
353.829389294003
315.241551146002
494.491746382
372.735124353003
402.720000647001
361.634700344002
350.108652270002
321.111886540002
350.256042175005
351.450598385
427.059800640006
241.447169239002
235.172663498002
210.756562597002
204.402332716001
310.497915774004
333.409399084001
197.609522616002
205.249346922002
215.955765535
237.348801888004
187.320681800006
217.555066568
207.187809972002
184.720176101003
332.335691951005
311.388810401002
220.329194685
229.738546274003
212.328165387003
336.703810481005
209.905773104001
403.318945055002
230.440054263003
335.717506013001
339.295032526003
249.569824155003
336.431147703003
251.344992409003
222.122984479004
233.285096875004
249.745126138002
342.886918147002
226.260048384002
194.749721192004
221.136190265003
125.718373745002
200.596891231001
217.880725793005
247.389454651003
"n_492_d_0_tr_20_a_250x250_idx_0_p_adaptive-swsp"
28.8334325510009
18.1449978890003
23.9691373060005
21.697193105001
14.8167813180002
23.5531115150005
13.9207440340003
22.2412431780006
24.7692716220005
17.9209228790009
24.1932779910012
16.6408324820004
26.5932425770004
24.9612886010002
25.9532874640005
29.6013698790007
18.0489867520004
15.6489621360008
19.1368732000008
23.3611642050011
440.543056724001
408.344587494001
746.875037935001
169.615912891
397.158278017001
267.606657039002
452.532838310002
232.329753891001
268.941937091
155.008752958001
975.557342933001
520.668654401001
487.026125848002
365.835465313
556.873907197001
396.481928079002
343.125427161
337.181684254001
319.922771700002
370.423855124001
359.880282145001
324.924684170002
337.681700473
322.306861958001
322.773525441001
323.150564908001
435.059627913002
355.902401262
225.264982786001
233.854212763001
353.889997743002
312.848950864002
181.332435057001
253.136942566002
168.057106272002
280.516096770002
160.333082426
324.853091940001
171.711841489001
252.612660651002
296.269236943003
304.925265001
300.792338014
301.680801474001
331.907094378002
283.852126672002
276.925795205001
280.903915090002
289.194756122001
290.596494012002
289.280576576003
242.136462972001
153.678510183001
155.700538475001
152.263923842002
163.588169130003
143.992457679001
275.710835560002
286.330847642002
170.147173517002
254.839143178002
258.096097974001
272.607059654002
132.949840333001
538.983424988002
440.776118664003
408.048255894
388.553213037001
371.623803511001
422.517024837003
439.571890034003
368.973742784002
548.318761053002
429.647627840003
371.079927487003
384.682263831003
387.155025368001
412.119786727002
288.975773850003
335.969436493002
300.429200998003
309.101367392001
244.073966364002
147.288482952002
145.114423192002
263.494703945003
269.374672908
152.648440300004
250.391901671001
260.312112859003
155.121968877003
291.186806283001
168.153843842001
271.710575654001
188.683048304002
161.233759572003
200.069589219002
139.413937272002
189.812128070004
147.373930621002
166.061655920004
182.886765702001
162.345301918005
151.217566461003
170.063267587999
219.492330071002
168.829614665
354.569604061005
292.341787430004
295.473261175001
297.535862997002
443.730943036002
257.749532945002
147.819003192001
404.532490447998
356.382911854002
285.926981239001
188.488641648004
430.780891339001
340.541082337001
473.472647719003
464.461782849003
422.776630184003
486.559944600003
477.728246534003
461.568691640004
473.279611478002
442.303544636005
465.948312599004
450.936707001002
466.690035433004
446.597065771002
458.376813175001
493.220619234002
361.612541072002
515.893158884005
351.936565661003
478.726434320002
518.433685661002
340.476402820002
324.773197494004
340.255585838001
336.727221288999
335.172294260005
338.402478715
492.467855090005
298.158629752002
377.265250090002
436.803335364004
344.173966804
324.472307258002
232.552657175003
218.819276293001
206.490165670004
217.539203032
223.281667328003
210.541130975002
212.500492257
248.779432380005
212.746010218002
236.573040062005
232.876361004003
205.866187052003
218.730688961003
221.588072851002
208.739530132004
207.159193809002
217.823807138
232.963097035004
235.593767542003
218.001100194005
228.623889556001
202.093991565
218.683693230005
206.311469116002
252.262837108006
127.838051674004
236.731291849001
251.013785697005
248.048827831003
"n_492_d_0_tr_20_a_250x250_idx_0_p_flooding"
28.8334325510009
18.1449978890003
23.9691373060005
21.697193105001
14.8167813180002
23.5531115150005
13.9207440340003
22.2412431780006
24.7692716220005
17.9209228790009
24.1932779910012
16.6408324820004
26.5932425770004
24.9612886010002
25.9532874640005
29.6013698790007
18.0489867520004
15.6489621360008
19.1368732000008
23.3611642050011
23.4572377250011
24.5133310720007
21.1531277800017
20.5130926350003
19.3291039570012
19.7770971140008
21.6331136860006
23.7452787300017
21.1531159890006
23.425237634001
21.4731887110009
27.5851913340004
25.4091336040014
23.4891426390007
24.2892971260007
23.9051663690013
23.3931595630006
20.929148536001
24.0972170100013
19.7771537250011
18.8810933230013
20.2251358830026
24.3212377160003
19.8730886420009
25.0571687660006
23.649016048001
22.3690858130023
23.137138391002
22.2410775380002
22.0490703460019
20.7371393260019
22.4972425070025
21.4729970030003
20.1931392800017
20.5131740650017
22.5611420660012
23.6811722379997
24.1289826519999
19.777133553001
22.9449798730013
19.9690353630011
19.2329230430008
20.6410065500009
19.232972250002
17.8250051880013
20.8651067320016
16.0969711930008
19.8089686920007
20.6090907820009
19.8731266430023
25.505305609002
20.0971944070005
18.1769994970011
15.5846939030013
14.5928046040016
13.4087128920015
15.1686803539999
21.2169788180017
13.1846875490016
18.6889393020024
12.9606831080018
15.2647455870003
16.2888354780009
16.1928354450023
12.1925475350011
16.2888690550016
23.8731646560009
22.0171121970019
22.8170649560013
20.5130700060021
21.5050370510017
26.2413543180013
23.5532633280009
22.7851672830024
25.5052316540016
19.7451612410031
21.8251232480018
22.1450450780019
24.3213179570017
23.3292884780028
20.8650072030032
24.0971861810007
24.0972094800025
20.4170443460026
25.6332299020023
23.3292961470024
23.2331790880007
22.3371586350023
22.5610630930024
20.0970652370032
22.6891420770023
22.785033124002
21.3772261150016
17.8250036830025
17.2809807390024
23.5850951370029
18.0168580340005
24.5131621980015
19.2009630940024
18.8811258620021
20.7371242310046
24.2251691840032
20.2251001850051
20.3210295290006
18.3689542520007
20.5451285050025
25.3771837380015
22.2410004200064
27.2332754900049
24.193284422001
20.513081796004
19.2330790300019
26.689286846004
24.4173289380036
23.873298253001
21.8250322450046
22.4970138650029
19.7770320890029
20.9290148350014
20.0010116060021
18.241066466004
21.1531086430021
18.3690301640027
21.633027813003
21.3770689330026
23.7130564370034
26.9452819840019
19.7770525570036
21.7930768790033
20.8650321020016
21.2810171490041
24.5450834920007
20.0970535330001
22.8170005020019
19.8730423280011
18.9130343770039
19.1370643680031
19.9690717620022
18.2729696220036
21.6010387070007
18.080977258002
22.8169971040018
20.3210020920004
21.2810325400064
27.2650067800022
22.5610707850024
22.465051878001
20.609086818002
18.4650036240015
21.1530686420005
22.5931778430031
22.9130752890008
19.0090439380022
21.8250525280048
19.3290260190011
23.8090360320022
19.6810233080029
18.8169831050011
20.9610664010036
20.9610450850022
21.0890028250041
20.6410044820018
22.2410499500043
19.424968802003
18.9129764330005
18.0489852860042
20.320969041002
19.6490139730017
20.1929775320018
19.1049816990017
20.0009533150052
20.3209852070039
23.1050260620016
19.7769461840025
18.2409668660029
20.4170235880028
21.2168860770028
18.6889734500042
19.5849584330041
21.9211480660029
"n_492_d_0_tr_20_a_250x250_idx_0_p_mprt2"
14.048703338001
12.5126533130002
15.2007722420002
16.5128768830014
15.4248097100007
11.3285954140006
15.8727939509999
16.9927643900012
15.552685246
13.7286752630006
14.8167097990006
14.3687033540001
16.7687272660011
12.6405946890005
13.8565958220003
15.6489403240014
12.1926146710001
15.0086968420009
20.0969022290005
14.3688500440007
15.2328923040015
18.6888737930007
22.3372911960009
14.0487349400011
18.3688206270007
16.4168137530014
18.0487933030005
18.4007589660009
22.465123761001
24.7691245480013
18.048804650002
19.2330085910006
20.0008115210011
15.0087996480011
21.601000946001
17.8248241880015
15.6808495180005
26.6573151910015
26.113393329001
30.2733956510011
27.0093433050018
14.5928486000031
23.4572118290011
30.5613498130004
31.5533900420011
22.0811121140017
22.8170934290013
20.5129934370003
17.3769425760018
22.4651643090006
29.9609362380018
23.2012446840013
20.3210207250013
18.7850847800011
12.9606823380009
24.737210295001
25.2811929419998
23.5531265660001
20.8330945900013
20.8650646220008
22.4650478920019
21.1850138300012
21.8250668260005
21.601067934002
17.6010140120013
31.9441939210012
18.4970369070001
21.5050415220013
25.1532069170004
20.1929858610015
17.1849142990013
20.7051561440004
20.2890014840005
13.6327203330016
17.2808185980013
13.3767638550015
14.4006204890008
13.0567184100023
13.1846905500019
13.9206412220023
15.2327077980026
13.0567683270009
15.3287525640007
16.5127825630016
12.0005640700036
14.2407564720024
22.8811008340006
20.6089820350019
20.3210154830025
21.8249995720026
20.2888672960029
20.1930398290013
19.8409899450009
23.2331728860018
23.0410116000037
20.0970380280019
22.8811915250002
21.3770541810021
24.929175845001
26.0173173510019
20.4170027890029
24.3852026250018
24.3212246260018
22.0170324310018
22.1129334510017
27.1052765270028
24.065191981002
11.6805470610011
27.3291421010011
19.4249823050026
24.8651074990036
22.6891922470021
21.9531108600037
20.7370686280015
20.2889637750019
18.8809499870022
20.4170624610018
26.273221190003
19.200994571003
22.0492067940032
19.9689432760017
21.0571441330032
25.0891251600045
22.497047306004
17.505008421999
23.169095102002
21.6011198010015
23.0091935030039
27.7455236680026
21.0570649209991
23.3290854650043
22.9131371619999
23.9050666490037
21.9529043880016
17.0570094309994
17.5368436570018
22.3690599540021
21.2811096570036
28.0971542090036
16.4169161400025
29.9212743390029
26.9775758430022
34.8818150770036
19.8731136460033
20.6730003640025
15.8729289530051
20.768917373001
19.4569376640032
18.3689566180014
19.4249119340029
21.5049627350048
18.8170360760012
19.6489878480008
18.1448906090012
23.2648998340004
15.0088109210031
21.5051082310005
22.2730826040021
20.9611559500047
19.8729527860024
16.320942555005
23.6809294900056
20.8329778190013
22.9449699890019
19.1369412820031
18.3369279490044
26.8812355340025
25.057225589002
22.4651672390017
23.6172425410004
21.2809883960041
23.4570727350025
27.553279091002
21.0570555140031
21.2810021530032
25.2812198380035
20.8650739550009
20.7370408929997
20.0970130620028
22.2410735050005
23.2330543140051
23.4570018150038
19.6489960200026
22.9770924380048
22.2411547190013
20.3528843980045
21.921067212002
16.9608709980018
20.9609479410027
33.057517626002
20.5449859760058
19.7449289600051
21.4090067330019
24.4169803780032
20.2250213290007
17.6008670140035
16.2888227530011
22.8489821760007
22.1449856700069
20.9609974930025
