"n_492_d_0_tr_20_a_250x250_idx_0_p_abba2"
194
367
257
251
214
208
164
264
220
268
258
357
283
448
213
269
162
348
332
317
260
374
390
445
283
371
392
369
377
278
272
226
456
308
325
282
227
415
474
394
399
286
281
249
370
480
331
278
197
334
410
460
453
470
459
471
464
448
462
464
282
479
167
360
282
275
281
479
256
263
262
282
281
281
282
278
208
362
368
367
278
259
287
164
109
259
436
253
373
383
393
258
371
473
287
279
441
284
441
282
400
282
177
254
226
458
469
282
277
366
269
384
386
386
438
387
342
329
212
216
345
338
330
451
379
277
465
436
281
282
412
458
415
231
443
444
247
465
459
455
324
442
272
224
75
401
453
455
272
439
467
405
389
420
321
312
356
469
450
421
483
476
479
474
471
474
481
316
484
483
479
479
482
274
489
402
386
483
483
362
487
107
481
461
489
427
480
463
449
355
273
479
402
278
393
226
230
226
342
392
"n_492_d_0_tr_20_a_250x250_idx_0_p_adaptive-local"
420
357
393
457
288
328
288
393
393
364
452
288
454
468
463
467
363
368
368
469
235
130
68
233
126
137
207
144
150
213
198
28
365
396
354
350
467
403
387
467
404
406
401
400
401
475
485
483
483
485
486
486
483
481
481
480
481
462
476
475
475
480
475
477
480
466
482
483
467
468
378
282
281
282
282
279
280
474
281
363
278
276
277
167
466
460
463
462
476
476
462
462
490
485
485
478
478
474
474
478
471
479
283
283
283
283
282
282
283
282
284
284
391
384
384
384
384
384
375
395
391
391
395
390
391
391
397
396
477
389
476
382
382
482
481
394
395
481
479
474
477
477
482
480
475
477
468
474
476
483
480
480
473
420
476
474
483
480
480
480
483
483
479
482
483
483
484
483
484
485
486
490
486
490
489
489
489
489
490
490
489
491
491
489
491
491
491
489
489
490
488
477
480
476
480
281
230
428
424
482
"n_492_d_0_tr_20_a_250x250_idx_0_p_adaptive-swsp"
420
357
393
457
288
328
288
393
393
364
452
288
454
468
463
467
363
368
368
469
177
181
210
82
208
139
149
129
214
148
448
205
265
244
438
484
484
384
403
483
403
403
401
376
400
477
447
484
484
487
482
481
482
481
481
480
481
463
473
477
475
478
475
477
465
465
482
482
481
467
379
370
281
282
283
283
282
475
281
366
278
277
287
167
470
459
456
455
468
484
463
454
490
491
491
486
486
473
473
477
474
471
283
283
283
282
281
268
282
283
283
391
391
383
382
384
384
383
374
395
391
391
394
389
391
390
393
481
390
473
381
466
387
394
477
394
287
393
476
471
476
477
481
476
472
472
476
479
480
480
483
483
476
423
405
483
484
483
483
484
483
483
480
479
484
484
483
485
490
485
486
490
486
490
490
491
487
489
490
489
488
490
488
489
491
488
490
487
487
490
488
477
393
479
480
481
344
429
425
482
"n_492_d_0_tr_20_a_250x250_idx_0_p_flooding"
420
357
393
457
288
328
288
393
393
364
452
288
454
468
463
467
363
368
368
469
469
398
471
473
473
396
473
398
396
395
392
393
477
474
487
406
406
487
487
487
402
405
401
401
403
489
403
403
487
487
487
487
487
483
482
482
482
482
467
477
477
478
478
482
473
479
468
483
483
477
468
383
389
283
283
283
283
368
283
369
284
283
283
284
167
274
466
465
469
474
486
486
491
491
491
491
491
486
482
486
474
474
474
474
479
482
482
482
487
394
394
485
394
387
387
472
387
471
391
398
394
394
398
393
477
394
476
481
479
480
475
390
470
473
483
477
487
481
481
483
480
480
480
483
483
481
481
474
474
481
479
485
485
432
478
478
478
485
485
481
481
485
481
485
486
486
486
486
486
486
486
490
486
490
490
492
486
489
491
491
489
491
489
489
491
489
491
489
489
490
488
485
488
488
488
490
439
437
437
488
"n_492_d_0_tr_20_a_250x250_idx_0_p_mprt2"
203
201
211
224
204
179
221
222
271
209
210
205
208
191
193
279
191
192
207
260
255
273
387
339
223
220
286
283
325
373
214
231
272
180
292
275
286
473
472
395
380
284
382
377
377
360
362
273
276
377
459
468
404
406
125
407
408
404
392
460
449
406
404
323
325
336
468
386
403
392
343
372
376
270
271
271
263
279
219
270
269
280
280
284
167
271
370
379
377
325
368
309
335
381
335
335
479
450
478
424
384
434
418
223
224
410
478
182
331
357
311
336
387
336
371
387
362
327
318
396
303
319
366
361
346
315
378
394
344
394
386
366
358
333
304
291
368
350
351
330
343
401
480
398
401
368
398
343
314
346
344
388
357
229
394
281
477
474
478
393
467
468
465
475
468
467
355
471
417
342
311
465
467
484
461
456
395
456
472
472
427
406
442
406
398
416
484
478
487
437
472
430
431
479
416
228
228
431
429
427
