"n_492_d_0_tr_20_a_250x250_idx_0_p_abba2"
111
174
128
124
106
100
93
128
81
138
134
185
159
213
99
130
88
169
163
149
123
190
188
212
138
191
203
179
194
144
135
127
211
133
144
148
118
201
233
196
216
152
147
135
205
239
160
140
94
179
202
230
229
241
209
247
244
216
237
232
138
249
90
192
152
140
146
247
131
130
135
148
154
153
150
148
102
179
194
194
135
137
157
92
64
133
206
128
170
194
195
131
176
239
149
150
217
140
208
155
185
146
103
132
122
226
229
145
139
181
129
177
192
188
212
183
169
155
110
119
170
167
165
224
193
141
231
212
140
152
179
225
196
103
234
213
121
217
225
218
147
220
132
105
42
188
217
213
145
212
246
200
180
212
149
163
184
224
229
203
252
251
269
247
247
241
251
179
262
251
252
257
253
138
275
209
206
253
261
198
261
60
249
247
269
219
246
229
226
193
137
250
212
141
216
116
124
116
179
203
"n_492_d_0_tr_20_a_250x250_idx_0_p_adaptive-local"
420
357
393
457
288
328
288
393
393
364
452
288
454
468
463
467
363
368
368
469
101
79
40
134
80
78
119
78
77
116
113
20
184
163
169
167
241
229
211
242
231
229
226
227
223
253
260
254
257
267
323
298
289
314
305
292
298
295
302
283
306
293
310
311
306
308
362
367
326
333
304
212
223
223
229
219
220
356
236
269
186
213
208
135
319
330
318
337
342
361
301
318
347
361
349
334
337
334
344
349
303
344
216
211
200
201
212
206
209
213
207
222
264
251
270
262
272
275
254
283
278
286
261
275
268
313
283
295
349
266
351
296
299
376
349
301
317
379
389
363
331
370
334
342
324
344
330
333
327
335
295
346
329
310
331
344
342
340
340
350
391
340
349
338
324
348
370
360
350
344
352
362
374
383
371
388
393
381
393
376
348
371
359
375
390
405
386
371
416
368
379
382
385
365
355
220
181
313
340
399
"n_492_d_0_tr_20_a_250x250_idx_0_p_adaptive-swsp"
420
357
393
457
288
328
288
393
393
364
452
288
454
468
463
467
363
368
368
469
106
117
118
52
118
79
79
78
119
73
214
114
138
122
200
252
250
208
227
258
226
228
228
203
225
250
223
260
255
275
292
308
300
323
320
300
325
277
293
319
300
303
340
305
296
314
342
364
375
344
291
272
202
215
231
227
234
315
232
248
231
234
207
134
346
332
348
336
309
368
343
303
366
358
357
339
365
316
323
318
299
301
202
209
200
186
197
176
200
215
201
287
271
272
293
277
277
274
269
284
288
285
292
291
291
310
321
380
309
369
293
320
285
305
320
294
230
298
363
369
323
318
336
323
329
351
342
345
352
342
347
345
370
317
317
375
383
379
396
394
369
386
371
367
407
393
364
409
398
387
387
400
389
396
380
378
379
384
376
394
368
384
392
381
381
388
401
397
400
392
405
368
320
392
372
376
284
356
342
417
"n_492_d_0_tr_20_a_250x250_idx_0_p_flooding"
420
357
393
457
288
328
288
393
393
364
452
288
454
468
463
467
363
368
368
469
469
398
471
473
473
396
473
398
396
395
392
393
477
474
487
406
406
487
487
487
402
405
401
401
403
489
403
403
487
487
487
487
487
483
482
482
482
482
467
477
477
478
478
482
473
479
468
483
483
477
468
383
389
283
283
283
283
368
283
369
284
283
283
284
167
274
466
465
469
474
486
486
491
491
491
491
491
486
482
486
474
474
474
474
479
482
482
482
487
394
394
485
394
387
387
472
387
471
391
398
394
394
398
393
477
394
476
481
479
480
475
390
470
473
483
477
487
481
481
483
480
480
480
483
483
481
481
474
474
481
479
485
485
432
478
478
478
485
485
481
481
485
481
485
486
486
486
486
486
486
486
490
486
490
490
492
486
489
491
491
489
491
489
489
491
489
491
489
489
490
488
485
488
488
488
490
439
437
437
488
"n_492_d_0_tr_20_a_250x250_idx_0_p_mprt2"
160
117
133
126
135
107
183
158
226
169
165
163
144
141
136
206
134
142
154
174
170
212
278
223
139
155
219
223
215
271
168
175
194
105
215
183
234
389
370
307
285
224
304
295
280
277
279
218
216
277
337
356
326
325
103
319
312
330
268
324
301
314
292
228
230
215
396
304
325
331
249
317
297
205
206
216
211
221
188
213
217
241
242
243
148
233
282
297
301
247
262
230
265
290
254
244
374
340
379
349
304
316
318
172
180
316
329
124
241
279
233
287
302
266
257
305
275
259
235
304
235
226
280
273
256
228
290
293
251
320
274
250
253
244
198
179
261
238
239
240
223
312
361
291
288
276
278
236
213
252
265
301
240
170
265
216
399
363
363
301
370
348
358
358
335
333
244
347
292
242
235
369
336
385
328
320
276
353
356
352
306
279
300
286
277
298
406
385
398
327
353
314
318
375
295
164
167
322
308
296
