"n_492_d_0_tr_20_a_250x250_idx_0_p_abba2"
0.080608145807985
0.075091646485088
0.064083155894829
0.065841830704394
0.080575173607605
0.066636332269325
0.069750632307206
0.067272120783297
0.066415881193836
0.065900454654136
0.080250557331505
0.080233418519387
0.07123950673011
0.077297786085224
0.069430057818651
0.068662702153543
0.060185423261416
0.06486251586165
0.064858493783511
0.064860951565075
0.06596324515681
0.064489869779103
0.062727434634029
0.066935765721563
0.073085405909776
0.069169400997913
0.060334422205219
0.06396364300988
0.079644874548119
0.076384874559238
0.064903176853295
0.063627949000086
0.064472914912166
0.065197822254139
0.064886704894974
0.06135674244079
0.06293524332773
0.064733554142449
0.066439093051023
0.063622222084714
0.066976270707565
0.068509187147573
0.064329985293981
0.070747953846312
0.063280613968326
0.064459593100923
0.0630193094303
0.063198752373048
0.067069601640987
0.068828062681311
0.06310860511425
0.062599259196327
0.076728530506561
0.074398341739504
0.067957274940131
0.068332497982881
0.072243667261978
0.062914259069927
0.070142675470761
0.064041418405504
0.070656392985495
0.071042617489469
0.073323927254795
0.075097167885377
0.074407218795946
0.073869225528047
0.078665637423936
0.06714413446394
0.067395434072529
0.066654372010122
0.079306727466219
0.074565529529301
0.062713884447159
0.076215364708524
0.077626091639047
0.065789909230959
0.064751501856355
0.061843831661937
0.076448117220239
0.065458885574902
0.062047774663411
0.070007869177863
0.067853545211962
0.072584759523287
0.068387760934232
0.07010080060269
0.077600351770772
0.070389378192005
0.068413923138983
0.067116471476592
0.062614719439517
0.067624978713238
0.068166662936867
0.073904594371303
0.06866248785457
0.067654137878756
0.063511951507965
0.068195626998432
0.069678390286879
0.074197351019178
0.068491349579715
0.069179018107751
0.065157489210583
0.06208806888788
0.075479529919063
0.071700367255475
0.065363217658231
0.070293288880785
0.065268967007333
0.069067451848269
0.080378203286439
0.06887394639058
0.079979396049454
0.067981910939326
0.079147802495634
0.077458759438349
0.065368709226054
0.065018448951109
0.061123633426983
0.070192145006839
0.067589080458655
0.068663369904305
0.078230876795524
0.067602282289478
0.070818100428551
0.072873609867434
0.071062254176438
0.066947031422533
0.068485269288657
0.063825433928119
0.078207252364784
0.061518045654608
0.079344304804526
0.066466518234623
0.071789836791534
0.069399571503425
0.063233592049719
0.070767896982938
0.071088546231149
0.066500608518194
0.071353024423185
0.065170203357104
0.071579341513057
0.066593605061954
0.065450783312402
0.068021225601133
0.066130678457161
0.065855371504511
0.074258494395042
0.067722459696094
0.077976167400703
0.077070278735876
0.067659302939608
0.071307600504558
0.067365821241273
0.074979842175821
0.077148432877978
0.066502608953287
0.071959915320379
0.077560951757771
0.067070974687547
0.068504887886819
0.07635390529796
0.066699252877536
0.067552248687869
0.066323573699666
0.072664313301417
0.071455355156396
0.07718561171903
0.064106215834865
0.065695308622237
0.066059316166631
0.064595179511378
0.06746839200672
0.067103915034221
0.067271141875437
0.069539405264693
0.066667925832065
0.066363877241125
0.065070079744565
0.065974885374994
0.076801830323216
0.067256885302769
0.077185854414887
0.069069862399347
0.077744409933343
0.068533251188081
0.064750837834495
0.064847568750376
0.064932670572963
0.076733615399238
0.064293358623754
0.066296370700715
0.071363304551507
0.076589194522359
0.071363724850899
0.077956275907218
0.068378078297401
0.077764714376783
0.072194788412132
0.075406730228361
0.063515684036032
0.066528254395986
0.072349619731562
0.074569688914596
0.073129578652658
0.066433128300601
0.06624604115769
0.066277449599833
0.071959557928202
0.072029181041682
0.069055507538663
0.068782860183318
0.071135282234247
0.077759710083533
0.068695844569753
0.075888508911296
0.064396904912582
0.076248760287223
0.067961515007081
0.073302970483011
0.064491756183692
0.072973308384964
0.069021085463387
0.078598420408958
0.075174394713196
0.076410633266374
0.071347610468963
0.077653052738943
0.068903465055257
0.067521082588076
0.06677479623795
0.078411481732085
0.078703105357879
0.066805618246317
0.062737598919541
0.067285969753961
0.06413245297334
0.073755063500114
0.062687292710019
0.067062196117165
0.077603760228827
0.065082505185263
0.062420280834648
0.077864918334115
0.071923639437149
0.078696113166639
0.075538855361027
0.070203470016944
0.071926230059737
0.064242489145681
0.072632720257895
0.076874064109916
0.071577451613214
0.072536040979268
0.073606235523237
0.073248235062936
0.073155797163929
0.07327703606697
0.07057114777376
0.078052197086824
0.07653643468409
0.075540688800443
0.073106523003728
0.078883117993943
0.076942137003473
0.061559218942585
0.061805706079325
0.078883118465284
0.063191049039188
0.075844534286688
0.07447647132144
0.076940356446494
0.062394953852171
0.063573380960477
0.078409882801436
0.07878833361814
0.07849700202821
0.069564331042174
0.077737570196182
0.077215649362931
0.063710894892123
0.077306436927274
0.078741937911666
0.063971870579999
0.064515112732423
0.070042025420236
0.063106135021679
0.077066672188735
0.074684611415906
0.079649669196963
0.06891599606049
0.074683835234094
0.07161725046096
0.065044182390858
0.071577286347336
0.068680693261885
0.077881536081877
0.075489793857859
0.067450718389356
0.077406894376296
0.064162533011625
0.076670745029016
0.065318984024869
0.072398767044559
0.064780094275628
0.063802274693454
0.074691397710778
0.066849043430139
0.066683328628961
0.066181413500129
0.074029248424871
0.074476276481674
0.074035723690337
0.066872122695633
0.063484785379378
0.069359602138405
0.072309313043846
0.068576291014528
0.06297958064861
0.074385129420179
0.067564225749527
0.064914417088027
0.063786973925844
0.069861497072757
0.063825302443077
0.067059481839973
0.069409899844965
0.074495761952933
0.071164361175408
0.062750734048748
0.06695605876974
0.069939886253568
0.069651915163866
0.074273582986911
0.072257247247827
0.072253899859271
0.072332565028373
0.0741141821809
0.063005600709258
0.062376096603929
0.062820621175166
0.06671772397912
0.078340051095013
0.078327295687709
0.077519162993144
0.077529642999326
0.078083764507259
0.076905890443366
0.077434894342273
0.077953551270103
0.077032257625261
0.078114930793391
0.070124726765131
0.077428724036127
0.077428236955508
0.07750789748217
0.076567384809843
0.067558043465169
0.0779042331044
0.06701463531916
0.063192434638168
0.066110762700842
0.065215776645416
0.064066680901598
0.065108427516278
0.062754018228589
0.065719239351956
0.068952267588954
0.065161210579026
0.066341797723951
0.067944008399676
0.064292306913858
0.062389712771768
0.066553460337828
0.06356842953675
0.064835130818772
0.068035043472251
0.06685378857337
0.078422253068065
0.078148790253434
0.065533178403697
0.074909901181156
0.063853661147515
0.067146044561151
0.066339859523248
0.06465756619411
0.078362494807398
0.070157189305295
0.077223575069608
0.077659125339433
0.078092904753618
0.078796444871667
0.077179840089919
0.067302896112252
0.076835051448081
0.067245744078006
0.068651928225663
0.078512327844171
0.070020037549785
0.078383693676533
0.074196190659161
0.077066164842029
0.077146699461781
0.07577384
0.074280656129552
0.067000240130306
0.07812839046136
0.078121433252134
0.077661420058294
0.074813965805265
0.073780304251265
0.073118234358864
0.077835300347754
0.076712177645922
0.067909569581399
0.077486901299101
0.078139187527942
0.077707257411593
0.071989218131101
0.077983574236371
0.077193263991719
0.077200738094195
0.077176869499454
0.077065434244181
0.077708292999485
0.07297374418543
0.077438396675381
0.077736818696333
0.077396220763431
0.072669104110826
0.076702390325316
0.073353303378062
0.067983031527891
0.073014417839489
0.069924845768027
0.075866768
0.074992923259146
0.074368626123756
0.077587691426395
0.077588547706314
0.07783624184795
0.077180687013535
0.077577365214701
0.077564283534576
0.077382613902862
0.077707220813769
0.077693136191035
0.068646676081963
0.06950189300231
0.077623298426044
0.07763737846212
0.073778517650215
0.076678864
0.061405609044645
0.061406762902065
0.06150405263305
0.061654674046189
0.075431271250511
0.076043950175777
0.07713952346668
0.077221152879058
0.077233469443878
0.077199006389067
0.076795277330161
0.077127819345434
0.075050697904139
0.06204148997867
0.077275600188375
0.077275600113025
0.07715167356638
0.077004168245089
0.076588203755086
0.077181783518822
0.076183640647355
0.077324159955322
0.059396853940998
0.077297589030956
0.076889813804559
0.076514992115708
0.075300530546824
0.075694530131489
0.076566936023005
0.077677404209529
0.077679603330198
0.077418503557598
0.077322037737359
0.077681450315214
0.077559529857535
0.077382088650595
0.061579510197692
0.077001256207659
"n_492_d_0_tr_20_a_250x250_idx_0_p_flooding"
0.080292578689286
0.078705195921447
0.08029771614299
0.080033114798641
0.080128922235623
0.080532424568365
0.080076126501181
0.080179037087883
0.081074694934246
0.080432290626884
0.080205862564071
0.080206246134721
0.080593698740325
0.078848063864224
0.081076676282509
0.080635789263622
0.079675578379517
0.081562601339071
0.081657037210338
0.081655717335364
0.079768939469003
0.081054291253339
0.081779375044346
0.079789336149655
0.079575073678519
0.081911052263399
0.080040635146632
0.082061266973515
0.080838656704548
0.082030866533485
0.082153355810733
0.078871093397721
0.080042041743636
0.081875712080328
0.082153209358393
0.080063182790987
0.08185270562834
0.08168303490204
0.080142728925257
0.078869394792091
0.082332585006038
0.082107725684893
0.081643245718381
0.082136087838459
0.082044849761754
0.080141282732369
0.080458597758638
0.082112193329615
0.082086505553291
0.08230982956155
0.082099236405873
0.081074568943378
0.078872996470482
0.078401947246343
0.081094661792848
0.08045266783372
0.080584903631678
0.0815756453094
0.082928008526407
0.082379834420969
0.081057986235558
0.082947487046723
0.079651635190995
0.078632883456314
0.078084219667805
0.080405288924495
0.080492326198458
0.080745815687179
0.080529007623367
0.08064761006646
0.080697925517568
0.080099088192315
0.081034709268497
0.078165091164598
0.077950077870411
0.081115008872525
0.079474816786043
0.080731910314514
0.080433146057924
0.081208290370285
0.08129178370368
0.080434420026766
0.08121049639509
0.081541400122626
0.08111456219004
0.081466659432325
0.078638866325292
0.080661868737506
0.081493346496084
0.081227790809733
0.080968019122443
0.080855232635009
0.082093500223929
0.079240767908199
0.080203388779808
0.080396892040711
0.079927369364063
0.080451215860972
0.080257031787177
0.079033627547074
0.081157744711657
0.080925612661311
0.082146706607093
0.080190904425354
0.079039753316925
0.080975724527684
0.081439398338253
0.081318253003367
0.080139186728411
0.081144607682261
0.082002331208991
0.080245171863043
0.082227948284206
0.082251021972446
0.078368556976978
0.077586245383816
0.082214657537312
0.080912077980265
0.080184878742502
0.081319934918777
0.080997857156783
0.08132383772402
0.077871024016166
0.081326879832912
0.080571224619573
0.079422767992751
0.080912359388984
0.081578272113754
0.080494913811278
0.082226550305251
0.077923320396739
0.080188883002611
0.079957593501648
0.08091300284223
0.080379753606852
0.081185382330416
0.08049882168466
0.081116975429577
0.080399043891963
0.080825340100266
0.08115252225193
0.081636337737511
0.080174242310404
0.082572625780234
0.082235899522303
0.082397449912448
0.081304938772719
0.082053179211304
0.082345879854631
0.081073171064541
0.077549041292341
0.077343333223984
0.081289783527015
0.079893297024057
0.081156389769292
0.077875533751965
0.077970719685593
0.081264820741446
0.077891324970875
0.077652805734793
0.077467040273946
0.081865208068583
0.081551193081152
0.081400436135488
0.081937760108439
0.082162293806489
0.081182341503388
0.081525612656585
0.07789103830492
0.081784014631368
0.081990553508608
0.081259572000269
0.081846873244191
0.081812919044686
0.080997916898715
0.082115457656304
0.081341080647855
0.081070497877361
0.082311541648167
0.081972552610066
0.08174490551963
0.078045594736076
0.08196034041897
0.077891328594532
0.081229514270392
0.078067855148999
0.080334993785526
0.082546005783177
0.082542263345033
0.082160523173801
0.081041940854123
0.082681273443286
0.082705391032088
0.078109449035978
0.077225970130269
0.080791290536413
0.078244722996281
0.081623958447564
0.077857847471357
0.082059619271633
0.078182575469566
0.080954825075294
0.082426879970423
0.081966877473871
0.079814221164468
0.079749924828579
0.081883134615007
0.082653008851521
0.081490178148811
0.082066529609539
0.081991139625271
0.081176151757358
0.081158684746091
0.082282353487585
0.077959101516098
0.08190562269779
0.08032561068662
0.081782620461258
0.079156288814781
0.081864124520403
0.080866304039461
0.081076283975053
0.081281894345123
0.079468810011217
0.080822023952635
0.078617142390724
0.07900259049469
0.079840754366783
0.080290075712673
0.081829486743918
0.082714182984988
0.081623200716144
0.079447909059242
0.078696889817078
0.080566644367021
0.081373534494434
0.080286404635584
0.080183844058044
0.078724261061094
0.080020941667519
0.080502605433131
0.077395129850769
0.080795432042488
0.079698433376825
0.078081610104352
0.081031962153291
0.078130788864615
0.081139855394754
0.080788842811151
0.08146691088468
0.079187421498955
0.076664865885262
0.07687163227479
0.079840294761011
0.079710596123277
0.080280237774205
0.07973026053596
0.080249455157061
0.077227432059581
0.078639062444319
0.077659516844795
0.07899844869399
0.079478430251274
0.077570680043597
0.0781897409964
0.07735449279774
0.080622443292447
0.080645952174273
0.078191669376295
0.080324150022926
0.08162236869307
0.078376175710893
0.077355168521763
0.080125752724336
0.080228423370978
0.077958561501244
0.078194867904825
0.077883551690294
0.08223864948718
0.077997658194996
0.077882492163894
0.081827136614533
0.077935216222674
0.079291857176597
0.082907565422255
0.082393833890429
0.079167006673537
0.082219532140703
0.077365792562872
0.078112247765776
0.0807259012658
0.081866270573491
0.078121943244646
0.081750301811376
0.081984946833332
0.081438894986969
0.080603066626584
0.078042938595117
0.077367898259768
0.081230975306143
0.079958256565122
0.082155404234492
0.080864250168379
0.082008285592519
0.081450381690351
0.081288678079001
0.081635624494224
0.078113465442399
0.082484448658133
0.08245213123515
0.081747293131115
0.077526356851399
0.077992007578625
0.077525203869046
0.081407869994693
0.082888517077791
0.080385027208743
0.080781037759551
0.081020140690858
0.081296415953361
0.080205603977421
0.081106227401331
0.082164179079306
0.081524758609998
0.08242767654518
0.081405190379549
0.08038757348728
0.082167809747078
0.077931714263074
0.080288399825151
0.080684371903655
0.08108937555009
0.082911039650339
0.081393532049896
0.079540643671275
0.0801359437887
0.080134887947174
0.081652347154858
0.077575050997285
0.079638654286104
0.080641851557448
0.079919270199469
0.081446602809168
0.078737057135584
0.078736191463965
0.077825873558415
0.078168732328097
0.078738625390911
0.077569969277081
0.077679383347157
0.078243143377814
0.077347060541739
0.078205488508229
0.081399419747452
0.077771457014184
0.077772130658093
0.077696931220592
0.077103698029598
0.081506038365344
0.077955587507418
0.080696175256806
0.081269961648895
0.080777293505193
0.081301519090193
0.080795368297444
0.081875855758325
0.080781427987959
0.080974643243371
0.081767327637503
0.080860020293434
0.081502376686933
0.080907082733427
0.081235909058236
0.081079648452079
0.081511329796592
0.080807475549533
0.081014623663706
0.0813914739098
0.080944884623706
0.080559387998144
0.079235891296901
0.080998057893149
0.07911080030043
0.081007946251134
0.080522175772631
0.081348102643265
0.080875990179917
0.077890114286206
0.079788731814423
0.07782398843917
0.078010548240905
0.078186742517584
0.080187326503654
0.077489118167019
0.077278960229705
0.07757150863355
0.077221168195459
0.078373425116395
0.07907779730495
0.079620675173168
0.079204968964362
0.079212099071535
0.077396364970862
0.077508777314409
0.07689384
0.077013649662501
0.076803632325765
0.078224420123075
0.078226022524782
0.077995780634322
0.078678245809723
0.077307600115449
0.07762462969552
0.077967628620667
0.078234430327045
0.079451388681236
0.07760548154783
0.078177103197408
0.077687908871218
0.078208950636386
0.077976288360878
0.077534778963048
0.077492813709714
0.077487784565915
0.07754246484029
0.078046060723998
0.076827587582546
0.077892643076794
0.077887659821664
0.077867750768416
0.076659889241709
0.077869479403733
0.077284322859767
0.080032915066498
0.077028838612119
0.079615108775479
0.07678363217763
0.078586129760362
0.079102793746544
0.077747916458055
0.077748175758131
0.07804627091729
0.077320198343492
0.077669527384182
0.077551798618425
0.077963507313402
0.078143678701565
0.077533024624627
0.078143766085206
0.077743229364337
0.077337571812798
0.07733758132448
0.077712796718499
0.07714056801087
0.077368087275019
0.077366555979085
0.077729377489219
0.077972685637864
0.078686513320296
0.077684035277674
0.077327256148303
0.078012251274407
0.078459908889944
0.077616667148586
0.07717301587014
0.077533460858535
0.078022742254999
0.078026197786833
0.077115490334121
0.077115474064213
0.077150785005419
0.077313808223961
0.077169685300052
0.077531527247327
0.076798064131608
0.077763487136676
0.078019746729456
0.077411266460911
0.077029310852913
0.076821424115708
0.078118731840412
0.076818064057854
0.077308752115888
0.077908331276727
0.077908524567741
0.078189329527366
0.077554068593266
0.077907543374754
0.077417566514034
0.077672222078642
0.077955232663584
0.077315600126327
"n_492_d_0_tr_20_a_250x250_idx_0_p_fullyAdaptive"
0.062171890295232
0.063408008228045
0.062315968504314
0.062490650731339
0.08184148571228
0.063750046257466
0.061637809635112
0.062196563625876
0.0826345751873
0.081768442057544
0.062517686906701
0.062281206542365
0.062740089550891
0.075974552479724
0.064875021751211
0.062940482482212
0.063252565594643
0.067371977836003
0.080096274018745
0.062527259584522
0.062550117920499
0.067337521466954
0.064143810870395
0.062610976209778
0.080744076442656
0.082096640748085
0.064416048356366
0.06257414970821
0.08242738193338
0.075901109915192
0.075553514752492
0.063591705973004
0.064739897821624
0.064079421681121
0.062641255869628
0.06408586620539
0.06370659924012
0.06199662074002
0.062943891600808
0.072034206795475
0.062204363970115
0.064605796237554
0.06410148738187
0.064422030775459
0.062161410819375
0.068463706888506
0.062816400803506
0.077606294470677
0.06753627197027
0.081363900798043
0.073542900812722
0.063339484585324
0.07662015161372
0.063886372469939
0.065416578197704
0.068378440251637
0.062914959490757
0.063200474444223
0.069874866537817
0.064475028344145
0.064096155060064
0.063306751570087
0.065057259510265
0.066436747852371
0.069175834131582
0.070519133349624
0.063257840887012
0.066812484971801
0.062063542114099
0.062896777837794
0.062694080264701
0.062479794357646
0.062405782268306
0.062087591527484
0.06277794451891
0.063074008079313
0.062144831987288
0.071051662490647
0.063589970619537
0.06841073967868
0.082042231797347
0.068871603773845
0.081992339383124
0.062275765403689
0.064006093415267
0.076181763254037
0.082537356736644
0.075251215843612
0.068946424882361
0.0651827053868
0.062359302827234
0.070163665428723
0.06353779494678
0.064501198542824
0.082450433873388
0.0713874602595
0.075981143853114
0.069900378028047
0.063431534012287
0.076005354054925
0.065820595026143
0.063336410901904
0.075434120974294
0.070311981024269
0.063420137010389
0.067808381970747
0.064193303430374
0.064533150772538
0.065130539346924
0.06378664412269
0.064092013067024
0.074657956837617
0.066518271101899
0.06533226145166
0.065917224281505
0.078216539520243
0.072262613539445
0.070018712066764
0.062485419325339
0.064858905354563
0.065050430049507
0.065937201372578
0.062687624610531
0.065244873883521
0.065030823706618
0.064538957223086
0.083331953412293
0.067395644710662
0.065317128221766
0.065876029109654
0.065173375740876
0.061903292570476
0.064552751789455
0.063401260388398
0.06859695363263
0.065305625053001
0.063444491160312
0.064581344044151
0.064194169581898
0.062869716191348
0.063493560629637
0.062255781960756
0.062947886836779
0.074274406482422
0.064685698880838
0.065567266127613
0.068580591731101
0.061813688120943
0.061813530546041
0.063098559035444
0.06845371339011
0.063920920054199
0.069047576972686
0.064338711389222
0.082026834955876
0.06418433060713
0.083073399795776
0.063193262071593
0.063535166362682
0.064720717535109
0.063659187903399
0.080867672765615
0.070429466485896
0.063168100250581
0.075771547845939
0.062298659716974
0.076244437987355
0.064240571864284
0.06435259433133
0.065952622474364
0.06809394837047
0.066780295933176
0.064648708463833
0.063757363041603
0.061157367337931
0.064118163737764
0.06666805142662
0.083570364172391
0.063044637470004
0.07661979119711
0.063692415494453
0.06665232936009
0.07598116036027
0.071484512511653
0.062977217193284
0.063901065592609
0.072958208289403
0.063577171476638
0.083479070494654
0.075408562671448
0.064190736139752
0.075148550413645
0.077635181243717
0.076921829147189
0.067246970269233
0.067878321915687
0.066418304972102
0.063403813094879
0.064089293341279
0.08242411270312
0.082715149589773
0.063003674216143
0.063003250000372
0.064764740782578
0.063066940582546
0.074202515145069
0.062920285443769
0.075767210623034
0.071647074655023
0.062015632563638
0.066220746650082
0.075543650285
0.081752180450106
0.063459128013301
0.061800966302319
0.061727607467158
0.061919080657421
0.07525670955502
0.066987881675205
0.063675148071051
0.065914759979119
0.064106475177857
0.063568710581454
0.06671604650726
0.063670790490856
0.062568003962488
0.062631378715964
0.064586953666943
0.066061244398009
0.067036286908955
0.063583936901695
0.073770611789952
0.062828332900702
0.062198774611889
0.063403579420289
0.076170637849719
0.062247734948268
0.063355693011785
0.063609912014464
0.065489502848327
0.074915068923118
0.083003336696209
0.066467133484727
0.074971362006751
0.063079212861349
0.069206885735221
0.075339503720986
0.081526455886494
0.062214567319697
0.063718430415752
0.074559807982209
0.063624179415315
0.06838106270177
0.063755151275121
0.065919957127695
0.075777931355736
0.073981702013368
0.08211267574628
0.062593245924982
0.082176553428777
0.063065009134882
0.064019211530713
0.076268323023545
0.067716536769225
0.061756085902305
0.06210625091293
0.06379554518714
0.062526409574814
0.079639722348309
0.06272842236588
0.063227039925678
0.062984037238478
0.071276464531569
0.062890561824159
0.067345630048655
0.069998334693075
0.0729513928873
0.064206654692304
0.063225030910338
0.063621400174184
0.082812089313052
0.065385551008609
0.064087674245322
0.063030462286465
0.064475336528024
0.077508705290183
0.063299013625298
0.069211111016732
0.063442261289663
0.063847515375533
0.063449278262393
0.063131883444067
0.06359173128278
0.068916410596773
0.081803208729425
0.062366951987937
0.083037912099573
0.077644406779823
0.063645340277175
0.063842460154974
0.077477153033453
0.06439499386547
0.062577537768283
0.075678008308743
0.063066772026644
0.082213070830194
0.075643646545349
0.077126807194308
0.08307304388186
0.07552849791832
0.076446897352457
0.07603111651665
0.075626827440395
0.075223957242048
0.07637064004855
0.076073655133518
0.075951891630761
0.075570169848217
0.075061863236523
0.075813525967156
0.062619722016414
0.075654396353426
0.075555999685184
0.075260269731207
0.074926924236308
0.074683000893567
0.076063600291288
0.081539459025963
0.075277855566281
0.074569562794466
0.07609830143027
0.062450598675677
0.07572262481471
0.074529886090321
0.076021448804537
0.075237266273029
0.07542155950197
0.075760405970901
0.075761206248233
0.074784054401096
0.075347282463896
0.075428177482084
0.075239019859484
0.075135491992649
0.074364445424591
0.074750596236126
0.074499398617592
0.074514522078395
0.070994881449634
0.07162406538327
0.07103461804186
0.070921065360833
0.070359528062897
0.070927346337829
0.070876459132279
0.070347995478184
0.071257169250594
0.071118491519803
0.070693607386775
0.070398639326462
0.070101860210213
0.071520011977181
0.071011390963531
0.070569153288587
0.070740782929983
0.070687345035443
0.070433943040553
0.070617936861192
0.070821180317647
0.071013936223959
0.07126055304906
0.07138114566474
0.070619740596436
0.071002144370246
0.070093866020826
0.070781285715555
0.070674390852103
0.070506691533161
0.070788314286288
0.070636613900939
0.070627890738649
0.07062769482329
0.070803490573892
0.070050551390265
0.07064611647331
0.070990099234994
0.070990101224056
0.071267462763703
0.070970315010668
0.070406140718453
0.071036957953268
0.07100326972155
0.071285001668781
0.071382684900584
0.070904828499116
0.0705085345276
0.070508624236557
0.071052296306586
0.071048931401023
0.071461288613777
0.070441281482884
0.071232267923961
0.070950647212613
0.070949491213521
0.070728566831399
0.070673274916477
0.070656751327209
0.070907213676535
0.070248311604603
0.070346880761567
0.070769747996116
0.070200103178056
0.070732461546046
0.070545175444981
0.070521168877865
0.070467392052267
0.070059163531636
0.069863824467058
0.069894918373885
0.070456479731477
0.069962880338896
0.070476752382765
0.070113562210809
0.070072134357757
0.070846774930891
0.070847154039397
0.070865330285391
0.070189166106495
0.07038779269769
0.070489328201412
0.070525824597418
0.070716081915799
0.070872025914653
0.070971251110705
0.070286434653192
0.069936305202898
0.070762909224977
0.07076500910342
0.070891839773512
0.069947336068124
0.070726121093669
0.070450364483255
0.070763961262117
0.070381199451792
0.070164905199661
0.070263455865921
0.070475545062061
0.070651758258407
0.070402208114714
0.070448121109261
0.070570632706573
0.070326175938658
0.070109766999982
0.070978690247018
0.070671691179384
0.070863092263458
0.070863088206492
0.070559140132034
0.070665213797119
0.070389517526436
0.071113792139919
0.069921767446296
0.071042355672307
0.070681562302003
0.070715380465839
0.070614897359475
0.070615568016445
0.071057682888148
0.070442087603075
0.070109441253158
0.07026375676453
0.070262784424009
0.070248314814018
0.070182249802219
0.070083671026715
0.069761954543276
0.070499327624287
0.070499325889302
0.070235031028483
0.070423895191502
0.070326104095112
0.070198876646486
0.070325984140381
0.070231125155051
0.070643316749225
0.070772065160744
0.069896868472033
0.07006353919431
0.070494699380132
0.070399723470704
0.070710869551546
0.070252123475224
"n_492_d_0_tr_20_a_250x250_idx_0_p_mprt2"
0.058809193585542
0.068718126554562
0.074998961666908
0.057210425210927
0.070690091843303
0.057361994383076
0.057358185951493
0.056996791259543
0.062651038014082
0.055837594465099
0.057474902422597
0.060563873204546
0.056991661716823
0.076281792318397
0.057526134694191
0.05734099686738
0.072257879420645
0.071829522080224
0.058031886158241
0.074673842032184
0.0587330618829
0.062469201255421
0.058195526390033
0.074310529161052
0.07056013920661
0.059746717388681
0.065924709174373
0.056667269675473
0.061089081618117
0.0569281795394
0.062421333368087
0.057076850845605
0.073815528600709
0.057076850423005
0.057863762528713
0.057922252508486
0.057184465413463
0.063146828264369
0.057242508823949
0.058112259609927
0.068824018790867
0.05548591451382
0.059860768667818
0.062870507488775
0.065113303930217
0.075413862992523
0.057076848882899
0.057865556154993
0.059427576039352
0.058263324774513
0.058166443874272
0.070554451930945
0.057234237058524
0.075930147696136
0.07811254063152
0.057440807257362
0.057603387856603
0.057392465644209
0.061972194123273
0.057446223861688
0.065965451221479
0.059237392393271
0.059581161255348
0.066918441572942
0.076178521349157
0.059344329976312
0.07236956685384
0.057557179556
0.057212376833924
0.058262305986073
0.060403276979542
0.059242191755004
0.057768007680836
0.060921358542859
0.057916196664649
0.059912715635246
0.05777616806135
0.055329977683216
0.062884976323874
0.05697732094226
0.06030376288106
0.068053661276101
0.057448073174843
0.056099857314903
0.056989712920282
0.057052733635098
0.056816091196774
0.077110455938242
0.057357173273745
0.057002258483082
0.056926587820566
0.05727285807022
0.076715323348682
0.057634323883808
0.057007132148549
0.057361880380199
0.057361880416461
0.057769174143206
0.057150995474742
0.057884836777625
0.057748033158877
0.057304342294904
0.057630361638136
0.056543922632884
0.057715964870072
0.076904978092518
0.057550361594202
0.057291538370334
0.057715963867247
0.057715580612961
0.056885176091853
0.076588821256846
0.05738191926148
0.068632667669981
0.057996710005412
0.064331477744913
0.056960280624117
0.057929627376295
0.056826258905659
0.070483052977685
0.057476154354174
0.058058466099712
0.057004275699559
0.058008611408985
0.076234333120809
0.057893996739566
0.058272392190204
0.05696811745216
0.057031158125815
0.058286010753556
0.075895304187721
0.059235246876966
0.057107735249838
0.056620507597566
0.075770288565631
0.056808506668309
0.062904564167426
0.058249093970826
0.056984567088977
0.064669530079311
0.077873595674209
0.077642636020334
0.05613280017683
0.057107735870737
0.056405523013883
0.058250882326352
0.063232146233062
0.060295289949728
0.078041799793633
0.071330401936501
0.056984568387116
0.060314160390126
0.061200532783614
0.055400432181767
0.056156848604983
0.057575509158687
0.068453726419599
0.06130873237546
0.05577134745939
0.055969620711739
0.05751767081355
0.076815325865399
0.059203030455661
0.058813098804686
0.070385322612082
0.057883611453544
0.058146951773867
0.058212665835724
0.057561141310805
0.057770690154001
0.056802330566006
0.05771315707233
0.057545449286513
0.05885224507372
0.058269418595402
0.058146950209175
0.074897163960237
0.077172569228205
0.056728856338824
0.056827416428328
0.076014755365164
0.057967619199626
0.057303133518854
0.057884320027684
0.071886975899599
0.059569816229108
0.058388724106189
0.057741228115313
0.065062322419196
0.057759317648739
0.057442367527335
0.075916688792743
0.057863196703829
0.058826135567267
0.073135778362843
0.055814355428537
0.058015340331223
0.058064645230895
0.056430225194242
0.058500799019605
0.075880671439375
0.056941517717517
0.076432911357445
0.058274384403848
0.058369417124262
0.061873471772204
0.057012387908231
0.058676591528796
0.063284348625975
0.057694039113472
0.056339376812934
0.057634232237711
0.058999386612759
0.075760335652807
0.077962487220916
0.057502493599356
0.076910379194325
0.058132536336608
0.076907854765215
0.061116611022583
0.076705538014963
0.058714125060157
0.05773925725861
0.057434709919759
0.058699551101545
0.057544781903892
0.057718217689034
0.075008191452591
0.071808423698219
0.055864496381252
0.077019426272916
0.065468117384606
0.062148179516252
0.068640519214158
0.055820496817793
0.075666385161371
0.075433649210876
0.0558204970366
0.055321840077813
0.060195473561785
0.060159664105651
0.074815710534663
0.056286100368476
0.074822967912318
0.074772212150508
0.073284457925604
0.055673369153479
0.075929075262397
0.056218008097485
0.075713216127011
0.056128176034805
0.07608936780326
0.055816599197688
0.055816599154108
0.058569346284271
0.060458766083071
0.075856068487088
0.05528328027479
0.055694512404347
0.056885160797282
0.058409003541358
0.056820621513552
0.058327936771632
0.073304878843345
0.057047213680069
0.056792143519614
0.057530179720513
0.057308384310192
0.076020907776021
0.077611119654737
0.057721680268812
0.057284812719412
0.075847430678883
0.055694512520345
0.057964493412506
0.057261021073085
0.05726102576678
0.076145133098198
0.058522486304968
0.075757744909795
0.075295097176585
0.057981214669311
0.060044753410964
0.060712542607775
0.061779858974819
0.059167997823601
0.056449911568154
0.058112702988011
0.055708572466552
0.055981457448911
0.055878000415642
0.059977773045875
0.055878000433031
0.060442861398115
0.073663640940519
0.055981841190792
0.057591627576771
0.075621980743928
0.05629964402447
0.075775510925333
0.059027916362386
0.063618487457169
0.057880244635572
0.057331277331203
0.057592438346456
0.075392880317817
0.06165585419443
0.059959742144822
0.057958051838215
0.055414000179547
0.075701104277166
0.055414000201642
0.057778072326572
0.067869445250537
0.061284946123543
0.057436692151907
0.057776833726932
0.068931930655746
0.057419631932071
0.05804969637185
0.057818943476523
0.058373899006472
0.073463794891863
0.058737934721729
0.075687936340569
0.076067253744129
0.057517596350242
0.056051792921467
0.060634227961088
0.065096272824874
0.058003696547415
0.075780753479326
0.055784816270267
0.063031381813786
0.057151658462284
0.057167791623794
0.076581783454595
0.057405437869309
0.077291511020459
0.076928269130679
0.057213959660114
0.062468079160149
0.057321532834654
0.05977041641367
0.056833800071682
0.061668201331334
0.056757436482694
0.057111328721285
0.057486218657673
0.056827019062687
0.064402401948917
0.056880887076855
0.057318154311901
0.05697615066645
0.058096281387208
0.056929267963404
0.057974329705045
0.057297671864757
0.073929344554836
0.05727165154767
0.057730454349494
0.057164230507951
0.057295664334044
0.057556609957866
0.06126153939257
0.058735452969658
0.057984352598122
0.05701031379456
0.075084438945105
0.056948634502078
0.057306628257885
0.057036600136496
0.061200468087996
0.062337966480258
0.075766641905112
0.076073894442486
0.055756656184053
0.075976809695028
0.060294960504656
0.056161648306755
0.065696511384874
0.075775088296365
0.056264592749592
0.071850047473429
0.075473651217355
0.075926422130502
0.075936658508505
0.074066764782608
0.075783760352554
0.057697399967952
0.073753604644973
0.075846451310419
0.059386884977074
0.074681601353118
0.075338096112252
0.075731856152837
0.074929072078006
0.075678290234446
0.05528872
0.07254762106865
0.057337014709884
0.074009333559701
0.056591605996192
0.05930300571658
0.075705022354648
0.055213488130306
0.075676112115449
0.055585915345367
0.075765095626219
0.056350477241878
0.056138815928181
0.075923758869799
0.055772107626163
0.06171343859358
0.076030481922975
0.074000192921752
0.055747952080674
0.075840306025087
0.075817149466438
0.072491198138834
0.076094140586491
0.07571649618489
0.056098184943278
0.075859751118382
0.055737105407612
0.073617384750378
0.065668356968791
0.067723231351226
0.061928880196545
0.075658395544319
0.071698904680482
0.075979509565381
0.055280560277065
0.056365685645473
0.068880145566948
0.062427153297869
0.055198864
0.062422554896998
0.072191027329301
0.056145648093934
0.075759444654217
0.075990297950799
0.055741012814498
0.075754768735141
0.075896570785632
0.075337680099526
0.075941783682034
0.055905936183282
0.056223410004945
0.07583685030807
0.055734864199917
0.055734864314255
0.075762225767401
0.05567406433972
0.055405840168082
0.055405840159412
0.055810832164288
0.075470864036003
0.074000983695369
0.055699984782566
0.055377200112704
0.07433381337101
0.069955580529147
0.061486545007005
0.055696753271949
0.075674704168038
0.059812784895974
0.05596894518134
0.05531924807535
0.055319248
0.075514870744966
0.055684560101106
0.075685264084218
0.075895302143345
0.055210864131608
0.075672219218472
0.075827856149919
0.075271218441406
0.0556111864126
0.055230864057854
0.05523307228927
0.075320656115888
0.072040369903501
0.055846449961815
0.055846449943863
0.063344177259138
0.055495920339251
0.071614321327312
0.055674799859622
0.061604725162975
0.056214416118502
0.075683472193872
