"n_492_d_0_tr_20_a_250x250_idx_0_p_abba2"
657.538611848
457.831775962001
682.128559359001
744.858597556001
574.080409133
709.849184618001
717.811909628001
702.254080231
674.970791082
729.878029253
554.642193489001
490.975864248
447.858619055001
722.322172651001
559.959006724001
647.494068890001
695.375719923001
629.919127418001
569.980707568
634.414512514001
666.990604499001
543.733636151001
728.966167533001
698.202999924001
703.044563205
462.813300159
641.793296933001
632.512461429001
750.999710262
696.618757299
613.290110807001
722.400548346
264.309133024001
491.204902283
667.745289309001
719.412112099001
237.331080988
683.843352003001
543.170179057
724.163089166001
476.801325838001
691.258909906001
480.052138701001
710.172460848001
701.537741635001
531.253716833001
556.730288600002
582.660985012001
740.599033973001
555.223743669001
610.772995676001
503.923285883001
746.047839380002
597.195811233001
484.365890142001
252.297439727001
467.565004301002
612.235409306002
482.721408196001
675.943973303001
461.833115932002
640.867739663001
669.957974247001
620.215850395001
716.660644911002
667.232742989002
575.870721452002
649.307159961001
689.061528272001
458.639636219001
577.016182482001
557.586235632002
676.166349248001
537.993543041001
741.968328895002
662.477501953003
568.637924381001
487.806229538
711.249091255001
557.957527949002
555.140619667002
568.519244288
669.979096356
561.021022530003
553.478995294002
607.239726167002
781.089264639
470.177919714001
721.885505732001
690.954460224003
481.740575944002
599.227629930002
499.362443282001
479.464800967001
456.618875356002
510.053610142002
571.669211075001
572.171683576002
565.145870588001
483.438595910004
623.027704075001
457.049132405
725.177696382001
497.948848880002
684.355812688002
713.958295439003
552.286184246
617.388453865001
462.240717965003
550.408876651002
468.428743511003
556.688094311001
558.599165995002
685.881213789003
709.609814759002
451.674745624002
456.612887146001
548.865562414001
462.035350573002
678.167246063003
456.653898570003
644.575006218002
657.862015348002
564.429306711002
670.767734111003
560.376326007002
701.335147451001
637.720335192002
615.600944960004
462.601383198003
713.989367358003
543.608553294002
557.124562745003
624.119665211003
545.525069048002
736.914167402002
473.008677855002
580.860176874003
731.926657101003
570.059939555003
693.419984243004
764.883968960003
659.224498333003
475.959955132001
613.391432558
716.032924681002
577.175441289
708.636890084005
464.245998935002
738.528209826001
461.149827723002
555.907646082002
651.035907404005
468.761983986003
586.966104555
467.416810993004
623.322666502002
545.389448963004
648.394736492001
462.016107270003
613.879277558002
566.709203744001
551.270726248003
609.206557485003
716.893838235002
476.812259217002
550.452054869002
553.274501072003
554.046687196003
565.429359828002
649.414460351004
686.162292675004
460.515602194
554.787578215002
711.117718218002
462.067527127004
542.908129030003
572.613062256
559.024316115003
548.193976026003
685.100871804003
538.172381940004
464.411493078
612.728173849003
559.812641194
451.407095679002
567.441001785003
622.207087249002
562.030559467004
713.019972860003
422.762410757002
575.467121134004
468.258340345002
472.103500955004
489.015006757
553.604693780006
433.206077977001
557.649354140004
556.315259353003
666.197269335001
"n_492_d_0_tr_20_a_250x250_idx_0_p_flooding"
25.0571694700006
21.6971462510003
22.1451700200004
21.4091942750003
21.9211542650002
22.7851883340007
24.7691238180003
20.0971703760002
22.5610942810004
23.7452717420004
22.5611637790006
22.5611969070005
22.2411822100006
24.0011718690005
23.2012222140003
24.6411539870008
23.2331132230006
22.4971236710005
21.7931411040002
22.3371831230001
29.8894083170005
21.793211446
23.137090974001
22.241244891001
24.9611745820006
25.3772090770008
21.6971599360001
20.4171146640011
22.3691703149997
21.0891267940001
23.9052001950011
25.5051558380002
21.6971677770008
22.4651794360007
22.2411190330005
24.5450896350006
22.3372863280007
22.561247385001
20.609154392
20.6411034100009
21.3771857820007
21.8251131960008
23.5851267810006
24.3211577310003
23.2331613090011
21.2811147120009
21.505169619001
21.921091368001
21.4090948140004
23.5531862690008
23.0091197710012
24.0970898130008
20.6411481810012
23.4252194840003
20.8329256680013
21.6971945510016
21.9212258710009
22.1451699390016
24.0971290370009
23.5211507280013
20.9291495770021
22.8812084840015
21.7290948000013
22.5612078460014
22.3371440470004
24.4172643110012
23.5531796930015
21.5051661089998
25.5050928380012
22.9131609930011
21.9211055620008
20.2891571860029
22.7851640579999
23.6492181810011
21.8251680180011
22.9771578920026
22.1451968860009
22.2091804910001
23.329166712001
22.8812245380006
21.3771961020015
22.785152841001
21.2810919910016
23.233162458002
23.5531302650021
24.8652370470026
21.6971723260002
21.0571625380016
22.0171484570013
23.3291806140024
22.6892121030016
23.6811259629999
23.6492043900025
21.9212073560016
21.057150574002
21.3771682860013
23.009090015
23.9691910440012
23.3290920690017
22.4651502300031
23.3292927810016
22.5612449110013
21.9211130040016
21.0571397900026
21.1531701160013
22.145150632003
22.2732313280005
20.833086666002
24.3211721940018
22.2410813990024
23.4251447360023
21.4731134530002
21.0571653320013
22.0171736540014
21.0570793860025
22.593152435002
23.1051626460008
22.145180134002
20.2891634230014
23.4251756940029
21.8251466440034
21.6971788260008
21.6971392710015
21.6010803010018
24.6091834560023
21.4731982560021
21.3771984330009
23.5532573840018
22.9131354740026
22.0491144490023
21.2491564190032
26.2730946030008
20.9291744350022
21.7932056980015
22.1451530940033
23.8731637930023
22.3371738910014
22.6571282990022
23.1051730470018
22.3690925400035
23.0091998590041
23.8731782640009
21.3771811400036
21.4731584370007
22.2412005319974
22.017167279003
21.7932102980001
19.6491647050046
22.1131281030011
22.4971450289999
20.4171459260039
24.1932479600031
24.0011537610023
20.7371533410026
21.6971074669985
21.4091276290027
21.6971809840025
21.1532172760052
24.8331755180011
20.7371529140019
20.6091479690045
20.2891628700037
23.6492252140046
23.0091623600046
22.1451647649999
19.6491676480051
21.600925538003
23.105144199004
20.097130705004
21.9210915160026
22.2411228090031
21.697138289003
29.3774345160003
23.6492007720024
23.329212069001
22.4651154410047
22.0171429520022
22.3371557930001
23.4571087480013
21.7932117949999
23.1051681980041
22.4651273830005
21.7931151090021
25.9211185580028
22.3371411550026
22.0171258530044
24.3852790520016
23.8731260300042
21.0571784740026
20.9611100470006
24.0011062200054
21.6971326160014
19.9691532680006
23.8731511890045
21.3771763370012
22.8812205570037
22.1132299920015
23.7452670630027
20.9291568080019
23.2331918010011
"n_492_d_0_tr_20_a_250x250_idx_0_p_fullyAdaptive"
542.274450993001
393.290733630001
432.417059108
551.624488606
554.747968562
563.187935940001
484.014856130001
584.747236682
608.522646234
605.311941688
403.054017943
597.622007721001
607.295272019
345.651424657
686.308233307001
439.254565104001
519.759139494
509.883836061
488.564795343
369.078973215
599.536467426001
351.287141567
738.036703906
584.445987544001
597.087146750001
570.189761037001
610.772144623001
469.761667254001
387.957693272
492.910971345001
552.446801780001
543.977920061001
427.078961353001
505.871036897
442.700679258
581.033973910001
568.935482210002
553.602181274001
430.197674337
528.928970477001
345.320275894001
465.575365497001
597.820456519001
444.482393147
466.645899925001
517.011779613001
406.353104171001
601.720962590002
551.074430904
448.765830283001
567.767217175001
390.392851567001
657.889710983001
451.111409207001
559.876938052001
632.744282509002
604.408618172001
378.865438633002
424.058561742001
470.019647879001
467.634384530003
416.718967468002
364.128870838
625.898030978002
579.986768628002
378.076827840003
557.023321972002
493.953047745
420.343870589001
549.539799726002
488.841769844001
635.208524982001
566.290432202001
505.933246597001
368.404301365002
440.120165400003
462.005509308
426.696894568002
504.465213848
536.182543961001
609.003238891003
389.33585384
524.413411927
835.896956633002
510.811104044002
467.557495546002
570.808216733001
416.212014090002
524.842322788002
482.472846166001
376.439609373001
453.451102631
591.540331117001
464.501801861001
608.112227269002
400.706438128003
562.123450560001
353.014174955002
437.764262936001
486.486300070004
587.667315984003
429.831556072001
349.773571863
442.868797385001
406.592592669002
610.011841964003
571.785504763001
404.734431856001
439.630822647002
618.444445141002
528.741464436003
559.731589086001
403.425197237002
705.553717561003
587.714689653001
376.623458323003
598.716940191002
709.135737265001
401.296080953001
463.166253882003
485.967201635003
379.487219182002
580.977158781002
462.844235248001
467.712858386003
401.582641598003
362.103913209001
581.462401650002
360.738019395002
660.142396085002
563.018466889003
403.255704168002
524.437574870003
702.768327454002
516.039956027003
547.570671800006
568.030048778002
452.841325933003
555.748453584002
616.687620562002
461.717969988005
589.438845510003
490.844397788003
669.388115203002
516.562684027999
589.351175745001
400.629436701003
613.646197296003
694.432757791002
707.632010548
466.559740748004
432.433800117003
783.336920512003
341.401090293001
544.207173663001
409.254842513004
526.862287638004
637.696447709004
516.040795661002
421.810701476002
619.714397716002
496.724058458003
380.728031852005
457.251620460003
516.016867318001
549.364163747004
453.634244580005
675.953845525004
599.366372800006
415.080974192001
427.060592850005
421.742060797001
599.871761155001
385.407096370006
482.288461117001
610.453197524002
403.873599845003
575.960083695001
378.796199635001
399.238787689001
507.245662372004
426.032598607001
541.918339314002
588.134423886004
411.476120743
450.125137430007
500.317949398003
392.297903222001
412.070922315003
476.514586189001
409.295712992005
413.194075497003
479.882591994002
497.780436406003
414.376207871001
625.303322385005
424.803013124002
494.975647674
485.872658354005
561.420142223003
"n_492_d_0_tr_20_a_250x250_idx_0_p_mprt2"
9.05635729000043
22.5291856670005
25.9852190410004
21.7932294170002
22.7851984359999
23.0732770480007
21.6972137880003
21.2492233870005
22.2091633690003
23.0732198800006
23.8410251390007
21.8891306700009
25.0251617090003
21.6971833250001
21.7931430700005
23.201143070001
22.3372140460008
23.4891600920006
22.2092222730006
24.2892229710003
22.9771816500008
22.7852074540005
25.4734221040005
24.1931625730007
22.6571452190001
25.4412033900016
24.0651894800008
23.8412179100012
22.4332622050003
23.1052340750004
27.1050438480005
22.9771844830005
22.7531044020006
24.6092820179999
22.657202426001
24.3852529970008
21.2491844830005
21.7932300030013
22.9771514810002
22.6571962710009
25.6973664460007
21.6972144970002
22.7532341110006
24.1931633690005
24.8012500860009
24.4812670090013
23.5531705200014
22.9772155190009
23.7451844830003
21.6971633690006
22.0172015210016
22.2091758290004
23.2012119330012
22.9772156810002
23.4251771020011
22.0171705200016
22.3372080330009
22.0171844830013
20.9291537620011
22.2092323560013
24.8333814920016
21.6972234430024
24.0651938800003
22.2091741090011
23.0091044020018
22.8492045350013
23.1692068400022
21.249209434
21.8891549460007
23.3291484150016
22.5611440980025
22.6571957180024
22.2092539950012
23.7132912040003
23.9692158820013
24.0652882670016
23.6172765140008
23.4252526850014
22.6571961570006
24.1612812690022
22.6572032400032
23.297161887001
23.2972351050016
22.4652413470015
21.3772290440009
23.1692413470022
22.241235189
22.4332711390005
23.745241347001
21.5692165980013
26.0489155740018
22.3372165300013
23.4251404410006
25.0252341660016
24.2891648010009
23.2012026660016
22.0171884320006
23.2971729240017
22.8812466030011
24.4812028100032
25.8252266490029
22.8811044020016
22.6571633690007
22.6572249560011
21.0571844830021
25.0252034870027
22.8812580000017
24.289191149002
23.7452773620017
20.5130064090024
24.9292260630032
24.5772326050009
22.0172385820021
24.8333082770014
22.2411409150016
23.2973260280023
25.6012332040019
23.1051100780011
22.8492351730019
23.9692253000037
21.4732937560029
22.1132892810019
22.2092002100034
22.3371549460012
22.4651600920023
22.5292037660019
21.4732182630009
24.481231630002
25.4733330630028
23.2973370830027
23.8729972680023
24.8331600920011
23.5211851220019
22.1132286920014
22.4332598820016
23.7452043870032
23.1052037660007
23.5212414960024
23.617183325003
23.4252140460018
24.6092252400025
23.5212619370024
24.1613139650028
23.9691044020027
22.5612243329998
22.849183325004
23.0091291320029
20.7371537620027
25.3454176260028
22.9772269919977
23.1051617090046
22.9772222730027
22.1131445200058
25.1213309300056
22.5292026910004
22.4332625580033
22.9772102030026
23.745309680006
23.4252276200024
22.7532869300013
25.6969894670043
23.0091433500021
23.169182623004
22.6572026910041
21.7932365450011
22.3372033250051
21.2491625730031
23.6171830670031
25.1532352190011
23.2010984110005
22.7851960130039
23.5212544420023
23.5532314820013
22.6571730380023
22.1132865990015
21.5691833250027
22.6571962710018
23.2011363059996
23.4252346160027
22.9772085040025
23.7452289450033
22.2412158430032
23.4251167069992
23.0731932940031
22.8491935780006
22.5291474280027
22.4332708570039
22.9772168110003
23.4251860900052
23.4251351230021
22.3371371480034
22.3371830080019
22.2091692390016
22.3372163950017
21.5692018270026
22.5291844830053
22.9771842020021
22.4651932939999
21.889211319003
22.9771959540024
