"n_492_d_0_tr_20_a_250x250_idx_0_p_abba2"
479
483
485
475
483
491
485
486
483
478
486
486
477
482
492
475
478
481
483
483
486
476
466
483
486
486
489
489
489
492
492
485
118
488
486
476
124
479
486
492
485
485
468
482
485
483
489
474
488
483
486
478
475
488
486
118
486
480
477
477
486
478
476
483
478
479
489
486
486
467
479
492
492
486
489
482
486
477
478
476
489
486
483
486
476
469
464
489
488
488
486
476
489
476
478
486
483
486
476
486
483
486
483
492
482
476
479
475
476
476
476
486
476
476
483
483
486
486
486
484
483
491
479
486
483
476
483
483
475
485
463
486
471
492
474
490
483
471
479
483
486
478
489
477
483
479
483
477
492
475
486
477
479
479
489
489
483
483
486
492
481
486
490
483
485
483
479
471
483
492
483
485
477
470
474
477
483
486
486
483
470
486
483
492
489
486
483
482
483
483
233
483
492
492
479
475
230
479
476
479
"n_492_d_0_tr_20_a_250x250_idx_0_p_flooding"
492
492
492
492
492
492
492
492
492
492
492
492
492
492
492
492
492
492
492
492
492
492
492
492
492
492
492
492
492
492
492
492
492
492
492
492
492
492
492
492
492
492
492
492
492
492
492
492
492
492
492
492
486
492
492
492
492
492
492
492
492
492
492
492
492
492
492
492
492
492
492
492
492
492
492
492
492
492
492
492
492
492
492
492
492
492
492
492
492
492
492
492
491
492
492
492
492
492
492
492
492
492
492
492
492
492
492
492
492
492
492
492
492
492
492
492
486
492
492
492
492
492
492
492
492
492
492
492
492
492
492
492
485
492
492
492
492
492
492
492
492
492
492
492
492
492
492
492
492
492
492
492
492
492
492
492
492
492
492
492
492
492
492
492
492
492
492
492
492
492
492
492
492
492
492
492
492
492
492
492
492
492
492
492
492
492
492
492
486
492
492
492
492
492
492
492
492
492
492
492
"n_492_d_0_tr_20_a_250x250_idx_0_p_fullyAdaptive"
492
492
492
492
492
492
492
492
492
491
492
492
492
492
492
492
492
492
492
492
492
492
492
492
492
492
492
492
492
492
492
492
492
492
482
492
492
492
492
492
492
492
492
492
492
492
492
492
492
492
492
492
492
492
492
492
492
492
489
492
492
492
491
492
491
492
491
492
492
492
492
492
492
488
491
492
490
492
492
492
492
492
492
492
492
492
492
492
492
492
492
492
492
487
492
492
492
492
492
492
492
491
492
492
492
492
492
492
492
492
492
492
492
492
489
492
492
492
492
492
492
492
488
492
492
492
492
492
492
492
492
492
492
492
492
492
492
492
492
492
490
492
492
492
492
492
492
492
492
492
492
492
492
492
492
492
492
492
492
492
491
492
492
492
492
492
492
492
492
485
492
491
492
492
492
492
489
492
492
492
492
492
492
492
492
492
492
492
492
492
492
492
492
492
492
492
492
492
492
492
"n_492_d_0_tr_20_a_250x250_idx_0_p_mprt2"
115
492
492
492
492
492
492
492
492
492
492
492
492
492
492
492
492
492
492
492
492
492
492
492
492
492
492
492
492
492
492
492
492
492
492
492
492
492
492
492
491
492
492
492
492
492
492
492
492
492
486
492
492
492
492
492
492
492
492
492
492
492
492
492
492
492
492
492
492
492
490
492
492
488
489
492
491
492
491
492
492
492
492
492
492
492
492
492
492
492
488
492
492
492
492
492
492
492
492
492
492
491
492
489
491
491
491
491
492
491
483
492
491
492
491
492
492
491
492
492
492
492
492
491
492
492
492
491
491
492
491
492
492
492
492
492
492
492
492
492
492
492
492
492
492
492
492
492
492
492
492
492
492
492
492
491
492
492
492
492
492
492
492
492
492
492
492
492
492
492
492
492
492
492
492
492
492
492
492
492
492
492
492
492
492
492
492
492
492
492
490
492
492
492
492
492
492
492
492
492
