"n_492_d_0_tr_20_a_250x250_idx_0_p_abba2"
277
277
285
263
275
280
282
281
275
273
277
285
268
278
283
271
273
277
283
277
280
260
257
279
286
287
285
291
282
291
289
281
66
291
275
270
78
271
291
289
280
282
262
277
286
272
281
264
284
279
277
274
266
279
281
68
275
277
270
268
277
274
269
277
270
281
282
288
280
259
262
288
294
279
287
277
287
269
266
286
288
283
276
286
262
267
253
283
288
288
286
270
280
278
279
279
279
284
261
277
282
280
279
283
271
265
274
270
261
270
270
270
268
267
277
286
276
283
283
284
271
290
271
277
278
270
274
281
275
276
252
285
265
286
264
288
280
274
269
278
284
271
288
271
282
264
282
266
290
266
284
271
266
274
286
287
270
277
287
296
288
275
284
282
284
274
276
261
272
292
279
280
274
260
269
272
277
286
283
279
255
286
277
286
283
282
271
275
275
268
132
280
288
290
273
266
126
275
268
289
"n_492_d_0_tr_20_a_250x250_idx_0_p_flooding"
492
492
492
492
492
492
492
492
492
492
492
492
492
492
492
492
492
492
492
492
492
492
492
492
492
492
492
492
492
492
492
492
492
492
492
492
492
492
492
492
492
492
492
492
492
492
492
492
492
492
492
492
486
492
492
492
492
492
492
492
492
492
492
492
492
492
492
492
492
492
492
492
492
492
492
492
492
492
492
492
492
492
492
492
492
492
492
492
492
492
492
492
491
492
492
492
492
492
492
492
492
492
492
492
492
492
492
492
492
492
492
492
492
492
492
492
486
492
492
492
492
492
492
492
492
492
492
492
492
492
492
492
485
492
492
492
492
492
492
492
492
492
492
492
492
492
492
492
492
492
492
492
492
492
492
492
492
492
492
492
492
492
492
492
492
492
492
492
492
492
492
492
492
492
492
492
492
492
492
492
492
492
492
492
492
492
492
492
486
492
492
492
492
492
492
492
492
492
492
492
"n_492_d_0_tr_20_a_250x250_idx_0_p_fullyAdaptive"
267
262
265
263
272
265
266
267
269
269
268
277
265
263
270
265
268
269
264
264
267
265
275
271
268
266
264
270
268
267
277
272
266
263
264
270
268
266
266
275
262
270
263
278
266
265
272
269
266
269
269
273
269
265
270
274
273
274
268
266
268
272
263
269
267
270
268
268
270
271
271
269
264
261
271
271
266
270
274
268
268
270
269
269
265
267
265
270
275
273
263
270
267
265
271
268
263
273
271
269
265
270
273
269
263
268
272
269
265
272
269
270
271
272
263
267
264
272
267
270
274
264
267
273
271
270
268
268
267
267
267
267
268
266
278
268
265
266
268
272
268
270
269
273
273
265
266
269
268
265
265
271
269
270
267
272
270
268
264
264
269
269
267
268
274
270
268
271
271
258
266
267
270
267
268
270
264
268
267
270
265
268
270
268
268
266
266
270
268
267
271
267
265
269
269
262
267
265
266
270
"n_492_d_0_tr_20_a_250x250_idx_0_p_mprt2"
26
155
152
153
154
152
153
149
150
148
151
143
149
143
152
144
154
142
144
154
152
152
147
152
152
147
149
149
145
153
152
145
141
152
146
153
156
151
147
147
153
152
152
150
152
154
159
157
159
148
145
151
146
155
148
149
146
147
154
145
152
146
152
151
148
146
146
148
149
148
143
147
152
146
149
157
150
151
148
153
154
148
154
147
148
149
161
151
145
150
150
153
154
149
150
158
155
149
155
151
153
155
142
142
150
152
153
153
149
149
152
151
149
150
155
157
152
153
150
150
156
155
152
145
146
146
148
148
150
149
151
156
151
144
143
146
145
143
147
151
146
149
155
153
148
147
152
160
150
143
157
143
152
144
149
144
150
162
146
149
149
152
153
155
152
157
148
156
149
148
150
149
154
146
152
150
147
153
152
158
158
159
144
152
154
153
150
145
140
151
152
147
151
148
149
153
148
151
150
147
