"n_500_d_10_tr_20_a_250x250_idx_1_p_abba2"
3709.793699328
4827.1738802
3323.490046033
3384.573159112
4160.427592322
4452.860864334
5178.573297015
4305.28315601001
5022.331360761
4874.055388958
4705.68740323
3888.96954230001
3316.81525037201
3378.153641533
3786.752679911
3397.704411848
3557.18374466801
4907.62413822701
4281.64562825301
4231.900008217
4104.60838186201
4647.66500428801
3732.293082895
3457.13080417101
4375.413427361
3404.41429618801
3459.10756632801
3670.10818076301
5194.76331329001
3811.55096117501
4000.31273921201
3765.22674580801
3441.33922217401
3891.48399821601
3996.02009350601
4625.13346510201
4981.84095845201
4068.41594213401
4184.61011914001
3982.06036622501
4335.61905181701
4108.28998961301
3422.66978829301
3715.91402175901
4314.41464957501
4095.32333443301
4243.87078956601
3493.99036625301
4971.026282971
4331.59421981
4999.049644311
4179.312789671
4729.57213048601
4876.157554385
4128.30077015401
5396.549853141
3529.69658336701
5452.96655386001
5126.11943009701
4324.368534653
3952.88304005101
3815.24985587001
3623.88184057001
5226.22112566601
4747.03307993701
5638.59731526001
4743.49600752901
4341.674930716
5172.110735891
5386.857544217
4683.214280451
4239.560433302
5416.408023857
4011.121389853
4375.944304303
3684.67796383
4266.33652207201
3537.44726343501
4048.58120317401
5186.21817479601
5373.87556103101
5529.09145371301
3595.34716032001
4185.97717379301
4069.41502583501
4906.21146818301
4026.52853768101
4389.08411351001
5137.87208785401
4994.78906026101
3498.23847867501
4854.75115725801
3944.38848332501
4721.65940059401
5008.23613467201
4250.69807460002
3890.45295083801
4525.19402178701
3247.565223569
5181.90169066301
"n_500_d_10_tr_20_a_250x250_idx_1_p_cds3"
18.0489034040008
21.8252995330008
22.4331250380017
21.6971086230018
23.8732337100025
19.9690369380008
24.4812343620016
22.8810803920023
14.3687398180017
27.6493775500022
17.6007900920023
19.3290502850019
19.6490042360029
21.1533343800028
19.8730822130031
17.8247951210029
22.3371237250021
23.7772902500044
22.3371121670031
22.4971033300037
19.4250488900032
18.1449935590017
19.9690789250013
22.5610955510049
24.4492028350045
16.6409066040032
18.7849590630051
21.2810804450037
18.2327634650044
21.2811396760024
19.5529837380022
20.4171803860049
19.2329334330026
17.1528988400063
18.8809147900066
22.1451903150047
20.2321219270054
24.7691553080038
20.904147980005
21.3771393600055
23.1927581380056
19.7450982310059
25.7934501280062
21.0251599280049
21.4731861060038
19.0089829200062
21.7929858410066
19.8731073510068
18.8809139560071
22.2410840850067
19.7451325540072
20.3850439720057
20.5130524190054
18.7848951050071
22.4652071480094
17.9209498550037
19.3289281770035
20.3851510850086
22.5613240610087
16.9287747040059
19.2330188220069
20.5130866990046
21.9210526920079
20.7370851960036
22.1451674690059
22.3371806860087
16.73694183701
17.2808324270051
19.6490406510108
15.4248029590107
19.0087838870099
25.5053272070072
23.6172500030065
23.9693154710068
21.8162071690102
21.0569496220074
20.1930760110045
17.6009148740093
23.4252542940112
25.3773928670071
23.0480310480061
21.3771892800096
21.4731707010074
19.2330172400119
25.2492954530084
18.0487861210068
18.8809846240119
21.5050907140082
25.6331615860077
20.6411725390083
19.7451486900135
21.7291014300116
21.0570097550118
23.7451835500124
19.7449285980085
20.9610646070075
19.1050080400146
21.1850242470106
22.9130513510114
23.6492139810096
"n_500_d_10_tr_20_a_250x250_idx_1_p_flooding"
17.7289156440015
20.9612005280011
20.6410177470016
18.7850735570017
20.769105309002
18.4649740120015
21.6971458770008
20.2891105360017
16.4167344550012
23.3610439620016
15.552793388002
20.0970807790029
19.3609709990028
19.425102307002
19.9690697070025
17.920901321002
21.5051071980028
21.0571704180023
19.6489685900048
18.4649773180023
18.7850388230046
17.2810364130029
17.3770472490027
19.9690821580027
19.1050873370031
15.3289083630028
17.0570230260019
21.8571040420024
16.512848098003
20.8331991640023
18.2410823750025
21.2812480280036
16.2249170630027
16.448849688004
16.3208982240057
21.1531751380036
18.2410497790038
17.9210126630061
19.2010543490042
20.3211455940036
20.6411515260037
21.0571362960046
22.4652648090036
19.3610237470061
21.0891206670034
20.5450627620039
17.9529627890069
17.6971003710058
18.7849541670069
19.4569975360039
19.3610294950055
17.280997135007
19.3289976700086
16.7369092880065
20.4172103940081
16.7368765250089
17.2808462830076
18.8811005070093
20.0651713810061
13.952794912008
15.8729364350094
20.288980657007
18.5610577780082
19.6492676000091
19.745091716004
19.55303863501
16.7369237500097
15.6489481070068
18.4969203730105
13.4085387930085
15.6808401160049
22.4652611700122
21.1532966220105
20.7371428140064
18.4970162480056
20.2891922740065
19.3289586340057
15.4568444470087
22.1452598320084
20.737178705005
19.6810960350078
19.0090671740109
20.001113791011
17.0570002490109
22.6892625700117
16.2888821300129
17.8249488650124
20.0009546110067
20.4171551100103
18.7850451220086
19.3290320210124
20.7371701860097
19.3609235650101
23.2330822750129
16.8329091010122
18.4650656360077
16.1929433530119
20.5450465420114
17.6009791930127
20.28924852101
"n_500_d_10_tr_20_a_250x250_idx_1_p_mprt2"
20.6090808340011
21.601222639001
23.0480310480017
21.6011727470011
22.5847633870018
18.8810435090012
23.6492766840009
20.5130256530026
15.6488270210016
23.0732946660019
16.0968213050019
21.0571093100036
21.2491157010017
20.385124935002
20.4727107000036
18.3370107310026
20.8330724850025
21.2491636460026
21.7931720590023
18.8169758000054
18.785020932004
19.4250327950023
20.0649898810035
21.5051389740033
21.057056995005
17.1528480950016
18.6570784730051
20.9291608420052
16.5129245630027
21.1531812790042
19.5529575190037
23.1052359020048
17.6008267390024
18.0488933290057
18.3688988650026
23.6491365130043
18.6890441610039
19.4250626070058
19.0090892680033
20.513219570006
22.7852922950049
22.8492031760048
23.8414502630064
18.5610585090039
21.7931906220059
21.697085789004
21.7933687420064
18.5610957230047
17.6009384470071
18.6570121350051
21.368058383004
16.5129405620057
19.2970513930035
18.9770753200094
21.7932308440041
19.9370515420085
18.1449629730039
19.1051520070076
22.1452153930031
16.9289273620095
18.017004350007
19.1050141480034
19.9602340630065
19.0091208720062
24.9612717060046
19.3290398590094
18.8810241060082
17.5049307980046
17.3769806740083
13.9206573560102
23.5213005860047
26.0406643720046
21.2811902840073
22.2412080490102
20.4810422230111
18.7849995550096
18.656971485008
23.2013622790106
23.2972036320049
22.7280310480111
20.4170950930092
21.3770597590113
18.0169730370068
21.6972542650069
15.9688565730107
16.7049337740082
19.9689906200149
21.56908152201
19.9690421810104
20.2802104530093
21.5691711000119
17.056980404007
22.2091990050117
19.4569824290127
19.6491169930084
17.8249360870097
18.5610307510089
18.7850169690122
21.0571678820131
17.6008802960084
"n_500_d_10_tr_20_a_250x250_idx_1_p_probflood"
16.7368773040009
20.2890461590011
22.5526849360014
19.3290982160015
21.0890862960014
18.5610851070024
22.1772219880023
19.3610560700019
15.0087469460018
21.6011939210023
16.600448041002
19.4888789420027
18.1449510990017
22.817136757002
18.3690730840027
15.8728843100029
20.7370616800038
20.3211235740035
20.5131157900045
19.2330390660036
17.9209540380043
18.4650037290019
18.3687641360031
20.289185412004
22.1366907240039
16.0968422990031
17.0569830790051
20.8330486850024
18.0489582420051
20.0970486160053
18.9131103850038
21.153239762004
17.6009285920031
17.4088126290037
16.4167159210038
19.8731380060053
18.144958460006
19.777015705003
19.1050082630042
19.5531435900058
23.0480310480061
23.9052482500064
23.9693594770038
19.1369740820058
22.5612135130042
17.9209935970057
18.2729405740041
20.0010864950038
18.8168968540054
20.8331173440044
19.5210104080061
17.0569164130043
20.3601219270055
18.6570418870033
20.2891795830027
17.9208632200059
18.4968881600085
17.9210961820075
22.5206927640045
15.6488113910029
16.6410476190038
18.4650866060068
18.1450793070042
19.4570955910081
24.3212553100065
18.9450423980091
22.3287156540053
15.1366591250053
17.6969538120062
14.0487885450042
16.1929444340103
23.8413347230093
21.9211990160062
22.9131522540058
17.5049917830066
21.6330107030061
19.3289299390074
17.5048760580054
23.9693957770086
22.6892297240084
21.1209982430063
21.8251921290076
19.9606397370076
19.6489802200119
22.4012402750091
16.5128226560114
18.1449057890077
21.281106115012
22.4973088920066
19.5849701190127
19.3610037710101
19.969240658007
17.0570019370118
21.3771999400123
15.3288877040083
20.5130543960124
18.6890223730103
19.3290897590117
17.3770085780092
21.4092152540104
"n_500_d_15_tr_20_a_204x204_idx_2_p_abba2"
3299.836183869
3625.267177078
2832.906499346
4903.079792614
4081.88787517
4201.08964412
3687.638730962
2418.662567255
3637.322282898
2561.873473339
3654.993141339
2383.263688349
3131.077790383
2254.04092344201
3066.135517662
2272.639256295
2633.685512446
2382.641450278
2228.897409988
3323.09636166801
2654.489741898
3123.91710916701
3331.79706170301
2958.12765158501
3115.30013849001
2606.761563132
3886.36725769001
3109.77851453101
2389.46925133001
2466.212405231
3124.76872886001
3398.63652167501
2721.193470675
2852.38061547301
3769.36685107801
3066.92149204701
4017.07688992301
3035.27587094301
2434.71457114901
2886.01023118301
2204.76685496201
3247.39057578601
3715.34062782101
2451.011153472
2856.561117442
2822.667347457
2955.160559503
2499.234178575
2865.935850562
2789.13449889901
3402.65346173301
2449.078190207
3825.35185529401
3419.01508716201
2492.14027877001
2528.799251511
2321.82849219801
3653.02571723001
3265.81816434601
2203.228672489
2324.89492407701
3528.94254271101
3850.63647210701
2575.86096957701
3020.36253469301
2458.33176339101
2464.98697410901
3140.04638536101
3545.65739232201
2707.67929163701
2031.95123744001
3312.35197018002
2079.20439273401
2128.54860470401
2583.61528813101
4909.60122925501
4710.00228829201
3709.133692407
4100.761793565
3243.98621784101
3017.95545575401
3972.529310627
3303.271674913
2916.411605287
2957.39632766101
2545.87787085001
2679.70032773101
3803.60567657301
3528.32956195801
2933.86633575201
2179.89454100901
2697.50564047301
3671.146931157
3564.53056763801
3130.43728446601
2832.32499473101
2471.380904867
2011.73572957001
3648.47683038401
3428.56387893801
"n_500_d_15_tr_20_a_204x204_idx_2_p_cds3"
11.7766665640007
15.4248262650007
16.8329091930008
17.1849766620014
12.1927313970023
15.5528821590014
17.8249514420017
18.6890138500022
13.1760329910016
13.7287025780015
17.1849453260027
13.9208051670021
13.9208336170018
16.8649703420023
11.776625019003
11.2326005650019
14.9128565580021
13.2807416240031
14.2407893940035
12.4167879160026
15.1365795680043
12.2246900980016
18.0490143290015
14.2408632020015
15.552901210004
13.6327718190046
14.6888085490033
14.4007973960036
14.456333513003
11.3606270580036
14.4967083260035
16.4169194690054
15.5848172390023
13.3126818450044
12.7367273100063
13.5047175700045
17.7607917780058
18.5929715740052
13.504748376004
14.9128658800066
15.9687896000094
17.1528490510049
13.6007882620035
15.8728474710053
15.0089551900088
15.1367349630043
17.8248812690036
13.2806826180065
17.7289706100083
11.5526837620052
16.6089022380049
14.3688310750072
17.0887901970076
13.2806855020036
12.7367363820028
15.104885355008
15.0088371010071
17.9528805180098
16.0969709800085
14.5607178860061
14.3687688740073
12.22453581601
17.9529360290047
14.9128757650061
14.1447412920073
11.4566444910054
14.6888543520092
14.0488484740047
17.9530070610099
14.2728004880084
18.368957449006
13.6967101590102
15.4568812420095
16.8328060600089
16.2248697340104
14.8807540180087
15.9688599270069
16.0008997730046
15.5529936680097
12.7367086110084
13.6008132780105
10.9125780390116
18.4330142480107
16.2248076800111
14.7761579080097
13.7287140390114
15.2328603130059
13.5047470190059
12.0006903270067
11.5845274390125
14.2727639970062
12.8326839500161
15.8728327290092
12.6407291650068
12.7685834620124
14.3687896700158
15.7449401080072
12.6407379880078
18.3689501600171
12.6726554560079
"n_500_d_15_tr_20_a_204x204_idx_2_p_flooding"
10.8166948830011
14.7849130770012
15.1367117040015
18.0489968900019
12.5446648060006
17.5368792490023
16.2889473200032
16.1289452500029
13.2806482870027
12.4167957690027
13.8249129640027
13.7288207040029
12.7367560330018
14.1449003530028
10.3686118620026
10.5925445700041
15.2328431190032
13.376762202002
13.3767827100044
13.3766787590019
12.0007332690015
12.0966742310031
17.2809848210029
12.7367813070016
15.9047979520039
14.912725253005
12.7367743650026
14.2727665550026
11.8727082110048
10.7206006020029
12.7687252190043
14.4649006880044
12.0967673860051
9.82453542400563
11.232618244005
14.1447627570059
14.0488225250053
15.3289876090028
11.8727372990044
15.3288627420061
14.2727715310045
15.5848049000085
10.9126206900072
14.3687208530068
15.8729869440037
11.0086785560064
16.0008548790067
12.3206992350049
15.4567702370052
11.9045889820057
15.6488996280046
15.456917426004
14.5927699710029
12.4166586380028
11.680692172007
14.3688457530047
13.6007934720084
15.9689088940098
15.6489633490082
11.776692296003
12.7367603090036
10.6886041380037
14.1448976140097
13.0567454090098
12.9606967400093
10.5926435790096
14.9128163510071
15.0088606910046
17.2810026210044
13.6007622790046
14.4648783060077
10.2726300260088
17.1848915030068
13.7287500080063
13.40867324501
13.1847766130093
15.5528456450114
16.2890067200152
14.1449039800108
11.6486118660077
13.9527191170075
10.7845778020064
16.5449309470063
13.5048026570104
16.0968567000168
11.5527547250096
13.60084670101
12.5126772600126
11.3286576020073
12.5446163530114
15.1368624380126
13.4087160580094
14.1449093530071
11.5525974370101
10.6886756710125
14.9128775220078
13.2808072160131
13.9208373240081
16.9609972510116
10.6885155640128
"n_500_d_15_tr_20_a_204x204_idx_2_p_mprt2"
12.096565948001
16.0649678620013
13.0566997190016
18.0169615550021
13.152763582001
15.2008190230024
13.6008370330014
14.3687117330025
11.5526515180022
15.864160727002
12.1927691460026
11.6487312850033
13.2807467210014
14.7848403070014
14.1767702390041
14.5608146250034
12.8242930190048
11.4565746880047
12.4166891860042
13.0567956820045
14.0487469110049
15.7769120620053
12.0967210960039
11.7765888560051
14.7849241370039
13.9528065130037
14.3687188400108
16.3209139650036
15.5529181240084
11.1046276130082
13.0567828090093
15.776869584009
14.2407450530087
17.0569791790101
16.2889626610081
12.6407716930075
9.92059418300784
18.3370646450101
15.8728040590077
11.328718453008
14.6888998750114
12.4167058200157
13.7287223950082
12.8327836300102
15.8728984310059
15.7447842040099
13.8247787040129
15.3288890840013
15.8729557830011
16.3849146470021
16.0970349570029
11.0480383570017
13.2807559920032
12.2886806370026
18.3600974400058
14.4561607270042
14.3368050600046
10.7846406830028
13.9526895500062
16.2888860880024
13.8567151510038
14.7848127760035
15.104947435006
13.3767795580049
16.1929274270065
13.6007646770047
13.9209150980051
15.4249504200088
12.000662634005
14.2408333690049
15.4249222060088
15.9688910980051
11.6486846310053
13.6007440500094
13.3767010440096
15.0088201310083
16.2889576140088
12.1926264720074
12.7367819650104
13.9207793400118
16.5448632220091
17.1849942550111
15.9689869410116
11.9687021280086
15.4247869340054
13.0568348850062
14.5608558490125
11.6486907450124
15.4249491260074
10.2405682840114
15.7768751780019
13.2807602930036
13.9208754130067
13.0567523360057
15.2008424460064
13.8247759030108
9.92056474900949
12.0967025120109
13.3768131240117
16.8648621870009
"n_500_d_15_tr_20_a_204x204_idx_2_p_probflood"
9.82462721900124
14.1448411750016
16.736962766001
15.0089208650011
11.7766642870016
15.0088735770009
15.8729535990023
16.2889494240019
12.3206878940021
13.3767859230023
14.5929168680023
13.8247760990016
12.4167816500034
15.0409414340018
11.2326630690021
10.9126149910033
16.9928105790031
12.8647692500046
12.6407252230027
11.2326997520036
12.7367277190018
11.9686618970043
17.0570293900028
14.0488319830041
13.184779311004
13.6007633280038
14.2408291580018
14.6888142350043
13.5047527380046
10.272585312002
15.5527592040023
14.2727876170028
12.7687271390045
9.40854230600507
12.5446533340039
14.6888232820039
14.4007909210053
16.096967852004
13.1847138950043
14.5929239340035
13.952657144003
13.2808229770056
10.6886449100081
14.3688206700077
16.6409732200066
11.5527334910048
14.1448650500067
11.5527479290058
14.1448971880038
10.912631995005
14.4648732350063
13.6008151730067
13.5048174630086
12.9606881500095
12.192550030008
15.456810828006
14.464848788009
13.7288344290027
14.7849100770046
13.7286597120081
13.6328103200114
11.1365824630099
15.5529068330083
12.9607905450086
12.9607889870087
12.0966778930054
14.9127768250068
14.1448903500105
16.1929431190089
13.1847481890048
14.0488525150104
11.136671337006
14.5608227080061
15.6807602550089
14.2726928640045
12.5127159310097
13.6007466100097
15.0089427190068
15.3288076770082
11.7766487690076
13.9207585600118
10.9125822030052
17.377074249012
12.8647846510077
15.3608055220076
11.5527102810091
15.0088298530093
15.2327453540124
10.4965742710093
11.2325764770063
12.9608490320123
10.3686696930083
15.2328811370097
10.5926356660078
12.1926993730099
13.0887221920091
14.464825718008
14.4647647360117
16.2249251940096
10.1446313570079
"n_500_d_20_tr_20_a_177x177_idx_3_p_abba2"
3104.711080299
2890.766911569
2195.265040092
2495.917268361
2889.744048392
2389.368510488
2419.315865062
2705.850288657
1932.942035708
2146.032759266
2496.574407945
3336.62853295001
3153.369201493
2762.001372644
3204.21261996001
2063.74517903101
2532.124154618
2720.931550284
2454.27205338001
2663.326451728
2961.503166198
3195.424214239
2451.29224308001
2403.360744916
3350.092495009
2508.95414485301
2563.57696451001
2099.99473051501
3285.43677759701
1986.12423026601
1877.83569275501
2604.82059673301
2075.850935837
2766.560085218
2184.55627774501
3125.893983404
2849.014816326
2553.70681061701
1767.81930188701
1698.84147104701
2659.059196101
3010.30552752501
3253.58180049001
3245.14330233201
1808.49294802701
3524.49071607601
2059.26027700901
3173.48527803201
2048.82795219201
2852.24423047601
2669.39624763301
2684.15363724501
1908.96165277001
2934.15159286201
2545.33299200301
3323.93589847801
3476.29532897601
1758.382550291
2252.622933945
1698.06631407601
2231.544006718
2573.262554219
2736.629610798
2853.66642973601
3029.96227116001
2184.745052979
2807.63381649301
2082.45362571801
2315.717164464
1912.45511165201
2378.44452703401
3093.76853500701
1679.64612615701
1924.524834666
2250.764930542
3049.283685903
2645.515726544
2102.570335842
2404.334566516
2034.819661979
3099.939790488
2242.460354927
1692.45566548101
2167.67125302901
2598.526292926
2646.35625226401
2783.63549925101
2573.425526295
2372.641611963
2672.64700195001
2147.89566144701
2886.70217917701
2446.21455368701
2852.84953061801
2420.37139877701
2557.89166112002
3537.40313490501
1713.01342610501
2016.26452559002
2150.08369850701
"n_500_d_20_tr_20_a_177x177_idx_3_p_cds3"
16.4167704270008
10.5925674260012
13.4087011610013
11.2326637540017
11.4565752030007
12.0006067710019
12.3207134710022
16.9927874950009
17.6328909160013
13.5045090900032
16.1288930570027
11.7766116420022
14.8242527320015
12.4167191340021
14.1767168080023
14.2408413140025
13.6007564510017
10.5925352210026
11.3286297210031
10.6886440180034
16.6408631850032
11.4566408890013
16.6408966360017
13.2807668340043
17.088765431005
12.3206777990035
13.0887399400059
14.1447328160034
11.7765693760035
16.1929194250021
12.3205580410044
10.4645976190056
11.232644848004
11.5525632730034
13.3766927110059
10.688680291004
15.4248446440057
14.3687584430054
14.6887804810056
12.7368232080052
13.1846849720034
10.9126166960039
12.6406822730054
15.5528358990047
14.3687824120065
10.6885916230048
11.3605854740051
13.6967095500076
14.9524375840038
12.7684438260047
11.5526593880055
12.4166708850062
11.2325645450042
12.8648069040054
10.4645828920056
12.2885939570025
12.0966733220058
13.2806681870079
15.2008386460096
14.1447299970068
15.872874548009
14.3687709600115
14.0487215860077
11.0406343870082
10.8165036720038
13.7288001120055
12.1926875030098
11.872584908005
12.8645802410077
12.3207113790045
15.0087934900114
13.8247300110095
13.600813047006
13.6006943680087
13.6007273790071
13.0567353440085
14.4648146390054
12.3206938500147
10.9124099540097
13.8247045150095
11.4566289330114
11.7765790710109
12.0965192210107
14.2407629510117
14.1767287160093
12.7366907980075
17.4088440710065
12.640703108012
12.8646288340093
16.8328622620066
12.832664082012
14.7848205320074
10.5924867340121
11.3286162930066
11.7765702920067
15.3288671190097
12.3206626020078
13.9207402000139
9.82458249001184
15.2328789690088
"n_500_d_20_tr_20_a_177x177_idx_3_p_flooding"
12.7368024810011
8.96053407900155
10.688713766001
10.4965693490016
10.7845688900028
10.6886008040021
11.1366088140024
12.4167055480022
13.2808345440019
9.28052063200191
13.0567274620024
11.5526600320024
12.4487221670027
11.0405805380029
11.9046621690018
10.3687044040033
12.096783077002
9.72850139400272
10.1445738170032
10.9126382250029
14.688877001003
10.7846028450034
13.1848313320013
11.2326627500039
12.4167214390027
11.2326896560049
11.0086370860039
12.7367426480021
11.5526592120041
13.600802392002
8.64051593400461
8.96056052100391
9.40851386400254
10.3686221280057
10.5926316660039
11.4566742240036
13.824761349003
11.8726998340044
11.456707140006
12.0967288560045
11.4566451700071
8.96053302900413
11.3286752410033
12.3207359080055
12.360102409005
10.1446008380037
9.40854468100483
12.0007366370061
12.3207399890042
8.32041942800643
10.3686506310048
11.5526310990042
10.6885974760047
12.9608066780094
8.64055839400635
10.4965849130068
10.3686231120079
10.3686629420068
12.4167051180066
11.1366607620056
14.0487528310089
13.9527249280036
11.232717417009
9.82462430000908
9.40855757400527
12.7686956760087
10.3685530790045
8.96052965400429
11.7765384140043
11.5527021600101
13.1847372440106
12.3206611890083
12.8647330650082
11.5527113500136
11.5526892770106
11.5527053090076
13.2807908610104
10.144639164011
8.09651051800842
11.3605955140059
11.6806475490066
10.5925804540092
10.3686764550091
10.9125470720102
12.7367198270107
10.6886425660093
13.2807962390089
10.5925693250057
8.73646391001159
14.9128518080062
9.82456078101279
13.280765343012
8.54448966801158
10.6886223590124
10.3686261990106
12.4168184300117
13.2166245740066
11.1367053060079
7.7764967990106
14.0488209520129
"n_500_d_20_tr_20_a_177x177_idx_3_p_mprt2"
14.0168018280011
13.6007305820014
9.92057390100065
10.5925369260014
12.3206213580023
14.272792333001
9.18450954600125
14.0168574730026
13.4727561130017
9.50450846100281
13.2807269190032
11.8727720000038
10.0485662540031
12.0966296190055
14.2728269480052
13.2807645480035
14.1448174160033
13.280743972004
8.96048955100426
12.5127723990062
11.8727061170034
14.2726058860063
10.3685955890036
12.7368024730039
10.6886923120051
11.1365916030053
11.0085506560083
10.8165863390042
12.512717043009
14.0487914920087
15.136838860009
10.8165718140043
12.640781781009
11.5526353130093
10.1445012760095
12.192748055007
14.1448068970078
12.5127291090052
11.8727656380102
12.9607080860055
13.0568309610055
11.968687952006
9.28056843100933
12.9286935310091
10.7846682310111
11.232659948007
12.736664493012
12.0967314630107
9.28057988200948
14.6888702820078
12.0967828030061
12.320599603008
10.2724845330009
11.2326075660016
15.3288949920025
14.5928213310018
11.5526388100022
12.9607570350014
11.9686858510022
10.3601115320036
10.9126449450034
14.0487683900048
14.5609109360016
11.9121024090028
15.1048231350046
12.4167069190051
12.4168276030048
8.7365114470046
9.60058915700301
9.600600249005
10.9126456400048
14.688773229004
12.6406022600065
9.40843076400455
12.9607545900114
12.4166765800098
10.4646342960066
13.056836863008
13.0568023230069
12.6086934420044
12.288711835005
9.92059436600812
9.82449943401065
10.3685433460114
14.4648384380091
11.23267478701
14.2728224390112
12.4167377740019
10.784638259004
12.3206779330047
11.0087109620096
13.2807251500111
12.5127707110053
10.9126327680116
9.08841755700962
11.6487242370056
12.8327635760073
14.4646848210073
13.6007451650038
13.1527479770064
"n_500_d_20_tr_20_a_177x177_idx_3_p_probflood"
11.2327173130007
9.72853207400082
12.7367498450015
8.9605911730013
10.7846367460009
10.912579359001
11.1366029610025
12.4167231650016
14.4648743090023
9.63248948600182
14.1767599160012
10.3686674650021
11.552738965003
12.096761217002
12.8966542250026
11.232709656003
12.736700147002
7.77650573400201
9.82459468400343
11.8726366920026
14.5928691390012
11.040479242002
13.312857505003
12.4166850990015
14.2727114160017
12.4167356920033
10.6886599780047
12.0967301480022
11.0086385960031
13.6008013210045
9.72821568500493
8.7684501450056
11.2327123780034
9.40857861600364
10.3687294230035
10.3686426650036
13.9207979930056
11.2327113690043
11.4566975930046
12.0007051670044
10.6886427050057
9.40854532300506
11.2326021420053
11.5527135070046
13.5047965980064
9.82456312900482
9.40854332100471
11.1366420520049
13.7287991520054
8.09647505900557
11.4566393250044
11.2326659120043
10.1445924910024
12.416720225005
9.50457991200437
10.9125589510057
10.4646214530035
11.4566514300094
11.136728295007
10.6886539260032
13.5047722540094
12.4167259260091
12.9606877310096
9.82457571001305
10.1765260810041
11.2327497160081
11.2646163090062
9.82459522200685
12.3206965700078
12.4167476630106
15.7768564130052
11.232692204004
12.0967532800123
11.8726853820093
12.5127272560093
12.0006702860067
14.1448540860054
11.4566462890053
9.60049535001417
12.0967380780073
9.82464795500704
9.72857147601047
12.5521024090105
11.0086340340061
12.2246607740095
11.0086160680112
14.4967958280091
11.8726923730108
7.77647605200826
14.6888900950088
11.5846386190128
12.4167599450118
8.32036815700832
10.6886214150066
11.360594812011
12.9607850950109
11.3682763340108
12.8647294980127
8.41645609801134
14.4648039040121
"n_500_d_25_tr_20_a_158x158_idx_4_p_abba2"
2448.498104647
1917.119015866
1614.413175612
1675.132856305
2319.63685745
1567.391279282
1990.895407191
3111.142129906
2771.470773068
2061.966391006
2403.046719458
1935.103984922
1562.939817879
2680.413575889
1640.049742662
1910.725011001
2506.315042061
1659.485430883
2305.336858307
1903.612488459
1978.92192775801
2514.510978878
2494.72799050001
2158.385935079
2702.802854335
1928.53646593101
2512.59224395101
1774.73514042601
2808.889354721
2097.260727091
1811.542339784
2719.36115321601
1722.86519849801
2384.092085235
2438.66576971801
2536.92476553201
2783.95463791201
1538.77696175401
2013.20586715001
1941.34853412301
1818.86552730201
1894.78413651701
2953.44086876301
1959.20968486801
1645.36595137501
2862.30080186101
1950.49425274601
1812.82254843501
1914.253498914
2004.782662249
3368.333078203
1852.861565906
1420.441386293
2802.84676408401
2114.284633248
3199.30395448001
2719.323649328
1959.947059577
2765.705411894
3532.24706353901
2354.15409126201
2907.13604119801
3425.45589677901
2433.40014313201
3785.06381066901
1812.61428557201
2808.54670455001
1793.11536629801
2036.42925362301
2291.02523214401
2736.70530822601
1644.29484304301
2401.94076665
2080.237271375
2980.759258951
1931.49403088001
2209.339612957
1558.34215281401
2560.34558538001
2025.35863825201
1666.33165568001
2043.37095928001
1809.15245654401
2440.819587038
2017.911082445
1526.207306257
2414.933068983
2787.71657572001
1905.97809198301
2752.21938409001
2263.84251548301
2469.70125713001
1869.00630186301
1444.29591514501
2875.88467279901
1718.19929981201
2689.13327757501
1578.01788681401
2448.83853754901
2717.99994841001
"n_500_d_25_tr_20_a_158x158_idx_4_p_cds3"
10.3685180200017
10.1446080450014
7.90439014200128
10.2726396830013
10.1446004440007
10.7206079670021
10.6885603760016
8.7364683910014
9.95251587100121
12.8647953960019
10.2725295740012
12.5127528520022
10.5926364180018
9.72855372800296
13.728747933003
10.5925571870031
8.41649039700343
8.09646518900209
8.54447405000336
12.0966442020034
13.9207513810042
12.0967362750015
10.4646255910019
12.6726968040032
9.5044458470035
12.4167643480035
9.50456143100453
10.592536205003
12.7367227290023
8.41651219600337
12.7367886320044
11.7766258900041
9.60049426800325
10.6886593660036
12.1286187270044
10.3686292590055
12.4167352590057
11.2326244180032
12.7367039010053
9.31250684200435
10.9126254870056
9.82447180300383
11.0086619630039
11.2326863000085
9.72844619700552
11.0406033380066
11.776659141006
10.368634357004
13.3767662530069
9.0564654510068
13.4086940140072
11.4566580800073
12.6727064060077
12.6407636090065
10.4645872930078
9.82460249700523
12.4167924820071
9.824528326007
12.128506052008
11.8726755390099
9.40858313100534
12.3207316720055
12.4166353410047
12.6406828290087
13.280734761004
10.1445433900125
11.2325414650059
14.1447329440041
12.7367161260068
8.86448207401003
11.456524938005
8.00041800600582
13.3127453520103
10.2726111560045
10.0485864820072
11.2326272820056
11.0086923960111
13.6326920280112
11.2325836340048
12.0966113730105
11.1366829220074
11.1366346450055
13.3767180080113
11.5526340980097
7.68042924801193
9.28049950100984
8.76843474100752
9.8246048590056
10.9125566120056
8.64051935700871
11.3605810840127
12.288659662012
11.1046084330084
12.4167743950068
10.0804838610102
10.0485309610079
12.7280552810092
10.6886626680094
11.5525790030091
12.6406511270076
"n_500_d_25_tr_20_a_158x158_idx_4_p_flooding"
8.96050382500135
8.64051383500097
7.23244529000144
10.6886198550011
9.82455257900128
8.96054521200185
10.1445250870018
8.54444444400215
8.54454949300099
12.8647360430012
8.64052257800196
12.7366934680015
11.7766887370028
10.1446128370029
11.1366597090026
8.64060933900213
7.77648324500291
7.23245306100218
8.6404872370025
10.6886739850029
11.8727516820023
12.0966753860046
10.2726158060022
11.2326897060022
8.09647610000397
11.552785153004
8.64050833500229
8.96051325600311
12.5446431940048
8.64050169000663
10.5926645550021
10.3686040330047
8.86448555100472
10.2726206140034
10.5926401700067
10.3686432880039
10.6886714820043
11.6485883040056
10.6886394810033
9.40857353100455
10.6886334420047
8.09650673000561
9.50460264300546
11.2326721360034
7.23244948200374
9.40861255400449
11.4566574720065
9.40852950700588
12.0967829210059
8.09650206700496
10.3686340080067
11.2326481400089
9.82463602400685
11.2327189140089
9.50457200200816
10.6886026650059
9.82459494100851
8.96057839800335
10.3686611950096
10.5926464860033
8.96052973600803
12.0007173940095
11.4566697740059
9.28054068100437
11.2326753080083
9.72857824800855
8.09651090100516
12.09677437501
11.5527053370101
8.00045274601047
8.54448385500461
8.64052351100497
11.2327335200106
9.82459557400972
10.2725397250083
10.3686278700081
11.5527242000155
10.6886046440096
8.64055894800941
12.0006911580077
10.6886545980061
9.82465055700743
11.5527005360079
10.3686457470076
7.23241110500794
8.32044551200539
7.23241968201194
8.64053085600602
8.64051027900814
8.96052891901178
10.6886078780093
10.688638400012
9.82459357700805
11.4566911040086
8.09645547300875
8.64054253200663
8.96057611400636
9.8246146250105
8.96061217701316
10.3686349850136
"n_500_d_25_tr_20_a_158x158_idx_4_p_mprt2"
9.82454061200144
9.6005957060008
8.09642674000166
10.3685780200014
10.592543147002
10.0484506670018
15.0087769480045
11.3287022150033
10.1446505680016
13.2807772630024
8.73656231600251
10.1444874550047
9.72855751900426
13.1846884300053
11.7446435980035
12.5126959990034
13.0246770040046
12.1927233430057
13.376812478004
10.5926773620055
12.1926373960051
11.7767003510068
9.82465378800867
13.7287538880031
10.4646738650089
11.2326850170064
10.6887202980062
12.5127995990084
9.72847794901099
11.3286835230042
9.72860078000792
11.7766890750062
11.232623832008
13.9207438940119
10.3685949520056
12.4167086670113
9.82466251500824
10.1765778420102
9.63252502801026
10.9125314990095
10.3685928610133
10.8165824940016
9.82454025600177
13.6007817610011
9.60057982800144
11.0087106340018
11.9686847650033
12.7366630390036
8.54441638700365
13.0320545010036
10.3686057780052
10.2405875790055
10.2725881500092
10.4646428150055
12.3206894970025
11.4566006670032
11.5526449620091
9.9205826210067
10.1765841440056
11.5527546090064
10.7846742500115
9.1845110620099
13.1527542160086
9.08845951200732
11.0086944250085
11.4567149990012
12.4167014470054
10.368683012004
10.6886032580071
12.6405330940074
12.6087062140101
10.6886915580091
9.50449010201027
11.456662235001
8.86450154000329
9.08842915100116
11.7767449840027
9.60059283300296
9.28059601800335
10.7846515520045
9.92054551800337
11.5526301620044
11.3286534020034
12.0966757880048
14.6888656090027
9.40846117100591
8.96044643801019
11.776673776005
12.3207277640063
12.544693410014
9.7285556820097
8.44847842201091
13.5046634370113
9.82448700700544
9.28054358300301
8.73650215500632
11.8726156480093
10.0486018610084
11.4566229460067
9.1843944100134
"n_500_d_25_tr_20_a_158x158_idx_4_p_probflood"
9.60050670900081
10.0485176300014
6.91245644400151
10.3685766640016
9.9205665740012
9.82456856500136
8.86451891500251
7.55244233400099
9.82453450800236
12.7367660180013
8.09651529400135
11.2326898590016
11.3286513800031
9.50459036100249
13.2485509050024
10.5925879950028
8.96048724900211
6.91244128400292
8.96051489900351
11.3286476770025
11.5527219620013
10.3686553100033
12.2565948400037
11.2327103900043
7.77648318800317
12.096733215003
8.64050612000611
9.40851511600371
12.3206491900056
8.86450727200483
11.4566761560049
10.2726033930054
9.08843605600396
10.6886244160052
10.1445808040026
10.6886690200056
12.4166765230029
9.82460011800512
11.3286332010034
8.96057481900314
10.6801225770035
8.64051143300415
10.3686343400078
11.2327176580038
8.0964540710049
9.8246035680063
11.0085685600083
10.1445647490053
12.864729541004
9.82453270600558
11.7766724500079
11.0086416370052
10.1446179930065
13.8567159060088
11.3287181640089
10.3685702450065
12.4486944410052
9.50456556800816
12.0006494560059
10.3686325530035
8.96051517600682
12.3207157080074
11.5526673840094
10.2726087860034
12.9607470650086
8.96055187200773
8.64053670700571
12.3207524170041
12.0967284080038
7.77649329801022
9.69650758500507
8.96050398601034
12.4167427910109
10.592584543005
9.50455377300585
10.368630512005
10.3686439820052
11.2326827740077
10.1446209550105
12.3207666460061
12.6406943480077
10.6885287800154
13.1847357250052
10.6886774540058
7.13639591101156
9.72849354901228
8.00042151401215
8.96051875001547
9.40855554301123
10.0485385830069
10.8166389500113
9.50461230400634
11.3285720300169
11.5527277140117
8.41648343801182
9.72848912100943
10.6886030230129
13.1847762670105
9.72851663801322
10.3686610430103
"n_500_d_30_tr_20_a_144x144_idx_5_p_abba2"
2531.86003791
1958.119596517
1779.240349351
1594.509094512
1500.7280559
2479.270306062
1639.861412263
2157.828470637
1550.687467644
1918.263502832
2438.063335692
2622.333113186
2244.867594171
1445.887196271
1343.442284009
2343.669245003
1938.827323662
2488.29186980601
1888.727565668
1931.979574055
2011.190547959
2198.919511246
1518.551635559
2539.07301687401
1871.64022957201
1700.57346979501
1726.74469876101
1494.358108808
2716.77721499201
1633.93827109001
2278.971487054
2118.46596401401
1556.91156249801
2076.239856302
1544.698170529
1223.64418279901
2103.05907403101
2347.68859076301
1674.88647317001
2084.04815252801
1406.07093019501
1619.40350229901
1588.51443366201
2228.53664814001
2279.56680812201
1932.05993585601
2189.50720143101
1497.71445117801
2462.604994995
1534.368369243
2266.10049371901
2358.392593537
2182.29954538201
1651.246080475
1320.00896250301
2447.70503102801
2581.70091106301
1368.17682057601
1951.30067343301
1948.07932460901
1491.30624257401
2469.14909669301
1749.19447980801
2501.93108809301
1697.00743790901
1665.99928012801
1714.169716743
1883.455655456
1693.77193486001
2721.257044602
2305.68713235001
2271.158775654
2175.21484422801
1692.76030499001
2109.23878449201
1387.34984108301
1677.99840962701
1620.19380518301
1752.79722603401
2615.07433102601
1999.22150994601
1793.65620946101
1575.81262051501
2276.52576553002
2667.61655661501
1546.443521454
2411.72636740501
2106.957796782
2052.18891589
2420.109138502
1715.520240302
1784.481533353
1535.05078043801
2227.226517647
2492.66069137801
1892.53169792901
1695.15802541601
2492.35984847901
2054.94862917601
2456.89163341701
"n_500_d_30_tr_20_a_144x144_idx_5_p_cds3"
12.1926932550007
9.50448548900162
10.4645996040009
8.96044362600179
10.3686597400028
8.64052565900231
8.86452177100239
8.96049445600156
10.5926221930019
7.23244121700262
7.77636218700195
11.6486333620021
10.2725856240014
11.3285931210019
10.2725841070015
10.9125785440032
8.54447277000325
6.91240021800255
7.9044052840036
11.3606138950022
11.2644999900056
10.1446094780044
10.8166006990018
7.23238710000373
11.2645333620023
12.0966308900066
9.18441401700321
9.50461725200213
9.95248613400435
7.55241528300488
11.2325571240035
9.08853341200455
9.50448412000426
7.77641801000684
6.81641185900261
12.0966517830041
10.6886096330037
11.9046633850033
12.544452223004
8.86442692400635
8.96054128100587
8.64054101200651
8.640411387006
10.5926384260044
9.50460729900371
9.05648846600471
11.8726729750058
9.40856519800448
8.6723812870062
9.50453642000681
10.1445509000087
10.5925773740054
12.6407177560068
9.63249154600732
8.32041385700677
11.6486532800053
11.2326577770077
8.09648623100401
7.23241541300723
8.2243434580036
11.3605939120092
8.64050339100686
9.63246372200643
9.95254458200634
7.13632300600864
10.1445629400132
9.31247591600481
8.64054712700835
10.0485631750047
11.3286291730077
11.1365646850103
10.8165656750074
9.08858490800668
11.6806299810079
7.90437355500728
9.18450788901026
8.41644978601153
10.3686319310086
11.6486579620059
10.144611494006
10.9125875310099
8.96054036500971
6.68838112500936
11.0405857210054
10.560556921007
7.45638219800782
9.40848990001797
10.3686945830077
10.1445782240077
6.8163590260113
11.0086248280084
7.68047475001055
11.7764876800166
9.50463525900602
9.82449041401168
10.0485177150063
8.096452159009
10.0485362710074
9.63243887601095
10.5926119540101
"n_500_d_30_tr_20_a_144x144_idx_5_p_flooding"
9.50465230300068
8.09646199400138
8.64057586000211
7.2324870740017
10.368620516001
7.55247928800173
7.68048190300163
8.64047809800184
8.64054801500203
7.23241328000235
6.81635472700215
9.50460758600258
9.50460939300157
8.64054561400174
8.09653079600281
8.5445057640019
7.77648372600304
7.23238958000394
6.91242384000468
8.96059944500216
9.72856584200343
8.64055370700356
8.96058146100387
7.36030225500173
7.77650820800346
9.5045449170037
7.77650048800282
9.82460114400396
7.45635015800516
6.04841083800522
9.40860022500445
8.09651134900236
7.77648330700487
6.04837982000461
6.36837015600378
9.82460396400597
10.2725950260059
8.64056054300377
10.6886586210031
6.91245695900378
8.64054756300447
8.96054297600557
6.36840277000772
9.4085908020034
9.63250971700447
8.64054523400526
9.82461662500356
8.96056338200424
6.91239339600713
7.77649381300449
8.09655113700458
8.96053510200545
10.6886777970061
8.09649537200841
7.13640579300545
9.82459965800331
9.82457981800877
7.68043481001257
6.68828192400639
7.7764586210094
11.2326353670085
8.09649226800957
6.91246666301026
7.77651007000912
6.04837559500737
8.96054370300448
7.7764601250081
8.54451048300575
10.4965817560085
9.50462946100572
8.960603773005
8.96051207600834
8.54454042800512
10.1446487850083
7.23240850400941
8.54447126500446
7.55240260500756
9.72858353200934
10.3686473220108
8.96055085500791
8.64057126801043
9.72854639501008
7.00839265800823
8.64059236501191
8.96019896200784
6.36842512800939
8.8645149940092
9.7285877800104
9.82456204101112
6.36831706700747
9.82458936501018
6.91241576301138
11.5526583200136
8.96057728301258
8.09644805001142
8.54449581301253
7.45640903500799
8.86450677001704
8.09646736500724
9.82460659700735
"n_500_d_30_tr_20_a_144x144_idx_5_p_mprt2"
13.7286699510009
10.8164327530016
10.1445283970012
10.0486059210017
7.68033622600228
11.552624423004
10.3685748630049
10.2725884460035
8.64045496000543
11.6487065920055
10.7846634920037
9.82455815900352
8.86451477500572
9.18451270800347
8.00048268000708
9.28062194000745
7.45641576100553
12.3206403850062
10.0485677290081
8.86450893001012
11.3606057820093
10.7205395470089
8.86447175901139
9.60060246401184
8.00045223601131
12.6407869740106
10.1446602370103
7.77654741401079
11.9046195820118
9.5364712750019
10.2726291220012
7.87246428000188
9.92059991300209
9.60056757200434
9.05653408300466
8.73652473200437
12.6406442550042
10.0165234270051
9.60060908000671
7.87248797600881
8.44836912600755
6.68842784700985
7.68043778800376
9.92056293001298
9.50453160600517
9.82468048800911
10.4646702220066
8.09643773900603
11.648596601006
11.4567343750096
9.82450752901087
8.41652642700108
9.31253730700199
9.50464110500171
11.008706902004
7.45642328500296
8.32046975200385
9.92059521000854
8.09650673400597
8.96045022400926
7.55245976600349
10.5925047260058
11.2326512070098
7.23245306701159
8.96058720400283
9.60056847200264
9.4084725710033
9.28059784300217
10.912633504006
11.008572659005
12.9607734910024
9.31255297900435
10.5926318070075
9.60062662900896
10.8166152140114
7.00843134500673
7.87248755600167
9.50465959300217
10.8485541750021
7.45644653200195
9.28044420000518
6.59234962700594
11.552666573003
10.5605919580043
9.72861318500406
8.12849434200302
9.60059747001196
9.82451777400684
11.872647155009
8.0964143710105
7.77639040500588
9.28060635100536
8.41652053200903
9.18452982500639
10.7205203420122
7.23231957200454
10.2726521630032
9.82450503200738
7.90428576900304
7.55245983300412
"n_500_d_30_tr_20_a_144x144_idx_5_p_probflood"
13.5047120600014
8.54437482600101
12.0006383740012
9.08850023100172
11.0406282700026
8.54448851600154
12.5764991840018
8.09648613900116
10.6885877850011
9.82438789000284
8.00041136300145
10.5926126480025
9.63255477900304
9.82459216600162
11.2326004830017
11.4565733380019
12.7685223430021
8.44840910600198
10.4645331960036
9.82459590800211
10.0485050060044
10.2726176200036
9.82463476700346
7.77647960700278
9.28054859000582
11.9046782310051
9.82456598100256
11.4566557500062
8.96045968700321
8.32038838900218
12.640656912005
8.64049043800463
9.18448399300331
7.77641122000716
9.53639784600568
10.6885987370049
11.4566135540031
8.96059324600529
12.2323810960054
10.2724663070042
11.8085620070048
10.4965563870039
7.90441366000749
11.5526693470045
9.82456416300437
9.95257303200603
10.6886476460062
9.4085409700071
9.40838679500544
9.72853621800596
13.2806188570065
9.82460463300683
12.0006745970045
9.18449417500256
8.73644758400616
11.0086165810088
12.1285880510058
7.68046323500471
7.55243096200786
8.96035357700953
12.3526516590076
8.9604840960078
8.12837315000792
10.5925274550103
8.45619720500679
10.6886119970042
8.41650660900939
10.2724476840095
10.3685070070085
10.3686398380063
11.6486150270063
10.0485102780041
8.64052594200615
11.5526572960079
7.23240922800983
11.0405265750089
8.09646992600932
13.0567521380058
11.4566602230113
10.5926339010054
12.096657898006
10.2724958290068
8.72804730300913
10.8166226930067
11.1365363660099
8.0004056280103
10.6245152470095
10.6886493730087
11.904631987008
7.36032155300848
12.7685940580093
7.58436030100995
12.1841687810118
10.9125563810082
9.08844661901043
10.3685809240091
8.09643231401225
10.0485222470112
8.86445584801265
12.6406928090077
"n_500_d_35_tr_20_a_133x133_idx_6_p_abba2"
2528.264605156
1925.158604754
2364.782799309
1320.27733899
1185.689864509
1778.925637395
1732.328115567
2293.67624924301
1515.61478060001
2127.58085463501
1207.884548058
1351.13655190601
1828.22416613501
1981.23347014501
1255.974844866
1538.41842246001
1251.45935561701
1473.75291763201
1410.41132805201
2182.10538243001
1610.05516787002
1085.92944409101
1555.77444714201
1914.52067216901
1992.60773080601
2236.432304103
1921.307867618
1429.258693759
1287.046736363
1626.31730796
1961.373117564
1473.735793789
1540.678737246
1370.049871923
1522.465232783
1995.785389249
1324.266179252
1557.416567285
1942.734378265
2039.20923481801
1317.02732140601
1263.58746025601
2000.186031464
1398.48896784301
1866.415256953
1252.17151992101
1992.15674018701
1353.34239786301
2030.256343077
2415.077494319
2171.403445564
2206.405554375
1283.595412461
1440.56638035001
1499.653335283
2234.605310899
2097.207529331
2319.05944522001
1561.761480299
2013.202981593
2103.528255381
2087.459163765
1901.60673195301
2212.630549816
1685.892209462
1413.94723937701
1941.47422852901
1291.15714571301
2215.07241744501
2019.34790443001
1578.18321647301
2341.88258489701
2513.48265943301
2239.88162453601
2591.95181485401
1481.98266712601
1948.80070716701
1513.48418439101
1229.42826092901
2477.78624711201
1718.67619459101
2338.30022032401
1320.28292359701
2246.81260340601
2001.738812238
2197.729363948
2639.486997678
1625.342303444
2387.052867693
1203.603556519
1654.817392833
1346.299731129
2231.67195559601
2557.112002918
1736.95709529401
1610.94983722701
1891.05400670301
1994.00999546701
1438.08067719901
1315.36507132601
"n_500_d_35_tr_20_a_133x133_idx_6_p_cds3"
9.7285650520007
8.0964823430012
9.82457204500164
7.77645957800122
10.1446402490009
9.98444413800215
9.72850610900089
8.54451097000286
10.4004631510026
11.3286232040011
9.7285286760016
8.00044667200162
9.50448230000411
9.50460470200198
10.0485187520025
8.96049055400283
7.36044977800177
10.1445602990022
9.18446879600232
9.72853185300337
10.0804563220045
7.23240182100326
11.0086274800061
7.87242015300293
12.1926967920025
8.41647627700226
11.0085745900044
9.28056315800418
7.45634650000682
9.95248705300256
10.6885383790036
7.77648156200428
10.9125364430049
9.82462556600439
11.2325737400063
9.31250985700416
9.82461920300537
8.86450216500378
8.76844120400477
8.86445840500372
9.31246855500589
8.09644802500387
7.68043232400473
8.9605631300067
8.64042344800353
9.69648838000836
10.2725940620054
10.0485551240048
9.63246512200655
7.68040272500414
10.8165151410056
8.41645387300716
6.81637162100657
9.05650964200788
9.8245842300102
7.8723751010088
10.2725809200095
9.82460739700741
7.55238004001058
10.4645275610054
8.32042371700936
8.09645258300407
8.96039108900482
9.92052618700967
10.0485405480057
11.0086106140059
7.77636626001055
8.9605123400105
9.92056008200848
9.95251271600495
8.09645072200738
8.44846745200556
10.368445718008
6.27233875000854
8.64048334600653
9.92047561500442
7.13636430600673
8.096469805011
6.68832959301113
10.6886158700092
10.5926008940074
9.18443193600638
10.9126566400093
9.40854165801142
8.41646241701
6.68833719301176
11.0086037530124
8.96055361000947
9.82451875001544
12.3205942350069
8.32037532900642
7.87242438200764
7.45639182001412
7.48828668901069
8.41646125400786
11.7766555660097
8.76840488101038
8.00042580001303
10.9126226140077
7.13639138201216
"n_500_d_35_tr_20_a_133x133_idx_6_p_flooding"
8.96053613000181
7.23246864500116
8.64052860400122
7.23244139000201
9.82462995100164
7.7765377950012
7.77649888000198
6.91248666200117
7.77649151800119
8.96056750700147
7.77651575800142
6.91245066400192
8.64053863500303
8.96051908000395
7.6805017120023
7.23244520600197
7.23246405000388
8.96053804300223
6.91243383000462
8.96051827900202
8.54450008600338
6.04837955300397
8.09652490400481
6.81641573200409
9.40860935200405
6.04840636300352
7.77649327100249
8.64055231400229
6.72036677900323
6.91249759400492
7.77652796200456
6.91248127900224
6.91246388000621
8.96057210900381
8.09652148500462
7.23244625700303
8.6404338880044
8.00045608400524
6.91243348900628
7.77653090600339
7.23240394900415
7.23244008400314
7.23244290600533
8.09652620700518
7.77650221200332
8.96057873100631
8.09648622000836
7.77651233800469
6.9124735230055
6.36839892400687
8.09650719700628
7.13636923400429
7.55246431100431
7.77648122900843
8.9605427790076
6.91242652300872
8.96052345600395
8.9605429200077
6.36836508700611
8.09651207600837
8.00044795200705
7.23245673400896
6.04838110400863
8.09652371700764
7.77646356200989
8.96058762900509
7.13638555600937
8.09648017400377
7.77649047400786
8.96055177900479
7.23237021701095
7.68046624001073
7.77654764900859
5.18433941500973
6.04838953400844
7.77651206001195
6.72035237900559
7.23243232501147
5.50433490401048
8.96056338901019
8.96057751101154
8.54454914900771
8.96059325101106
8.09650607200751
6.04841574801185
6.36838544900797
9.82456992601044
8.86451086500983
8.09648370201188
8.64050989201104
6.91241639001561
7.2324358190059
7.13637477500839
6.368378005007
6.91244536300673
8.96060484401318
6.91244894800747
6.0484278930133
8.64053483601168
6.36836884100944
"n_500_d_35_tr_20_a_133x133_idx_6_p_mprt2"
11.000098338001
8.00049855600093
11.7766226340006
9.95252751700093
8.86453582100089
9.2806121210014
8.54441797500272
9.60057788100244
8.96060705000323
8.00046188500225
8.54452750900236
8.41656040000416
7.00842001100455
12.6405205750046
7.872444054005
9.05654074500362
7.45641365600491
8.00050017800302
8.5445580080048
8.51248326800302
8.41652065200549
10.3685763540042
9.60060686100306
8.3204693040031
9.40856253800604
8.54451288500613
8.00036421300376
8.64045504100375
9.85648852600463
9.05654444600401
7.77638824100535
9.08836074500385
7.77651163600268
9.63257005500395
7.77641038001065
8.64048021500707
7.90442292400684
8.86440637400909
9.92059932900702
9.60055718500996
8.44833169500703
8.73651648100804
9.40861779501034
8.44836392700898
8.86442243501051
8.96059914700942
6.68826413200918
8.90403341701074
7.04021982100755
10.1446235120051
6.36841587500925
8.73653774800687
9.50451284101206
8.73655203400858
9.7284872030059
7.90443695800747
7.68032600701218
10.0486018230086
12.09659040601
10.3685913710123
9.92060069500234
9.95252983600281
7.55243016000406
9.92057012600611
7.23249028600392
8.73654182500516
8.9604638610048
9.18451839600465
8.41653358401118
7.23248682800914
12.2321020020095
9.2805956940083
8.22440949401226
10.4965548190012
10.1446362710078
9.72861408700965
9.18449776300179
7.36048649000409
7.45642471400387
9.63254360100407
8.00045840100694
10.5840359300089
10.464639182004
11.3606569480069
6.59237190600948
5.95237292301221
10.1446797680023
9.82455335900312
9.18456707700699
8.73656410900736
8.76847743200138
7.87246865601077
10.2405734410027
7.96841143800719
9.50451581400458
8.41652634700107
8.64045700300231
6.91235195700557
8.00042453400351
10.6885953320059
"n_500_d_35_tr_20_a_133x133_idx_6_p_probflood"
12.7686858640015
8.86442017200118
11.0961189460017
8.96053652300122
12.4166507600023
10.5925142170022
11.2643989960013
10.4644953470014
10.3685858330014
11.0405956430011
10.4005508310028
10.5925962410023
11.2326778230027
10.4645774430026
10.2725199450031
9.72846404300221
8.96050639300228
10.5925607340023
10.2725473800032
10.1445348650024
9.95243899400222
10.2724374990046
11.232624795003
9.82449560800447
13.0886668110044
9.21643539600225
9.6325117220033
10.3685682510033
8.54436262000391
9.2805475440052
9.28048056800534
9.82450551700254
9.50449935800535
11.008612279003
11.3605229090048
9.37643182800585
9.50455795700478
9.72851185300527
9.82460705100507
10.592522032006
8.96044095500415
8.86444943300546
9.08834807500369
10.1446070280033
11.2325041720034
11.3606018660057
12.0965416590053
10.624502191007
9.95246041300391
9.18442815200393
12.3205239730062
10.0484896740056
8.41640506800445
9.82452977600445
9.82460224300752
9.63248632300662
11.6805111380032
10.368563746006
7.23239671900444
10.9125542980095
10.4645232620086
10.4964793910085
8.54444163400814
9.82460631600901
9.72852686900438
11.3605987130043
9.27221114901045
9.82443254500964
10.5925091790056
10.2726051270068
9.40841239200552
10.0803534360097
11.1923491400105
8.00031801900758
8.99237624501126
10.5925444030106
9.85638880300854
10.1765064680066
8.192361019006
11.13658080601
12.5126553400108
11.0086090170114
13.2807692140062
9.82454748601214
11.5844973860106
8.64042258800879
13.7606504440058
10.6885350270076
11.1365271610069
11.3605321240087
9.95246611700651
8.4164593340077
10.0485512520123
9.63240937500842
10.4964943640127
11.8727350930072
10.6886437770086
9.60052744400741
11.0085985850077
10.592426754009
"n_500_d_40_tr_20_a_125x125_idx_7_p_abba2"
1179.427524382
2072.841798331
1881.161206987
1485.477510642
1807.035500346
2144.807922934
1578.314998487
1470.996787304
1426.677122594
1452.26681312601
1858.597380259
1624.08248369901
1387.076783624
2024.83719992101
1682.64568592101
1451.385085188
2080.04759393101
1730.48686990001
1151.82489674701
1732.801402993
988.437301211007
2171.54131148801
1463.395143939
1315.71487038901
1591.78038056001
2146.37045017701
2175.16658830701
1879.52751172001
1270.08953234001
1981.080955561
1971.98870845201
1657.58953144001
1109.026455323
1895.89768796701
2147.36785885901
1254.35707373601
1390.30828030701
1443.42027379501
1294.64502609201
2143.10985748601
1725.69986952301
2137.47374449201
1464.46814438301
1572.79960559201
1300.50445041
1249.289156302
1543.128515435
1186.946685621
1256.713085597
1002.493645563
1883.453906781
1841.684646094
1838.761761608
1301.29427018001
1607.76932649401
2135.11760307301
1848.65168786301
970.200747047009
1200.641300098
1894.811802873
1752.102127977
1412.32434023101
1417.86376950002
1114.08889178301
1333.477613036
1569.16441735
1394.052982692
1388.864449754
1575.08878071301
1924.13764237201
1582.97120892101
1719.02779133801
1528.59356902601
1691.18519073601
1350.70179255601
1480.771863019
1167.248946687
2031.669804852
1173.476024037
1216.452016609
1454.18640133101
1856.73997720501
1238.56964811501
1501.66469941801
1341.993749569
2161.323387677
1213.677872542
1438.105857798
1894.37730417501
2067.48874687801
1226.495979296
1387.64598761801
2183.69956374901
1066.258044201
1660.18151672601
1733.76519591901
1054.29736832701
1331.99557627
2025.20457768301
1943.21244643401
"n_500_d_40_tr_20_a_125x125_idx_7_p_cds3"
9.50459822800109
6.91244508300137
6.91241511200147
7.77651003500157
13.4086609700024
7.45638241700242
9.60058315700252
7.55243877300238
7.90438319900133
8.86450120500193
9.28052744900221
8.44842633600251
8.96053906900285
9.28054161400205
9.50447595200288
8.00042553400182
8.54439601100232
8.96054401200352
9.28047046500424
7.32838325500396
9.3124588070026
6.27232042500481
9.40853912300454
7.13636868500345
8.8643871700036
10.1445959530047
8.00038362100253
8.09646930500207
9.82449683500519
9.72855748300461
7.58436472100499
8.32042754900542
10.8163984580045
5.82432594500304
7.58439700900482
9.28051838300448
7.26436903900307
7.77647711800356
9.63241991100361
9.50458935600551
10.1765069830044
8.64054226900635
11.2325802040054
8.09646594100499
8.6405318990046
9.60053449300702
9.28048882900612
9.28047681400557
9.28054192500483
6.91234995500523
7.1363550830057
8.35235948400737
7.77638767600308
8.86446067300284
10.6244720900079
6.68835164800896
7.04034914600982
7.5523874630079
9.40848058300503
11.0405708360091
9.72845226100816
8.41640901800389
9.28052098001331
9.28053241700866
13.0885350850036
9.92055461800589
6.91247578500764
7.77644546500511
8.86445676400882
7.45635271700706
9.72850573500494
9.7285014920061
10.7845882360067
10.4965565970048
8.35234136101093
9.4085290890078
8.8644671440079
8.09646127001429
11.1365278520097
6.91242130201175
9.82457590701102
9.28049575900758
9.05652704300763
9.28055840300601
9.72857874901223
7.77633795200927
9.18443736200913
7.23242193600981
7.23239256701191
9.50454672901202
7.58432024800726
9.60050191500983
8.96039777501301
10.1445066820105
9.18441993300689
7.13636977001642
8.96045816900681
7.55239905701188
7.23245962200103
10.3685613840021
"n_500_d_40_tr_20_a_125x125_idx_7_p_flooding"
8.0964746690011
6.91243483800097
6.0483926730015
8.96051946400167
8.64057776500182
8.32044169500179
8.8645635010014
6.36837261700229
8.0965043560024
6.91243157300114
6.36838449300114
7.23244670700218
8.12845081900271
6.91241124700248
8.09649960200254
7.23245812900331
7.23247249400316
6.91241581900215
6.04838079200221
8.09651760900287
8.09650215200364
6.36838074900226
8.09645696700301
5.50438043100243
7.77649878300224
6.36837143600388
7.23245379400339
8.96054287900228
7.77642707500448
7.23246137300393
6.91248916900378
8.09649424100556
6.04836274500542
6.91239491900575
6.91240857500475
5.50432159500502
5.5043298890034
7.77651169900295
5.50434450400417
7.23245999600408
6.04837929100555
7.77648874800363
6.91247550000895
7.77648849500423
8.64053483700644
8.09645516200419
7.77648687200383
8.00050198900593
6.91244249300382
7.23247226200385
6.91246331700412
6.36834559700716
5.95235148600892
6.36835994900764
5.18435721500765
6.91240491900658
8.09649603600349
5.95235069000921
5.50430972700866
6.04835858600694
8.09647281500503
8.9605392950034
6.91245648100391
7.23241907200389
7.77647620500943
8.09651139400813
8.09646254100471
8.86452680800431
6.59231324100773
7.23243853200728
6.91245443501032
6.0484173860047
7.23246511100939
8.09644988201086
8.96055952800623
8.09652014100948
6.6883608540067
8.09651022201052
7.23245699401076
6.91242962600569
7.7765030560073
6.91241177700874
7.77653199700978
7.23248987500824
8.41652331401122
8.09650431001074
7.77643594400956
7.13637485200991
7.77651290101034
6.04842129401106
6.91240841001672
8.6405414520101
6.49606370100742
6.91245164001231
6.36839175700743
7.77648263100872
6.0483721770126
6.04835885901167
7.23245285500695
5.95237664300896
"n_500_d_40_tr_20_a_125x125_idx_7_p_mprt2"
8.44847220900125
10.0486070460022
7.68033928400236
6.27232622200324
6.14433564300398
7.68046299500469
6.68839961100431
8.73650390900593
6.49626561400396
8.09640502400555
8.32050995100531
7.6804511360038
10.368571128005
10.1444980670067
8.41651440200764
8.86442584901204
7.36034587900747
12.8964222430099
7.2324673490014
8.09656772000178
7.87245437200212
8.09638406500213
8.73648513600145
8.41652767000234
7.45638533700266
8.12847634700198
9.82453863400323
7.36033267900282
10.0486208800046
8.67243161700415
7.6484328010018
8.64048193800215
8.41653754500271
8.4165359030024
8.0965329640037
9.05650811900216
10.0485489880029
8.09639264900497
6.14433408200554
8.09639995700451
9.37654946600475
9.50447577200464
9.18453614400505
8.19246950800689
8.4165157190057
8.32050059500489
6.36841281800571
6.68840470600429
7.32840001300872
8.86451972000657
6.27234839900837
8.22426667300391
8.86450270300543
8.64044460800528
7.55243216400459
8.86452157800477
7.55237533000752
10.272520671009
9.05651044800493
8.96042066100478
9.50448051801089
7.55248265900832
7.13641206300508
10.0485669870096
8.68012948800612
7.68045682500684
9.18448203700706
9.60058689200594
6.68836366900649
8.73649394100795
7.13641922801145
9.95241532001501
7.87244868801196
6.04842936601102
8.6404551890098
7.68037664300891
9.28063301200233
10.816513436005
9.18454863700902
9.63257807801199
7.23244246800192
8.41650813600481
8.09649804100587
9.28047666000964
8.3204920760096
9.40860906500518
6.84820899500238
7.77640125200563
7.8725122400094
7.68049890800171
8.22442257300438
6.46432507100769
7.8724420010019
8.41652652400882
9.95251367700689
7.32843101800995
10.8164900990015
9.18451592401226
6.36843736200632
7.36034616900838
"n_500_d_40_tr_20_a_125x125_idx_7_p_probflood"
13.9526352890007
8.96053728600155
8.4164509420015
11.6486209260014
14.3686798390021
9.85645137000191
12.224618069002
8.41642992200242
9.8245501750025
10.7844885190023
10.6885043060014
9.72848563400142
9.95245508600284
9.72846886700296
9.72855411300166
10.0484947250017
12.3524727500044
10.3684243870035
13.6964706360025
12.0965918360021
12.5445930240033
8.67237049300229
9.60049270600294
9.72843579400262
12.7366476030026
8.96050026700479
10.5924845160033
12.2246456980051
12.0324687110021
12.5764698240047
14.0805155560031
10.9126079250039
13.7605412350048
8.76842233500241
9.72843886500385
9.28044978300591
11.8160293950034
8.96053481400472
11.320090996005
8.64042831700473
10.6244374790059
9.31238239700605
10.5925646980047
9.60054411400435
11.4565207700075
8.9923720520062
11.3605740210048
10.5925163170042
11.8642764640065
10.0484802930048
9.95257238500713
9.18433893100712
11.7765263660061
8.96037094200608
11.6804455080057
8.41649405800382
8.96053967000654
8.99233335800886
9.40843094200972
8.44840195400565
10.0804930460043
10.8165460180061
9.5044951940082
9.95245329500705
12.5446393970066
8.96056254400435
8.76841813700935
10.4645238920043
9.72840378100415
11.3284684030077
10.5925217970082
10.5924939390079
10.0485208810071
10.080501231009
13.0886895960103
10.0485414510061
9.18443965300497
10.1445671450051
10.1445606170074
11.2325404160103
11.4565941910101
10.7205017050092
11.5845648890058
8.96059580100683
13.1845509960087
11.0086679650081
11.1365514700097
10.5926369800144
9.82453423601015
9.53630733200583
9.31230352100698
11.2326070930067
10.9124337600122
11.6805565510063
11.5845358940092
11.4565016520132
8.73639139001625
10.3685170990104
9.6324202640119
11.5843286890112
"n_500_d_5_tr_20_a_354x354_idx_0_p_abba2"
10927.678604357
10685.311718726
8384.034667242
6647.695870686
7648.134053933
8123.47969538
6603.614513744
8457.82983417501
7736.102065618
8130.355660689
9354.602584444
9483.138684476
8089.727261927
7878.36286436901
7131.254271928
8478.22304291001
7577.81528909
7385.214285943
9465.475962124
9154.627224066
8198.75835051601
6557.011173134
6035.79475686901
8517.51969524301
9173.20617673801
7641.67985042101
7613.75327811501
10300.451888801
7850.177303813
7842.02630216301
8626.90881317701
7248.77489289801
7999.67617784801
6603.582072508
9137.20936855301
6195.12275935001
8536.60277737301
9576.76913659401
6806.79068259501
7649.09405393301
8414.14937173101
8452.693313842
6967.655648788
9625.35756548401
6591.83890653101
5748.68001302701
9824.30764708401
6506.56069954101
9203.18967444601
6257.23414599701
8728.96774722501
10015.905904696
7961.16115041301
8978.09886666001
8757.32229561801
7827.07002181401
7035.74323415801
8224.66172959901
8652.19555618901
6303.26207250801
9274.35152117201
7877.40286436901
7930.35406023001
10807.622070842
9358.62969363501
8626.07681317701
6195.95475935001
8298.69036446301
6533.32026936601
8269.39559113901
9325.54001843101
8335.84855064901
10905.444502838
7957.30646592201
7717.28865995601
8829.08611133001
8190.30956023101
9236.17276601901
8910.68089028401
9084.35067101501
7474.00896232401
10729.123816933
7978.92232363401
8831.47813051701
8806.37784852801
10095.335298526
6992.74354470601
8938.22844400901
7774.74543521601
5415.76090166901
9372.90999572501
7467.86881301101
8139.45629819101
9960.14555476301
6430.41871984301
4990.48716469201
5966.66899246701
3496.28300763101
4491.57987994901
3995.27087051801
"n_500_d_5_tr_20_a_354x354_idx_0_p_cds3"
55.1134299650009
55.3625939520028
40.1618641060013
39.368461176001
35.9697724780013
37.0577751390009
39.577205605001
48.770439800002
38.4340331520026
45.6343078000039
38.7761550150021
42.0178842310026
45.5702836890026
42.5525551610022
39.7140871500028
34.3057686280019
39.3620067370026
45.5924306600046
39.4899823040031
38.3058539390042
47.0745008670015
49.3464796890031
32.9295858930045
45.0261069390017
43.6500017340045
31.1697155760022
46.7223907680037
50.402515981002
48.7065297740052
42.4022075760035
42.3062088270036
32.2576580610026
31.3936927290044
38.9459943970039
35.8099159730045
40.3859694920037
41.9541439700062
35.1698566060037
36.0336726300083
37.4738698760062
33.6656667960042
47.9613931370046
51.6184259640049
44.8982445510069
28.3854076750067
49.2825428110066
41.9860959800076
33.8897899500097
40.1620366030073
41.665974279006
34.881670433009
35.9378734180069
44.3541714790072
43.6181358900072
43.9382965400057
39.073955956006
51.1387509610088
36.2896801610049
46.1463172650056
40.1360513510056
48.1303475620081
35.169657212009
41.7620297580044
34.3376889570095
51.0427059870082
50.6263911110096
35.617769586004
41.921923086008
42.4020592610077
37.0897538710082
38.4979671180048
40.6741225170109
40.77005917501
40.2899491240092
43.6180333630105
54.7547430630075
43.7144664630083
50.3064229940051
43.1701388720072
43.6501665290052
34.1137624610113
46.6012573340109
43.2662608850123
50.9466552730089
35.0098629260103
48.4825644950106
40.0339742490061
36.2326936650064
38.7539852010121
41.4420146600136
46.3383441440115
49.5297423940073
35.2977794310121
50.3385663290103
42.018078027013
47.2663873890085
29.0574961320118
35.0485016740016
39.0739499290049
41.5298429160025
"n_500_d_5_tr_20_a_354x354_idx_0_p_flooding"
47.5545629070009
36.8019818440013
37.1218331210015
38.1137448120015
33.5695870550019
36.4499459830014
35.2978975730025
45.6663921160025
40.0659120690019
46.210273344002
39.5220754210026
40.1938931070021
50.2815325220016
48.9623534770018
42.7544313170021
41.7940194160025
35.6177768180022
41.0579754310021
36.1619422930026
38.1139500390031
38.2417835490045
45.6664554690036
36.8979400420031
46.6584692850027
30.4335693610049
40.0660432770046
41.5700796960046
33.6656935180031
48.5144973520022
52.5145083210035
52.1625946000057
43.1702492130022
47.6182602140049
36.5136652600064
32.9615308210052
43.2979933570046
41.6977398980052
39.4258489310033
40.0661153040041
36.289727698005
34.6897129440045
38.3059707790032
39.8419906310039
34.3377540550058
43.1931311300069
48.6745470620065
42.9782502670051
27.3293700840043
54.7544426320066
45.0580551690045
34.9777143040058
41.4740349270062
39.8736649400107
33.2815107790054
37.5057920710091
42.6582158690039
41.0260680470032
42.4341711510081
40.0660364170093
53.0267820860075
35.0096683350074
45.1223830470084
37.7619746790074
48.3542778150081
33.3776522440061
38.08196375401
33.6016979490097
48.5786706620104
49.6984414200128
35.3937717410062
44.8340447780069
40.066044220012
35.8417868050083
36.1619217340063
41.3460800430059
44.3861399030112
36.8978499540091
48.1941072010059
52.2586667690064
49.6665091630106
48.8983808090069
41.4741120180082
40.354153393011
35.7777614010075
48.7287732650117
45.9864395450111
51.3945239700107
40.7379670750103
44.6102573320104
40.16201101701
35.937940319009
36.6098344480079
36.9618875310067
45.3143304140085
45.1543009570088
33.9858114710125
33.1536809190069
41.8580294530102
44.1303055540132
32.0975418910123
"n_500_d_5_tr_20_a_354x354_idx_0_p_mprt2"
4.09620327400084
51.4586011930014
38.2098781270024
37.1218902850021
46.2742596470012
40.5041358460014
38.1779804820024
35.7846873010033
46.4984048320041
36.1619606630015
48.6425291970036
39.7141262500043
44.546207079005
35.5857457080049
42.178132204004
48.7705129530056
49.7305668470069
35.9378474730079
41.8327924350095
38.1780165440091
35.4257706970103
39.0420906030045
37.2887045220054
32.7697517160104
42.5942185190067
38.8179909210109
40.2260543470092
52.3547349160083
49.6345215710079
48.8664608990064
41.538174222012
42.6582522480103
32.8018100750072
42.9462527080062
44.002295651012
48.6804310640068
38.9458699870104
46.6171452690105
38.0499708670072
34.6577019750072
36.3858305570091
37.8579378520101
48.8344202230095
55.9708684000171
37.8578602160076
35.5920941510064
40.9620433390074
47.6184534810074
40.0020087280009
34.7217630200021
31.9375895030021
36.2258052010009
46.6904570650009
37.9859352300027
45.4103157690025
44.354217138002
39.9060942550022
33.889667058002
38.8180578860027
31.7136108580023
36.6739859060026
33.7616126460034
46.9851967830053
43.6824626590031
57.9229630880036
49.5604859750038
35.0415719510053
41.4100595720051
40.865980062005
40.6001631660047
33.9537831020031
33.9771509150033
36.7698397410052
36.353974297004
35.3617977360052
43.0003787600057
43.7142617120045
29.8894394200069
40.3541287650064
40.6420518730073
43.4902060420086
31.8097183020072
42.6262297910043
44.1942106600095
43.960378760012
53.1547452260099
35.9120941510085
46.0824238050037
39.8641358460097
44.4504071460088
33.7936342970053
54.2427685570104
58.9150884610063
34.1778207690098
43.5860406800117
38.8500602030106
29.8894974460069
36.6739008700021
33.8897955930051
38.7539934450025
"n_500_d_5_tr_20_a_354x354_idx_0_p_probflood"
47.3623176630014
39.0740455040008
36.8338764990011
34.5298261730012
33.0576246990013
41.1219555490021
36.6739010200021
49.8584348500017
36.7059586380023
47.0741041440021
40.1841404460015
38.8819262380018
52.2903099790017
44.8341070410017
42.5303704550029
38.2100189070016
34.9777313340027
39.7460578420024
36.9299070100038
42.9459451680021
37.6017507670028
47.7143575630024
40.9218570770022
47.0744265630039
34.7856335430023
41.4420834150029
46.4660432730035
34.6897225500058
46.8503623870049
49.122445513003
51.5544599670044
44.4501530410051
46.0082831530038
36.7377442500043
30.1455415660037
37.3779254860054
38.3766913170049
36.929876201004
42.5621469100079
33.1535874450033
36.8656243350038
41.1858424010063
37.6018764920047
34.7857508280036
46.1462886580044
50.8825336860035
44.1943257130042
28.2894090190062
43.9381218080044
33.1217477520056
40.9301139890061
40.7380021190065
33.7936828020062
41.8261776210045
42.2101838950084
46.6262479270085
41.5699902520075
52.2267942060068
32.8017644560035
46.2743288100071
39.8641358460097
47.426415264006
34.5936667930076
38.2419371700067
32.9616643420039
55.714763995006
53.8171267890064
33.5697462550044
38.9459779930093
38.0820117120066
37.0578259390086
36.9618729920091
42.4980769120111
44.0341562560107
40.6098677730071
42.7221387880081
55.5227144210093
53.5386472130099
50.9465320860087
41.6340026450115
41.1221850650065
38.689730201007
45.2892881190081
43.618225567009
61.3789396140092
36.4818491830121
48.7703279650091
41.2179741420076
37.6979408780116
37.2499087960065
37.2499475900128
45.2182983090097
47.1132088370112
37.3778483550069
33.0256639430075
39.2980297640122
45.6982260720125
29.6655383390103
50.050499715006
34.8816809830055
