"n_500_d_10_tr_20_a_250x250_idx_1_p_abba2"
500
500
500
500
500
500
500
500
500
500
500
500
500
498
500
498
500
500
500
500
500
500
498
500
500
500
500
500
500
500
500
500
500
500
500
500
500
500
500
500
497
500
500
500
500
500
500
482
500
500
500
500
500
500
500
500
500
500
500
500
500
500
500
500
500
500
500
500
500
500
500
500
500
500
500
500
500
500
500
500
500
500
500
500
500
500
491
491
500
500
500
500
500
500
500
500
500
500
500
500
"n_500_d_10_tr_20_a_250x250_idx_1_p_cds3"
500
500
500
500
499
500
500
500
500
500
500
500
500
500
500
500
494
500
500
500
500
500
500
500
500
500
500
500
500
500
500
500
500
500
500
500
500
500
500
500
500
500
500
500
500
500
500
500
497
500
500
500
500
500
500
500
500
500
500
500
500
500
500
500
500
500
500
500
500
500
500
500
500
500
500
500
500
500
500
500
500
500
500
500
500
500
500
500
500
500
500
500
500
500
500
500
500
500
500
500
"n_500_d_10_tr_20_a_250x250_idx_1_p_flooding"
500
500
500
500
500
500
500
500
500
500
500
500
500
500
500
500
500
500
500
500
500
500
500
500
500
500
500
500
500
500
500
500
500
500
500
500
500
500
500
500
500
500
500
500
500
500
500
500
500
500
500
500
500
500
500
500
500
500
500
500
500
500
500
500
500
500
500
500
500
500
500
500
500
500
500
500
500
500
500
500
500
500
500
500
500
500
500
500
500
500
500
500
500
500
500
500
500
500
500
500
"n_500_d_10_tr_20_a_250x250_idx_1_p_mprt2"
498
500
500
499
500
500
500
500
499
498
500
500
500
500
500
500
499
500
489
499
499
500
500
500
500
500
500
500
499
500
491
500
500
500
500
500
500
500
500
500
500
500
495
500
499
500
494
500
500
499
500
500
500
500
500
500
500
500
500
500
500
500
500
500
500
499
499
500
498
500
500
490
500
500
500
499
500
499
500
490
500
500
500
500
499
499
500
499
500
497
500
500
500
499
500
500
500
500
500
498
"n_500_d_10_tr_20_a_250x250_idx_1_p_probflood"
500
500
500
500
500
500
500
500
500
500
500
500
500
500
500
500
500
500
500
500
500
500
500
500
494
500
500
500
500
500
500
500
500
500
500
500
500
500
500
500
500
500
500
500
500
500
500
500
500
500
500
500
500
500
500
500
500
500
500
500
500
500
500
500
500
500
500
500
500
500
500
500
500
500
500
500
500
500
500
500
500
500
500
500
500
500
500
500
500
500
500
500
500
500
500
500
500
500
500
500
"n_500_d_15_tr_20_a_204x204_idx_2_p_abba2"
500
500
500
500
500
500
500
500
500
500
500
500
500
500
500
500
500
500
500
500
500
500
500
500
500
500
500
500
500
500
500
500
500
500
500
500
500
500
500
500
500
500
500
500
500
500
500
500
500
500
500
500
500
500
500
500
500
500
500
500
500
500
500
500
500
500
500
500
500
500
500
500
500
500
500
500
500
500
500
500
500
500
500
500
500
500
500
500
500
500
500
500
500
500
500
500
500
500
500
500
"n_500_d_15_tr_20_a_204x204_idx_2_p_cds3"
500
500
500
500
500
500
500
500
500
500
500
500
494
500
500
500
500
500
500
500
500
500
500
500
500
500
500
500
500
500
500
500
500
500
500
500
500
500
500
500
500
500
500
500
500
500
500
500
500
500
500
500
500
500
500
500
500
500
500
500
500
500
500
500
500
500
500
500
500
500
500
500
500
500
500
500
500
500
500
500
500
500
500
500
500
500
498
500
500
500
500
500
500
500
500
500
500
500
500
500
"n_500_d_15_tr_20_a_204x204_idx_2_p_flooding"
500
500
500
500
500
500
500
500
500
500
500
500
500
500
500
500
500
500
500
500
500
500
500
500
500
500
500
500
500
500
500
500
500
500
500
500
500
500
500
500
500
500
500
500
500
500
500
500
500
500
500
500
500
500
500
500
500
500
500
500
500
500
500
500
500
500
500
500
500
500
500
500
500
500
500
500
500
500
500
500
500
500
500
500
500
500
500
500
500
500
500
500
500
500
500
500
500
500
500
500
"n_500_d_15_tr_20_a_204x204_idx_2_p_mprt2"
499
500
500
500
500
500
496
499
500
500
500
500
500
500
500
500
498
500
500
500
500
500
500
500
500
499
500
500
500
499
500
500
500
500
500
496
500
500
500
500
500
500
500
500
500
500
500
500
500
500
500
500
499
499
500
500
500
500
499
500
499
500
500
499
500
499
500
497
500
498
500
500
500
500
500
500
500
499
500
498
500
500
497
499
500
499
500
500
500
500
500
500
500
500
500
500
500
500
500
499
"n_500_d_15_tr_20_a_204x204_idx_2_p_probflood"
500
500
500
500
500
500
500
500
500
500
500
500
500
500
500
500
500
500
500
500
500
500
500
500
500
500
500
500
500
500
500
500
500
500
500
500
500
500
500
500
500
500
500
500
500
500
500
500
500
500
500
500
500
500
500
500
500
500
500
500
500
500
500
500
500
500
500
500
500
500
500
500
500
500
500
500
500
500
500
500
500
500
500
500
500
500
500
500
500
500
500
500
500
500
500
500
500
500
500
500
"n_500_d_20_tr_20_a_177x177_idx_3_p_abba2"
500
500
500
500
500
500
500
500
500
500
500
500
500
500
500
500
500
500
500
500
500
500
500
500
500
500
500
500
500
500
500
500
500
500
500
500
500
500
500
500
500
500
500
500
500
500
500
500
500
500
500
500
500
500
500
500
500
500
500
500
500
500
500
500
500
500
500
500
500
500
500
500
500
500
500
500
500
500
500
500
500
500
500
500
500
500
500
500
500
500
500
500
500
500
500
500
500
500
500
500
"n_500_d_20_tr_20_a_177x177_idx_3_p_cds3"
500
500
500
500
500
500
500
500
500
500
500
500
500
500
500
500
500
500
500
500
500
500
500
500
500
500
500
500
500
500
500
500
500
500
500
500
500
500
500
500
500
500
500
500
500
500
500
500
500
500
500
500
500
500
500
500
498
500
500
500
500
500
500
500
500
500
500
500
500
500
500
500
500
500
500
500
500
500
500
500
500
500
500
500
500
500
500
500
500
500
500
500
500
500
500
500
500
500
500
500
"n_500_d_20_tr_20_a_177x177_idx_3_p_flooding"
500
500
500
500
500
500
500
500
500
500
500
500
500
500
500
500
500
500
500
500
500
500
500
500
500
500
500
500
500
500
500
500
500
500
500
500
500
500
500
500
500
500
500
500
500
500
500
500
500
500
500
500
500
500
500
500
500
500
500
500
500
500
500
500
500
500
500
500
500
500
500
500
500
500
500
500
500
500
500
500
500
500
500
500
500
500
500
500
500
500
500
500
500
500
500
500
500
500
500
500
"n_500_d_20_tr_20_a_177x177_idx_3_p_mprt2"
500
498
498
500
500
500
496
500
499
500
500
500
492
500
498
500
500
500
500
499
500
500
500
499
500
500
500
500
500
500
500
499
500
500
500
498
498
499
500
499
500
500
500
500
500
500
500
500
499
500
500
500
496
496
499
500
500
500
497
500
500
497
500
500
500
500
500
498
500
500
497
500
500
500
500
500
500
500
500
500
500
500
500
497
500
500
500
500
500
500
500
500
500
500
500
500
497
500
500
497
"n_500_d_20_tr_20_a_177x177_idx_3_p_probflood"
500
500
500
500
500
500
500
500
500
500
500
500
500
500
500
500
500
500
500
500
500
500
500
500
500
500
500
500
500
500
500
500
500
500
500
500
500
500
500
500
500
500
500
500
500
500
500
500
500
500
500
500
500
500
500
500
500
500
500
500
500
500
500
500
500
500
500
500
500
500
500
500
500
500
500
500
500
500
500
500
500
500
500
500
500
500
500
500
500
500
500
500
500
500
500
500
500
500
500
500
"n_500_d_25_tr_20_a_158x158_idx_4_p_abba2"
500
500
500
500
500
500
500
500
500
500
500
500
500
500
500
500
500
500
500
500
500
500
500
500
500
500
500
500
500
500
500
500
500
500
500
500
500
500
500
500
500
500
500
500
500
500
500
500
500
500
500
500
500
500
500
500
500
500
500
500
500
500
500
500
500
500
500
500
500
500
500
500
500
500
500
500
500
500
500
500
500
500
500
500
500
500
500
500
500
500
500
500
500
500
500
500
500
500
500
500
"n_500_d_25_tr_20_a_158x158_idx_4_p_cds3"
500
500
500
500
500
500
500
500
500
500
500
500
500
500
500
500
500
500
500
500
500
500
500
500
500
500
500
500
500
500
500
500
500
500
500
500
500
500
500
500
500
500
500
500
500
500
500
500
500
500
500
500
500
500
500
500
500
500
500
500
500
500
500
500
500
500
500
500
500
500
500
500
500
500
500
500
500
500
500
500
500
500
500
500
500
500
500
500
500
500
500
500
500
500
500
500
500
500
500
500
"n_500_d_25_tr_20_a_158x158_idx_4_p_flooding"
500
500
500
500
500
500
500
500
500
500
500
500
500
500
500
500
500
500
500
500
500
500
500
500
500
500
500
500
500
500
500
500
500
500
500
500
500
500
500
500
500
500
500
500
500
500
500
500
500
500
500
500
500
500
500
500
500
500
500
500
500
500
500
500
500
500
500
500
500
500
500
500
500
500
500
500
500
500
500
500
500
500
500
500
500
500
500
500
500
500
500
500
500
500
500
500
500
500
500
500
"n_500_d_25_tr_20_a_158x158_idx_4_p_mprt2"
498
500
500
500
500
500
499
499
500
500
500
488
500
494
495
500
499
500
500
499
499
498
500
500
499
500
499
500
500
500
499
500
500
500
498
500
500
500
500
500
500
499
499
500
500
500
500
499
499
500
500
500
500
500
500
500
500
500
500
500
500
500
500
500
500
500
500
500
498
500
500
500
500
500
499
500
500
500
500
500
500
500
500
496
500
500
499
498
500
498
500
498
499
500
500
500
500
499
498
500
"n_500_d_25_tr_20_a_158x158_idx_4_p_probflood"
500
500
500
500
500
500
500
500
500
500
500
500
500
500
500
500
500
500
500
500
500
500
500
500
500
500
500
500
500
500
500
500
500
500
500
500
500
500
500
500
500
500
500
500
500
500
500
500
500
500
500
500
500
500
500
500
500
500
500
500
500
500
500
500
500
500
500
500
500
500
500
500
500
500
500
500
500
500
500
500
500
500
500
500
500
500
500
500
500
500
500
500
500
500
500
500
500
500
500
500
"n_500_d_30_tr_20_a_144x144_idx_5_p_abba2"
500
500
500
500
500
500
500
500
500
500
500
500
500
500
500
500
500
500
500
500
500
500
500
500
500
500
500
500
500
500
500
500
500
500
500
500
500
500
500
500
500
500
500
500
500
500
500
500
500
500
500
500
500
500
500
500
500
500
500
500
500
500
500
500
500
500
500
500
500
500
500
500
500
500
500
500
500
500
500
500
500
500
500
500
500
500
500
500
500
500
500
500
500
500
500
500
500
500
500
500
"n_500_d_30_tr_20_a_144x144_idx_5_p_cds3"
500
500
500
500
500
500
500
500
500
500
500
500
500
500
500
500
500
500
500
500
500
500
500
500
500
500
500
500
500
500
500
500
500
500
500
500
500
500
500
500
500
500
500
500
500
500
500
500
500
500
500
500
500
500
500
500
500
500
500
500
500
500
500
500
500
500
500
500
500
500
500
500
500
500
500
500
500
500
500
500
500
500
500
500
500
500
500
500
500
500
500
500
500
500
500
500
500
500
500
500
"n_500_d_30_tr_20_a_144x144_idx_5_p_flooding"
500
500
500
500
500
500
500
500
500
500
500
500
500
500
500
500
500
500
500
500
500
500
500
500
500
500
500
500
500
500
500
500
500
500
500
500
500
500
500
500
500
500
500
500
500
500
500
500
500
500
500
500
500
500
500
500
500
500
500
500
500
500
500
500
500
500
500
500
500
500
500
500
500
500
500
500
500
500
500
500
500
500
500
500
500
500
500
500
500
500
500
500
500
500
500
500
500
500
500
500
"n_500_d_30_tr_20_a_144x144_idx_5_p_mprt2"
500
500
500
500
499
498
500
500
500
498
500
500
498
499
500
499
500
500
500
500
500
500
497
500
500
500
500
500
500
500
500
500
500
500
499
500
500
500
500
500
499
495
500
500
500
500
499
500
500
500
500
500
500
500
500
497
500
500
500
499
497
500
500
494
500
500
500
500
500
500
500
500
500
500
498
500
499
495
500
500
500
500
500
500
500
500
500
492
500
500
495
500
498
496
499
500
500
496
500
498
"n_500_d_30_tr_20_a_144x144_idx_5_p_probflood"
500
500
500
500
500
500
500
500
500
500
500
500
500
500
500
500
500
500
500
500
500
500
500
500
500
500
500
500
500
500
500
500
500
500
500
500
500
500
500
500
500
500
500
500
500
500
500
500
500
500
500
500
500
500
500
500
500
500
500
500
500
500
500
500
500
500
500
500
500
500
500
500
500
500
500
500
500
500
500
500
500
500
500
500
500
500
500
500
500
500
500
500
500
500
500
500
500
500
500
500
"n_500_d_35_tr_20_a_133x133_idx_6_p_abba2"
500
500
500
500
500
500
500
500
500
500
500
500
500
500
500
500
500
500
500
500
500
500
500
500
500
500
500
500
500
500
500
500
500
500
500
500
500
500
500
500
500
500
500
500
500
500
500
500
500
500
500
500
500
500
500
500
500
500
500
500
500
500
500
500
500
500
500
500
500
500
500
500
500
500
500
500
500
500
500
500
500
500
500
500
500
500
500
500
500
500
500
500
500
500
500
500
500
500
500
500
"n_500_d_35_tr_20_a_133x133_idx_6_p_cds3"
500
500
500
500
500
500
500
500
500
500
500
500
500
500
500
500
500
500
500
500
500
500
500
500
500
500
500
500
500
500
500
500
500
500
500
500
500
500
500
500
500
500
500
500
500
500
500
500
500
500
500
500
500
500
500
500
500
500
500
500
500
500
500
500
500
500
500
500
500
500
500
500
500
500
500
500
500
500
500
500
500
500
500
500
500
500
500
500
500
500
500
500
500
500
500
500
500
500
500
500
"n_500_d_35_tr_20_a_133x133_idx_6_p_flooding"
500
500
500
500
500
500
500
500
500
500
500
500
500
500
500
500
500
500
500
500
500
500
500
500
500
500
500
500
500
500
500
500
500
500
500
500
500
500
500
500
500
500
500
500
500
500
500
500
500
500
500
500
500
500
500
500
500
500
500
500
500
500
500
500
500
500
500
500
500
500
500
500
500
500
500
500
500
500
500
500
500
500
500
500
500
500
500
500
500
500
500
500
500
500
500
500
500
500
500
500
"n_500_d_35_tr_20_a_133x133_idx_6_p_mprt2"
500
500
499
500
500
500
500
500
500
500
498
496
500
500
500
496
500
500
500
500
500
500
499
500
500
500
500
500
498
499
500
498
500
499
500
500
500
500
500
496
500
500
500
500
500
500
489
499
498
500
500
500
500
498
500
500
500
498
500
500
500
500
500
500
499
496
499
500
500
500
500
500
497
500
500
500
499
500
500
498
499
500
500
497
499
500
500
500
499
498
500
497
500
500
500
500
500
500
497
500
"n_500_d_35_tr_20_a_133x133_idx_6_p_probflood"
500
500
500
500
500
500
500
500
500
500
500
500
500
500
500
500
500
500
500
500
500
500
500
500
500
500
500
500
500
500
500
500
500
500
500
500
500
500
500
500
500
500
500
500
500
500
500
500
500
500
500
500
500
500
500
500
500
500
500
500
500
500
500
500
500
500
500
500
500
500
500
500
500
500
500
500
500
500
500
500
500
500
500
500
500
500
500
500
500
500
500
500
500
500
500
500
500
500
500
500
"n_500_d_40_tr_20_a_125x125_idx_7_p_abba2"
500
500
500
500
500
500
500
500
500
500
500
500
500
500
500
500
500
500
500
500
500
500
500
500
500
500
500
500
500
500
500
500
500
500
500
500
500
500
500
500
500
500
500
500
500
500
500
500
500
500
500
500
500
500
500
500
500
500
500
500
500
500
500
500
500
500
500
500
500
500
500
500
500
500
500
500
500
500
500
500
500
500
500
500
500
500
500
500
500
500
500
500
500
500
500
500
500
500
500
500
"n_500_d_40_tr_20_a_125x125_idx_7_p_cds3"
500
500
500
500
500
500
500
500
500
500
500
500
500
500
500
500
500
500
500
500
500
500
500
500
500
500
500
500
500
500
500
500
500
500
500
500
500
500
500
500
500
500
500
500
500
500
500
500
500
500
500
500
500
500
500
500
499
500
500
500
500
500
500
500
500
500
500
500
500
500
500
500
500
500
500
500
500
500
500
500
500
500
500
500
500
500
500
500
500
500
500
500
500
500
500
500
500
500
500
500
"n_500_d_40_tr_20_a_125x125_idx_7_p_flooding"
500
500
500
500
500
500
500
500
500
500
500
500
500
500
500
500
500
500
500
500
500
500
500
500
500
500
500
500
500
500
500
500
500
500
500
500
500
500
500
500
500
500
500
500
500
500
500
500
500
500
500
500
500
500
500
500
500
500
500
500
500
500
500
500
500
500
500
500
500
500
500
500
500
500
500
500
500
500
500
500
500
500
500
500
500
500
500
500
500
500
500
500
500
500
500
500
500
500
500
500
"n_500_d_40_tr_20_a_125x125_idx_7_p_mprt2"
492
485
500
499
492
500
500
500
498
500
500
500
500
500
500
500
500
500
500
500
500
500
500
500
500
500
500
485
500
496
499
498
500
486
500
500
500
497
499
498
496
500
495
500
500
500
500
500
490
500
497
478
500
500
500
500
500
500
498
500
500
500
500
499
489
500
497
500
500
499
499
500
499
500
500
498
499
500
500
500
498
500
500
500
500
500
500
500
500
499
500
498
494
500
500
500
497
500
500
499
"n_500_d_40_tr_20_a_125x125_idx_7_p_probflood"
500
500
500
500
500
500
500
500
500
500
500
500
500
500
500
500
500
500
500
500
500
500
500
500
500
500
500
500
500
500
500
500
500
500
500
500
500
500
500
500
500
500
500
500
500
500
500
500
500
500
500
500
500
500
500
500
500
500
500
500
500
500
500
500
500
500
500
500
500
500
500
500
500
500
500
500
500
500
500
500
500
500
500
500
500
500
500
500
500
500
500
500
500
500
500
500
500
500
500
500
"n_500_d_5_tr_20_a_354x354_idx_0_p_abba2"
480
480
473
472
474
474
474
474
474
474
473
471
472
473
474
471
474
474
465
490
471
473
474
471
473
450
474
490
474
474
473
473
474
474
473
474
473
484
474
474
472
473
474
473
474
474
470
474
490
474
474
473
474
474
474
472
474
470
471
472
474
473
474
473
471
473
474
484
474
474
473
472
473
471
472
474
474
473
474
471
465
473
463
473
490
490
467
454
474
391
490
456
472
489
421
441
363
303
258
268
"n_500_d_5_tr_20_a_354x354_idx_0_p_cds3"
500
498
500
491
500
500
475
500
497
500
500
500
500
500
500
498
500
500
500
500
500
500
494
500
500
500
498
500
500
500
475
500
475
500
500
500
494
500
500
500
500
499
500
472
500
500
500
490
500
500
500
495
500
500
500
496
500
498
500
437
500
494
500
500
500
500
500
494
500
500
500
490
500
499
500
500
500
500
500
496
500
500
500
500
500
500
500
499
500
500
500
496
500
500
500
500
500
478
483
389
"n_500_d_5_tr_20_a_354x354_idx_0_p_flooding"
500
500
500
500
500
500
500
500
500
500
500
500
500
500
500
500
500
500
500
500
500
500
500
500
500
500
500
500
483
500
500
500
500
500
500
500
500
500
500
500
500
500
500
500
482
500
500
500
500
500
500
500
500
500
500
500
500
500
500
500
500
500
500
500
500
500
500
500
500
500
500
500
500
500
500
500
500
500
500
500
500
500
500
500
500
500
500
500
500
500
500
500
500
500
500
500
500
500
500
500
"n_500_d_5_tr_20_a_354x354_idx_0_p_mprt2"
12
405
499
467
499
434
500
500
500
500
500
499
500
500
500
499
498
435
478
500
490
500
490
491
498
498
498
493
500
500
500
500
498
500
499
489
499
499
499
489
500
500
500
494
500
500
500
497
499
499
497
426
499
500
500
492
500
499
500
496
487
499
490
490
484
500
493
500
500
437
500
500
500
500
497
497
499
500
500
499
483
500
498
500
497
500
500
500
437
500
498
500
491
500
500
495
499
481
480
482
"n_500_d_5_tr_20_a_354x354_idx_0_p_probflood"
481
500
500
500
500
500
500
500
436
500
500
500
473
500
500
500
500
500
500
500
500
500
437
500
500
500
500
500
500
500
500
500
494
500
497
500
494
500
500
500
500
500
497
500
500
500
500
500
500
493
500
495
500
500
481
500
500
500
500
500
436
500
498
500
500
500
500
500
500
500
499
500
493
500
500
500
500
500
500
500
500
500
499
500
500
500
500
500
500
500
499
500
500
500
500
500
475
500
490
483
