"n_500_d_10_tr_20_a_250x250_idx_1_p_abba2"
356
348
356
349
350
352
357
353
349
356
352
351
362
355
346
356
360
345
352
353
348
355
353
347
349
359
355
355
354
360
357
348
356
353
357
357
350
354
349
353
351
357
355
348
356
350
351
315
350
344
355
352
352
348
355
352
354
355
349
353
352
357
352
349
344
351
347
358
358
347
345
353
357
355
354
354
353
361
355
363
346
346
355
358
351
354
337
345
353
346
357
355
354
352
349
351
352
347
348
349
"n_500_d_10_tr_20_a_250x250_idx_1_p_cds3"
354
353
350
339
342
347
347
341
340
340
339
341
340
339
339
340
334
340
340
339
339
340
339
339
340
339
339
340
339
339
339
339
339
339
339
340
339
340
340
340
339
339
340
340
339
339
339
339
338
339
339
340
339
339
340
339
340
340
339
339
340
339
339
339
339
339
339
339
339
339
340
339
339
340
339
339
340
339
339
339
339
340
340
339
340
339
339
339
339
340
339
340
339
339
339
340
340
340
340
340
"n_500_d_10_tr_20_a_250x250_idx_1_p_flooding"
500
500
500
500
500
500
500
500
500
500
500
500
500
500
500
500
500
500
500
500
500
500
500
500
500
500
500
500
500
500
500
500
500
500
500
500
500
500
500
500
500
500
500
500
500
500
500
500
500
500
500
500
500
500
500
500
500
500
500
500
500
500
500
500
500
500
500
500
500
500
500
500
500
500
500
500
500
500
500
500
500
500
500
500
500
500
500
500
500
500
500
500
500
500
500
500
500
500
500
500
"n_500_d_10_tr_20_a_250x250_idx_1_p_mprt2"
202
204
213
204
203
206
209
213
198
207
209
204
218
211
208
205
206
203
213
200
213
209
206
216
212
207
224
212
198
206
206
212
211
200
208
219
207
204
211
211
215
198
198
206
201
213
205
203
203
206
208
203
197
206
215
209
215
205
208
213
204
210
206
211
215
194
197
219
213
205
216
210
206
197
207
205
212
204
209
214
215
205
211
208
203
209
210
204
199
201
217
209
205
216
200
195
209
198
205
211
"n_500_d_10_tr_20_a_250x250_idx_1_p_probflood"
500
500
500
500
500
500
500
500
500
500
500
500
500
500
500
500
500
500
500
500
500
500
500
500
494
500
500
500
500
500
500
500
500
500
500
500
500
500
500
500
500
500
500
500
500
500
500
500
500
500
500
500
500
500
500
500
500
500
500
500
500
500
500
500
500
500
500
500
500
500
500
500
500
500
500
500
500
500
500
500
500
500
500
500
500
500
500
500
500
500
500
500
500
500
500
500
500
500
500
500
"n_500_d_15_tr_20_a_204x204_idx_2_p_abba2"
282
287
272
271
283
277
273
283
285
281
279
280
279
278
275
285
275
270
277
283
272
284
286
277
283
278
284
284
279
281
280
284
291
291
275
280
273
277
282
277
279
281
279
282
276
274
279
276
275
282
274
286
284
278
278
271
280
285
286
275
276
277
284
274
277
278
278
281
285
280
292
280
293
279
277
275
275
287
285
272
283
281
277
279
284
275
271
273
283
279
276
272
285
293
279
282
277
275
277
273
"n_500_d_15_tr_20_a_204x204_idx_2_p_cds3"
358
343
340
327
329
326
324
322
322
330
331
323
321
324
324
324
323
324
323
323
323
323
324
323
323
324
323
323
324
324
323
323
323
324
323
323
323
323
324
323
323
323
323
323
323
323
323
323
323
323
323
323
324
323
324
324
323
323
323
324
323
324
324
323
323
323
324
323
324
324
324
323
323
323
323
323
323
324
323
324
324
323
323
323
323
324
323
323
323
324
323
323
323
323
323
324
323
324
324
323
"n_500_d_15_tr_20_a_204x204_idx_2_p_flooding"
500
500
500
500
500
500
500
500
500
500
500
500
500
500
500
500
500
500
500
500
500
500
500
500
500
500
500
500
500
500
500
500
500
500
500
500
500
500
500
500
500
500
500
500
500
500
500
500
500
500
500
500
500
500
500
500
500
500
500
500
500
500
500
500
500
500
500
500
500
500
500
500
500
500
500
500
500
500
500
500
500
500
500
500
500
500
500
500
500
500
500
500
500
500
500
500
500
500
500
500
"n_500_d_15_tr_20_a_204x204_idx_2_p_mprt2"
174
185
165
173
168
181
168
164
160
159
168
177
181
170
175
179
167
177
172
168
177
180
171
174
185
171
170
173
174
172
174
187
170
169
172
164
177
182
162
169
181
167
165
176
179
182
175
182
177
167
156
160
171
165
181
166
165
168
169
177
164
180
172
170
172
164
174
167
168
168
176
169
164
178
172
195
171
170
164
149
181
182
173
167
178
177
171
172
173
156
178
186
173
171
189
175
170
159
167
172
"n_500_d_15_tr_20_a_204x204_idx_2_p_probflood"
500
500
500
500
500
500
500
500
500
500
500
500
500
500
500
500
500
500
500
500
500
500
500
500
500
500
500
500
500
500
500
500
500
500
500
500
500
500
500
500
500
500
500
500
500
500
500
500
500
500
500
500
500
500
500
500
500
500
500
500
500
500
500
500
500
500
500
500
500
500
500
500
500
500
500
500
500
500
500
500
500
500
500
500
500
500
500
500
500
500
500
500
500
500
500
500
500
500
500
500
"n_500_d_20_tr_20_a_177x177_idx_3_p_abba2"
231
229
235
236
229
232
230
223
233
224
228
237
233
230
230
227
231
236
243
229
233
234
232
234
229
228
235
229
233
224
231
227
229
237
222
232
233
227
228
226
234
227
230
230
232
229
230
227
232
229
234
228
226
233
230
227
214
233
234
226
233
241
229
228
231
235
230
222
229
224
230
234
233
232
229
237
229
227
227
226
233
228
227
230
235
233
237
228
226
236
242
230
233
228
238
237
230
229
234
235
"n_500_d_20_tr_20_a_177x177_idx_3_p_cds3"
309
320
324
323
321
291
291
283
285
301
300
288
287
287
287
287
288
288
287
288
288
288
287
287
288
288
287
287
287
288
287
288
288
287
287
287
288
288
288
288
287
287
288
287
288
287
288
287
287
288
288
288
287
288
287
287
286
288
287
288
287
287
287
287
287
287
288
288
287
287
287
287
287
287
287
287
288
287
288
287
287
287
287
288
287
288
287
288
288
288
287
287
287
287
288
288
287
288
287
288
"n_500_d_20_tr_20_a_177x177_idx_3_p_flooding"
500
500
500
500
500
500
500
500
500
500
500
500
500
500
500
500
500
500
500
500
500
500
500
500
500
500
500
500
500
500
500
500
500
500
500
500
500
500
500
500
500
500
500
500
500
500
500
500
500
500
500
500
500
500
500
500
500
500
500
500
500
500
500
500
500
500
500
500
500
500
500
500
500
500
500
500
500
500
500
500
500
500
500
500
500
500
500
500
500
500
500
500
500
500
500
500
500
500
500
500
"n_500_d_20_tr_20_a_177x177_idx_3_p_mprt2"
124
142
143
139
134
137
122
147
139
146
153
141
129
135
143
131
130
141
138
135
140
139
128
130
134
135
137
128
131
147
147
138
141
138
133
146
124
151
139
134
141
128
130
136
130
136
146
133
134
130
137
131
134
125
136
142
128
143
140
133
134
133
142
131
149
134
147
130
129
130
141
141
133
132
134
147
142
138
141
143
144
145
139
136
129
124
140
118
129
133
142
151
140
154
129
127
124
140
132
139
"n_500_d_20_tr_20_a_177x177_idx_3_p_probflood"
500
500
500
500
500
500
500
500
500
500
500
500
500
500
500
500
500
500
500
500
500
500
500
500
500
500
500
500
500
500
500
500
500
500
500
500
500
500
500
500
500
500
500
500
500
500
500
500
500
500
500
500
500
500
500
500
500
500
500
500
500
500
500
500
500
500
500
500
500
500
500
500
500
500
500
500
500
500
500
500
500
500
500
500
500
500
500
500
500
500
500
500
500
500
500
500
500
500
500
500
"n_500_d_25_tr_20_a_158x158_idx_4_p_abba2"
198
202
196
193
199
200
190
198
191
191
197
200
201
202
204
200
199
201
200
193
203
199
203
203
201
193
203
193
207
190
193
199
192
203
192
206
199
189
196
198
203
195
198
201
200
192
195
195
195
197
198
193
197
197
202
199
205
197
203
193
202
201
193
208
189
197
206
198
193
203
196
195
198
195
195
197
199
192
197
204
194
198
197
197
193
200
199
201
191
195
198
192
194
194
204
199
197
193
202
199
"n_500_d_25_tr_20_a_158x158_idx_4_p_cds3"
365
307
309
274
275
275
280
278
277
259
260
261
261
258
257
260
259
259
258
257
258
259
258
258
258
258
258
259
258
258
259
258
258
258
258
259
258
258
258
258
258
258
258
259
259
259
258
258
259
258
259
259
259
258
258
259
259
258
258
258
258
258
259
258
259
259
258
259
259
258
258
259
258
259
259
259
259
259
258
259
258
259
258
258
258
259
258
258
258
259
258
258
259
259
259
259
258
258
259
258
"n_500_d_25_tr_20_a_158x158_idx_4_p_flooding"
500
500
500
500
500
500
500
500
500
500
500
500
500
500
500
500
500
500
500
500
500
500
500
500
500
500
500
500
500
500
500
500
500
500
500
500
500
500
500
500
500
500
500
500
500
500
500
500
500
500
500
500
500
500
500
500
500
500
500
500
500
500
500
500
500
500
500
500
500
500
500
500
500
500
500
500
500
500
500
500
500
500
500
500
500
500
500
500
500
500
500
500
500
500
500
500
500
500
500
500
"n_500_d_25_tr_20_a_158x158_idx_4_p_mprt2"
114
107
108
113
107
103
121
118
111
117
113
108
110
127
121
136
121
123
114
132
134
113
102
126
120
123
130
118
110
111
105
108
111
112
105
117
111
120
117
110
107
122
124
124
114
120
131
112
111
111
116
108
127
123
105
109
123
104
122
119
117
114
126
104
116
128
106
126
117
131
121
119
109
117
109
121
109
105
114
116
116
115
109
106
118
127
106
115
112
132
123
114
114
112
102
126
121
111
116
112
"n_500_d_25_tr_20_a_158x158_idx_4_p_probflood"
500
500
500
500
500
500
500
500
500
500
500
500
500
500
500
500
500
500
500
500
500
500
500
500
500
500
500
500
500
500
500
500
500
500
500
500
500
500
500
500
500
500
500
500
500
500
500
500
500
500
500
500
500
500
499
500
500
500
500
500
500
500
500
500
500
500
500
500
500
500
500
500
500
500
500
500
500
500
500
500
500
500
500
500
500
500
500
500
500
500
500
500
500
500
500
500
500
500
500
500
"n_500_d_30_tr_20_a_144x144_idx_5_p_abba2"
181
175
176
173
178
175
183
173
179
178
178
182
177
178
171
175
179
170
173
176
177
174
173
170
171
184
176
177
178
179
179
173
172
176
176
174
183
177
172
171
177
180
175
171
177
180
177
181
179
179
176
175
182
173
184
183
184
176
174
184
179
171
174
173
185
169
174
176
183
175
177
175
179
179
180
171
179
181
179
175
180
173
178
171
171
173
179
174
171
173
176
176
183
178
173
171
181
173
178
169
"n_500_d_30_tr_20_a_144x144_idx_5_p_cds3"
321
334
334
271
273
268
267
268
268
257
256
256
255
260
260
256
257
256
256
257
256
255
256
257
256
255
256
255
256
256
255
255
255
255
255
255
256
256
256
255
255
255
255
256
255
256
255
256
255
256
255
255
256
255
256
255
255
255
255
256
256
256
256
255
256
255
256
255
256
255
255
256
255
256
255
255
256
256
255
256
256
256
255
256
256
256
256
255
256
255
255
255
255
255
255
256
255
255
256
255
"n_500_d_30_tr_20_a_144x144_idx_5_p_flooding"
500
500
500
500
500
500
500
500
500
500
500
500
500
500
500
500
500
500
500
500
500
500
500
500
500
500
500
500
500
500
500
500
500
500
500
500
500
500
500
500
500
500
500
500
500
500
500
500
500
500
500
500
500
500
500
500
500
500
500
500
500
500
500
500
500
500
500
500
500
500
500
500
500
500
500
500
500
500
500
500
500
500
500
500
500
500
500
500
500
500
500
500
500
500
500
500
500
500
500
500
"n_500_d_30_tr_20_a_144x144_idx_5_p_mprt2"
106
115
99
105
99
117
90
98
103
129
124
100
99
97
105
99
97
114
109
98
115
117
104
107
92
128
112
97
110
100
107
102
96
97
96
97
103
106
100
101
88
100
106
98
105
113
113
102
118
113
118
103
108
109
105
103
90
109
97
104
92
101
108
87
98
96
98
102
114
102
115
109
102
106
91
95
85
103
117
99
92
96
112
98
105
101
105
95
103
96
99
120
103
106
118
97
90
104
99
93
"n_500_d_30_tr_20_a_144x144_idx_5_p_probflood"
500
500
500
500
499
500
500
500
500
500
500
500
500
500
500
500
500
500
500
500
499
500
500
500
500
500
500
500
500
500
500
500
500
500
500
499
500
500
500
500
500
500
500
500
500
500
500
499
499
500
500
500
500
500
500
500
500
500
500
500
500
500
500
500
500
500
500
500
500
500
500
500
500
500
500
500
500
500
500
500
500
500
498
500
500
500
500
500
500
500
500
500
500
500
500
500
500
500
500
500
"n_500_d_35_tr_20_a_133x133_idx_6_p_abba2"
158
150
152
157
157
156
157
156
150
157
150
152
151
158
152
152
156
153
163
155
154
149
151
157
152
157
153
159
158
153
152
153
162
154
154
156
161
159
158
157
157
151
152
151
156
161
154
157
152
153
153
155
157
153
152
150
157
153
154
149
154
152
153
154
156
153
157
155
161
154
155
153
157
150
149
154
152
160
157
155
153
150
155
153
158
158
153
149
152
154
154
156
151
152
155
157
153
151
157
155
"n_500_d_35_tr_20_a_133x133_idx_6_p_cds3"
301
256
274
293
291
232
231
223
225
230
229
219
218
218
218
219
218
219
218
218
219
218
217
220
220
218
218
218
217
217
217
218
217
217
218
217
218
217
218
217
218
217
217
218
218
218
217
217
217
217
217
218
217
218
218
218
217
217
218
218
218
218
218
218
218
218
218
218
218
218
218
218
217
218
217
217
218
217
217
217
218
218
218
218
217
217
218
218
217
217
217
217
218
218
218
218
217
218
217
218
"n_500_d_35_tr_20_a_133x133_idx_6_p_flooding"
500
500
500
500
500
500
500
500
500
500
500
500
500
500
500
500
500
500
500
500
500
500
500
500
500
500
500
500
500
500
500
500
500
500
500
500
500
500
500
500
500
500
500
500
500
500
500
500
500
500
500
500
500
500
500
500
500
500
500
500
500
500
500
500
500
500
500
500
500
500
500
500
500
500
500
500
500
500
500
500
500
500
500
500
500
500
500
500
500
500
500
500
500
500
500
500
500
500
500
500
"n_500_d_35_tr_20_a_133x133_idx_6_p_mprt2"
97
79
96
105
105
82
94
82
88
91
88
82
85
88
65
101
80
77
82
90
81
90
84
86
81
104
76
85
93
102
81
95
80
89
90
82
83
89
94
80
83
85
109
84
90
80
84
74
74
88
88
80
91
88
87
87
93
97
95
94
84
86
77
86
77
83
79
99
95
87
98
94
69
87
91
84
91
88
81
84
86
94
99
96
81
85
96
93
96
89
87
75
114
100
85
92
106
81
82
95
"n_500_d_35_tr_20_a_133x133_idx_6_p_probflood"
500
500
500
500
500
500
500
500
500
500
500
500
500
500
500
500
500
500
500
500
500
500
500
500
500
500
500
500
500
500
500
500
500
500
500
500
500
500
500
500
500
500
500
500
500
500
500
500
500
499
500
500
500
500
500
500
500
500
500
500
500
500
500
500
500
500
500
500
500
500
500
500
500
500
500
500
500
500
500
500
500
500
500
500
500
500
500
500
500
500
499
500
500
500
500
500
500
500
499
500
"n_500_d_40_tr_20_a_125x125_idx_7_p_abba2"
144
144
144
145
144
141
142
146
143
134
143
139
144
137
133
140
140
145
140
135
144
134
138
145
141
136
147
142
142
141
137
149
147
140
144
140
138
140
139
137
143
138
141
134
141
146
143
142
137
144
143
140
140
135
140
143
139
146
145
140
146
141
143
146
143
140
149
141
134
139
138
137
138
145
143
144
140
143
145
136
142
141
138
141
141
142
152
141
139
138
140
144
137
141
142
136
140
139
143
135
"n_500_d_40_tr_20_a_125x125_idx_7_p_cds3"
288
285
290
252
259
226
225
211
211
203
202
204
208
212
212
201
201
201
201
201
201
200
201
200
201
200
201
201
201
200
201
201
201
201
201
201
201
200
200
201
201
201
201
201
201
201
201
201
200
201
201
201
201
200
201
200
200
201
200
201
200
200
201
201
201
200
200
200
201
201
201
200
201
201
201
201
201
200
201
201
201
201
201
201
201
200
200
201
201
201
201
201
201
201
200
201
200
201
249
255
"n_500_d_40_tr_20_a_125x125_idx_7_p_flooding"
500
500
500
500
500
500
500
500
500
500
500
500
500
500
500
500
500
500
500
500
500
500
500
500
500
500
500
500
500
500
500
500
500
500
500
500
500
500
500
500
500
500
500
500
500
500
500
500
500
500
500
500
500
500
500
500
500
500
500
500
500
500
500
500
500
500
500
500
500
500
500
500
500
500
500
500
500
500
500
500
500
500
500
500
500
500
500
500
500
500
500
500
500
500
500
500
500
500
500
500
"n_500_d_40_tr_20_a_125x125_idx_7_p_mprt2"
76
73
74
74
69
75
70
75
66
71
79
64
87
71
85
78
72
82
73
75
62
71
84
66
72
91
84
58
87
73
68
83
68
76
79
88
84
69
71
75
88
79
82
70
84
80
68
64
76
76
70
59
90
87
72
80
65
74
89
72
71
80
67
96
73
81
75
84
72
80
78
77
66
71
66
73
88
76
71
86
64
78
69
86
70
92
73
70
78
69
71
79
64
78
73
74
83
95
71
74
"n_500_d_40_tr_20_a_125x125_idx_7_p_probflood"
499
500
500
500
500
500
500
500
500
500
500
500
500
500
500
499
500
500
500
500
500
500
500
500
500
500
500
500
500
500
500
500
493
500
500
500
500
500
500
500
499
500
500
500
500
500
500
500
500
500
500
500
500
500
500
500
499
500
500
499
499
500
500
500
500
500
500
500
499
500
500
500
500
500
500
500
500
500
500
500
500
500
500
500
499
500
500
500
500
500
500
499
500
500
500
499
499
500
500
500
"n_500_d_5_tr_20_a_354x354_idx_0_p_abba2"
433
435
424
426
428
423
424
424
420
431
426
423
415
423
434
420
429
428
420
431
418
425
427
413
427
406
428
435
428
427
427
427
428
432
427
430
432
428
428
428
421
416
428
427
428
427
424
430
430
427
432
427
424
430
429
418
424
425
414
423
428
425
423
429
412
427
427
444
433
431
429
420
428
413
426
428
429
432
429
429
412
430
408
426
439
435
412
404
422
338
433
393
421
427
374
395
308
247
209
223
"n_500_d_5_tr_20_a_354x354_idx_0_p_cds3"
350
347
350
345
348
348
332
347
345
347
348
347
347
348
348
346
347
347
348
348
348
348
345
348
347
347
347
347
347
347
333
348
332
347
348
347
345
347
347
347
347
347
347
332
347
348
348
339
347
348
347
345
347
347
348
345
348
347
347
303
347
344
347
347
347
348
347
343
347
348
348
342
347
347
348
347
347
347
348
345
347
347
348
348
347
348
347
347
347
347
347
344
347
347
347
348
347
334
338
274
"n_500_d_5_tr_20_a_354x354_idx_0_p_flooding"
500
500
500
500
500
500
500
500
500
500
500
500
500
500
500
500
500
500
500
500
500
500
500
500
500
500
500
500
483
500
500
500
500
500
500
500
500
500
500
500
500
500
500
500
482
500
500
500
500
500
500
500
500
500
500
500
500
500
500
500
500
500
500
500
500
500
500
500
500
500
500
500
500
500
500
500
500
500
500
500
500
500
500
500
500
500
500
500
500
500
500
500
500
500
500
500
500
500
500
500
"n_500_d_5_tr_20_a_354x354_idx_0_p_mprt2"
5
213
257
245
261
228
258
259
254
259
258
259
256
265
258
256
260
230
251
260
253
261
247
253
258
261
254
255
262
259
263
259
252
262
262
252
260
265
255
257
255
260
263
254
259
252
261
256
261
257
257
226
265
262
261
258
264
262
256
256
252
265
255
254
251
258
257
257
260
234
252
254
257
260
257
260
262
258
255
251
251
261
256
257
260
260
265
262
227
259
264
259
257
261
262
259
258
250
250
255
"n_500_d_5_tr_20_a_354x354_idx_0_p_probflood"
481
500
500
500
500
500
500
500
436
500
500
500
473
500
500
500
500
500
500
500
500
500
437
500
500
500
500
500
500
500
500
500
494
500
497
500
494
500
500
500
500
500
497
500
500
500
500
500
500
493
500
495
500
500
481
500
500
500
500
500
436
500
498
500
500
500
500
500
500
500
499
500
493
500
500
500
500
500
500
500
500
500
499
500
500
500
500
500
500
500
499
500
500
500
500
500
475
500
490
483
