"n_200_d_10_tr_10_a_79x79_idx_1_p_abba2"
67
65
61
63
63
63
61
69
61
65
68
63
65
62
63
64
59
63
61
61
66
62
58
64
60
60
64
62
63
64
59
61
63
65
60
61
66
60
66
67
69
63
62
66
64
63
65
66
64
60
58
64
63
64
57
66
62
63
64
58
63
59
64
65
58
64
65
64
60
61
61
57
60
62
60
63
62
61
63
64
61
65
65
64
59
60
64
61
63
55
60
64
61
57
59
66
61
63
64
62
"n_200_d_10_tr_10_a_79x79_idx_1_p_flooding"
200
200
200
200
200
200
200
200
200
200
200
200
200
200
200
200
200
200
200
200
200
200
200
200
200
200
200
200
200
200
200
200
200
200
200
200
200
200
200
200
200
200
200
200
200
200
200
200
200
200
200
200
200
200
200
200
200
200
200
200
200
200
200
200
200
200
200
200
200
200
200
200
200
200
200
200
200
200
200
200
200
200
200
200
200
200
200
200
200
200
200
200
200
200
200
200
200
200
200
200
"n_200_d_10_tr_10_a_79x79_idx_1_p_mprt2"
159
169
158
167
165
175
154
167
132
155
169
169
158
161
143
148
168
138
146
172
176
167
182
161
163
177
168
162
168
163
168
164
165
159
143
180
156
159
176
165
178
176
170
165
158
156
161
155
168
165
160
169
175
167
169
166
165
171
170
157
151
176
141
146
172
169
155
182
150
181
148
159
174
120
164
171
165
158
167
168
147
166
160
176
150
149
176
156
162
156
145
164
162
149
170
150
161
145
126
135
"n_200_d_15_tr_10_a_64x64_idx_2_p_abba2"
46
46
45
45
46
46
44
47
44
45
47
44
44
41
43
45
45
46
48
44
44
41
43
47
45
44
43
47
42
46
44
49
42
42
42
46
46
47
46
48
42
43
45
45
43
47
45
47
46
46
42
46
41
44
45
38
44
43
44
41
47
43
42
47
44
44
43
47
45
42
49
45
42
41
45
46
43
45
41
45
43
44
42
45
43
46
46
45
43
43
44
41
47
44
43
42
44
43
44
42
"n_200_d_15_tr_10_a_64x64_idx_2_p_flooding"
200
200
200
200
200
200
200
200
200
200
200
200
200
200
200
200
200
200
200
200
200
200
200
200
200
200
200
200
200
200
200
200
200
200
200
200
200
200
200
200
200
200
200
200
200
200
200
200
200
200
200
200
200
200
200
200
200
200
200
200
200
200
200
200
200
200
200
200
200
200
200
200
200
200
200
200
200
200
200
200
200
200
200
200
200
200
200
200
200
200
200
200
200
200
200
200
200
200
200
200
"n_200_d_15_tr_10_a_64x64_idx_2_p_mprt2"
162
155
143
146
167
163
163
140
136
161
161
169
171
167
165
167
160
169
162
169
158
148
170
161
154
143
155
154
163
168
160
172
168
156
101
87
148
158
163
149
128
163
165
170
159
155
163
176
165
156
146
167
161
166
168
146
177
166
170
161
148
173
169
157
152
174
133
169
170
172
172
164
162
166
159
122
154
179
162
120
161
164
146
175
155
161
152
142
159
169
161
159
169
178
163
160
163
156
155
112
"n_200_d_20_tr_10_a_56x56_idx_3_p_abba2"
39
40
37
39
37
37
45
36
38
37
33
33
40
41
36
35
36
37
39
37
38
39
37
38
37
38
37
42
39
40
37
42
41
36
41
40
38
38
42
37
42
38
42
39
37
35
37
37
39
36
40
39
41
43
33
33
31
33
37
35
36
35
36
37
31
35
35
39
39
38
33
30
39
36
37
33
33
38
36
38
35
37
38
38
32
37
44
38
39
35
36
39
38
39
35
31
40
38
37
40
"n_200_d_20_tr_10_a_56x56_idx_3_p_flooding"
200
200
200
200
200
200
200
200
200
200
200
200
200
200
200
200
200
200
200
200
200
200
200
200
200
200
200
200
200
200
200
200
200
200
200
200
200
200
200
200
200
200
200
200
200
200
200
200
200
200
200
200
200
200
200
200
200
200
200
200
200
200
200
200
200
200
200
200
200
200
200
200
200
200
200
200
200
200
200
200
200
200
200
200
200
200
200
200
200
200
200
200
200
200
200
200
200
200
200
200
"n_200_d_20_tr_10_a_56x56_idx_3_p_mprt2"
130
152
154
148
129
152
162
148
138
136
154
146
48
153
146
166
158
160
152
155
149
149
152
157
159
161
143
108
158
155
137
164
167
154
144
147
147
153
155
154
126
141
119
131
144
102
102
144
157
151
163
154
169
136
134
134
140
127
148
146
135
154
151
145
150
153
138
130
124
76
153
152
144
154
123
154
156
58
155
147
143
160
145
144
141
147
151
138
147
60
142
154
130
128
137
99
68
92
120
1
"n_200_d_25_tr_10_a_50x50_idx_4_p_abba2"
26
31
32
31
32
31
33
30
35
31
35
35
35
35
29
32
35
33
32
31
32
32
35
28
31
34
32
31
33
31
27
30
31
32
30
26
34
32
30
32
32
31
36
31
35
29
33
35
32
33
36
30
27
33
32
27
35
32
35
36
32
35
34
33
35
34
34
34
35
31
30
30
33
31
35
33
35
34
32
29
34
31
36
31
33
35
33
30
33
32
32
32
34
33
28
28
33
34
29
31
"n_200_d_25_tr_10_a_50x50_idx_4_p_flooding"
200
200
200
200
200
200
200
200
200
200
200
200
200
200
200
200
200
200
200
200
200
200
200
200
200
200
200
200
200
200
200
200
200
200
200
200
200
200
200
200
200
200
200
200
200
200
200
200
200
200
200
200
200
200
200
200
200
200
200
200
200
200
200
200
200
200
200
200
200
200
200
200
200
200
200
200
200
200
200
200
200
200
200
200
200
200
200
200
200
200
200
200
200
200
200
200
200
200
200
200
"n_200_d_25_tr_10_a_50x50_idx_4_p_mprt2"
66
134
137
103
124
118
124
133
130
140
151
111
160
121
144
147
123
143
131
125
121
120
111
128
116
121
135
128
102
106
86
143
105
83
137
146
138
138
142
159
138
124
148
129
127
163
132
64
146
147
96
121
135
112
80
121
137
67
116
52
57
72
55
150
72
123
63
137
130
86
136
78
97
133
83
86
110
125
72
145
134
132
149
130
132
148
78
123
131
33
96
58
84
127
123
126
145
147
139
18
"n_200_d_30_tr_10_a_45x45_idx_5_p_abba2"
32
30
28
26
28
29
26
30
32
30
33
30
26
36
33
33
27
28
32
29
29
32
28
34
27
30
29
27
27
32
27
28
27
29
32
29
32
34
30
33
31
31
32
30
30
29
28
28
29
32
25
27
28
28
27
30
27
30
24
24
26
24
31
27
31
30
31
31
29
26
27
28
27
26
32
23
27
25
27
25
26
28
24
25
29
29
26
27
29
30
26
34
31
29
28
25
31
28
27
28
"n_200_d_30_tr_10_a_45x45_idx_5_p_flooding"
200
200
200
200
200
200
200
200
200
200
200
200
200
200
200
200
200
200
200
200
200
200
200
200
200
200
200
200
200
200
200
200
200
200
200
200
200
200
200
200
200
200
200
200
200
200
200
200
200
200
200
200
200
200
200
200
200
200
200
200
200
200
200
200
200
200
200
200
200
200
200
200
200
200
200
200
200
200
200
200
200
200
200
200
200
200
200
200
200
200
200
200
200
200
200
200
200
200
200
200
"n_200_d_30_tr_10_a_45x45_idx_5_p_mprt2"
81
101
111
97
78
8
102
102
115
111
109
102
114
103
95
113
127
42
97
133
105
114
130
109
101
13
74
108
95
125
127
95
115
97
86
133
139
136
113
93
101
97
36
84
14
88
93
98
103
110
134
122
17
98
107
121
102
29
108
64
138
118
46
106
94
42
31
39
118
51
127
140
105
28
137
107
100
44
83
133
43
102
69
130
50
49
97
123
42
39
21
45
41
18
36
43
25
21
14
8
"n_200_d_35_tr_10_a_42x42_idx_6_p_abba2"
24
29
24
26
28
21
23
28
24
29
23
25
24
24
26
24
23
26
25
23
22
31
26
22
26
33
27
26
22
25
25
29
25
25
30
26
25
26
25
25
24
27
29
27
27
31
23
28
24
25
26
19
28
28
27
24
19
25
24
26
25
26
24
24
20
24
23
25
24
23
27
28
25
24
28
26
28
26
23
28
27
25
26
28
27
25
22
24
27
25
26
26
28
29
24
24
20
26
28
25
"n_200_d_35_tr_10_a_42x42_idx_6_p_flooding"
200
200
200
200
200
200
200
200
200
200
200
200
200
200
200
200
200
200
200
200
200
200
200
200
200
200
200
200
200
200
200
200
200
200
200
200
200
200
200
200
200
200
200
200
200
200
200
200
200
200
200
200
200
200
200
200
200
200
200
200
200
200
200
200
200
200
200
200
200
200
200
200
200
200
200
200
200
200
200
200
200
200
200
200
200
200
200
200
200
200
200
200
200
200
200
200
200
200
200
200
"n_200_d_35_tr_10_a_42x42_idx_6_p_mprt2"
121
106
53
106
79
89
89
83
104
71
80
104
94
67
90
101
83
85
79
86
64
104
95
102
106
102
101
109
104
114
85
7
96
82
95
42
98
98
92
80
100
20
22
60
30
4
6
29
32
75
75
6
88
4
76
81
81
12
8
90
13
77
4
61
6
20
73
84
21
31
41
5
24
38
15
27
14
8
10
24
76
79
5
86
6
52
5
4
8
12
79
22
9
3
10
49
8
5
4
6
"n_200_d_40_tr_10_a_39x39_idx_7_p_abba2"
27
24
25
21
24
26
27
23
21
24
30
22
23
26
23
24
24
21
25
23
23
24
25
25
28
23
23
21
19
24
25
22
30
23
25
20
22
25
24
23
24
25
24
29
23
26
27
22
28
22
25
24
31
25
27
26
24
24
25
25
25
22
23
26
28
25
25
23
25
22
24
24
25
23
26
20
22
23
23
23
23
23
19
27
26
25
22
20
27
25
24
24
23
26
21
27
27
27
21
1
"n_200_d_40_tr_10_a_39x39_idx_7_p_flooding"
200
200
200
200
200
200
200
200
200
200
200
200
200
200
200
200
200
200
200
200
200
200
200
200
200
200
200
200
200
200
200
200
200
200
200
200
200
200
200
200
200
200
200
200
200
200
200
200
200
200
200
200
200
200
200
200
200
200
200
200
200
200
200
200
200
200
200
200
200
200
200
200
200
200
200
200
200
200
200
200
200
200
200
200
200
200
200
200
200
200
200
200
200
200
200
200
200
200
200
200
"n_200_d_40_tr_10_a_39x39_idx_7_p_mprt2"
4
85
5
83
84
81
89
80
93
97
31
103
89
6
91
15
84
68
23
66
5
6
7
4
31
7
9
15
91
9
16
75
4
5
7
77
68
76
82
86
69
79
83
83
90
91
3
4
18
6
6
25
27
5
14
12
9
4
6
7
5
6
5
12
17
20
2
11
4
4
7
6
5
7
5
8
6
5
6
6
5
5
4
7
5
4
7
4
17
6
7
7
6
6
6
33
9
2
5
5
"n_200_d_5_tr_10_a_112x112_idx_0_p_abba2"
97
100
104
95
98
100
94
100
96
102
101
103
99
100
104
103
105
103
100
102
105
104
100
100
96
97
99
99
102
98
99
100
101
102
100
96
104
101
101
104
99
103
100
101
96
101
108
102
99
94
101
97
102
95
101
100
99
102
100
94
95
96
99
101
103
94
101
99
101
101
102
96
104
98
98
100
102
101
100
101
94
89
96
97
100
102
98
105
101
101
101
93
101
103
98
101
97
102
91
4
"n_200_d_5_tr_10_a_112x112_idx_0_p_flooding"
200
200
200
200
200
200
200
200
200
200
200
200
200
200
200
200
200
200
200
200
200
200
200
200
200
200
200
200
200
200
200
200
200
200
200
200
200
200
200
200
200
200
200
200
200
200
200
200
200
200
200
200
200
200
200
200
200
200
200
200
200
200
200
200
200
200
200
200
200
200
200
200
200
200
200
200
200
200
200
198
198
200
200
200
200
200
200
200
200
200
200
200
200
200
200
200
200
200
200
200
"n_200_d_5_tr_10_a_112x112_idx_0_p_mprt2"
154
172
161
151
157
160
159
174
156
172
146
146
155
148
160
162
158
162
171
168
177
165
176
129
166
172
173
162
168
169
149
161
142
156
169
158
177
166
151
152
144
160
151
164
165
159
171
159
171
169
162
157
147
144
141
133
146
139
143
134
154
156
155
127
167
148
163
150
154
142
164
163
131
126
141
146
152
152
162
168
147
127
146
161
173
144
161
163
165
164
172
157
133
139
163
161
160
128
161
131
