"n_200_d_15_tr_10_a_64x64_idx_2_p_flooding"
41.500224031384
41.500224032623
41.500224032343
41.500224032999
41.500224030062
41.500224032114
41.500224031693
41.500224031797
41.500224032499
41.500224032563
41.50022403286
41.500224032402
41.500224033182
41.500224032412
41.500224032582
41.500224032729
41.500224031209
41.500224030791
41.500224032343
41.500224031268
41.500224032493
41.500224031829
41.500224032686
41.500224032999
41.50022403286
41.50022403269
41.500224031469
41.500224031804
41.500224033337
41.50022403215
41.500224032784
41.500224033017
41.500224032707
41.500224032784
41.500224031912
41.500224032793
41.500224033177
41.50022403284
41.500224032625
41.500224032442
41.500224033074
41.500224032992
41.500224031701
41.500224031701
41.500224033147
41.500224026301
41.500224030824
41.500224030147
41.500224032569
41.500224031973
41.500224033122
41.500224031063
41.500224031808
41.500224032398
41.500224032633
41.500224032992
41.500224033201
41.500224032698
41.500224027955
41.500224029761
41.500224032187
41.500224032471
41.500224033131
41.50022403253
41.500224032574
41.500224033264
41.500224031058
41.500224033264
41.500224033201
41.500224031482
41.500224033234
41.500224030135
41.500224032563
41.500224031287
41.500224032274
41.500224030108
41.500224032631
41.500224032859
41.500224033123
41.500224033203
41.500224032178
41.500224033122
41.500224033034
41.500224031976
41.500224028213
41.500224030268
41.500224032631
41.500224031828
41.500224033034
41.500224029283
41.500224032921
41.500224032082
41.500224032634
41.50022403241
41.500224032674
41.500224033223
41.500224032223
41.500224033203
41.500224032676
41.500224033213
41.500224031828
41.500224032113
41.500224032402
41.500224032738
41.500224032625
41.500224031243
41.500224032166
41.50022402522
41.50022403241
41.500224031398
41.50022403234
41.500224032969
41.500224033123
41.500224033131
41.500224032729
41.500224033074
41.500224033341
41.500224031212
41.500224032194
41.500224033341
41.500224033131
41.500224032623
41.50022403284
41.500224033339
41.500224033131
41.500224031042
41.500224029514
41.500224033234
41.500224032676
41.500224032771
41.500224033329
41.500224033084
41.500224031486
41.500224032959
41.500224031114
41.50022403129
41.500224032676
41.500224033245
41.500224033245
41.500224030267
41.50022403184
41.500224033218
41.500224033329
41.500224031807
41.500224032771
41.500224029041
41.500224033213
41.500224032501
41.500224033177
41.500224031753
41.500224031278
41.500224031804
41.500224031225
41.500224031278
41.500224033325
41.500224030967
41.500224031738
41.500224032684
41.500224032674
41.500224031708
41.500224032121
41.500224031753
41.500224032707
41.500224032738
41.500224033325
41.500224031872
41.500224033216
41.500224033216
41.500224032334
41.500224031912
41.500224032745
41.500224031659
41.500224032215
41.500224027911
41.500224031614
41.500224032215
41.50022403254
41.500224027347
41.50022403129
41.500224033218
41.500224033223
41.500224027074
41.500224032959
41.500224031699
41.500224032883
41.500224024416
41.500224032943
41.500224033147
41.500224031426
41.50022402921
41.500224030552
41.500224012826
41.500224021124
41.500224023358
41.500224031071
41.500224033339
41.500224027496
41.500224027052
41.500224031071
41.500224032166
