"n_200_d_15_tr_10_a_64x64_idx_2_p_abba2"
-0.16723200036992
-0.16723200035792
-0.16723200035516
-0.16622848033626
-0.16622848029371
-0.16626432033372
-0.1662464003176
-0.16719616031658
-0.16628224031612
-0.16624640032758
-0.16622848033036
-0.16724992027296
-0.16624640029023
-0.16624640028806
-0.16724992029342
-0.16723200029424
-0.1662105603047
-0.16716032024644
-0.16719616035632
-0.16719616031154
-0.16717824026511
-0.16615680032071
-0.16615680037649
-0.16615680036795
-0.16723200036422
-0.16719616033376
-0.16624640037652
-0.16619264035117
-0.16619264036846
-0.16619264028714
-0.16719616037049
-0.16719155806485
-0.16624179810192
-0.16620542470688
-0.16722739704938
-0.16625971838512
-0.16717824030722
-0.16719616035297
-0.16721408030894
-0.16722739721656
-0.16723200036486
-0.16624179820882
-0.16722739711292
-0.16625971721942
-0.16626004113062
-0.1662284803297
-0.16624640028931
-0.16719616032357
-0.16624179817811
-0.1662417982534
-0.16720947807081
-0.16624179769556
-0.16624179781615
-0.16723200030151
-0.16712448012866
-0.1662284803216
-0.16617472032154
-0.16622848030995
-0.1671603203667
-0.16621723910817
-0.16719616035035
-0.16619931892757
-0.16723200037831
-0.16621056032007
-0.16628224037516
-0.16626432032693
-0.16719616035024
-0.16719616035373
-0.166192640318
-0.1662464003078
-0.16622848031527
-0.16717824034402
-0.16619264036467
-0.16622848036078
-0.16624640033578
-0.16721408034204
-0.1662464003711
-0.16721408028739
-0.16723200033162
-0.16622848033922
-0.16624640032542
-0.16721408029555
-0.16622848028832
-0.16714240037044
-0.16617472037522
-0.16617472026903
-0.16617472035608
-0.16714240026738
-0.16617472035609
-0.16617472037211
-0.167196160303
-0.16719616027157
-0.1672140803073
-0.16719616028972
-0.16719616032561
-0.16721408032053
-0.16716032036352
-0.16617472036556
-0.16721408033184
-0.1661747203681
-0.16617472036143
-0.16716032025608
-0.167196160324
-0.16619264026012
-0.16626432029384
-0.16624640033018
-0.16719616033795
-0.1671961603635
-0.1671782403399
-0.16617472036242
-0.16617472033454
-0.16720626323888
-0.16719616029592
-0.16721408033959
-0.16626432036818
-0.16624640033964
-0.16626432027726
-0.16626432037579
-0.16615680036836
-0.16628224031838
-0.1661568003549
-0.16615680035613
-0.16621056034361
-0.16622848035939
-0.16712448033043
-0.16717824027474
-0.16619264035728
-0.16619264031023
-0.16622066272278
-0.16620274302024
-0.16621056032666
-0.16621056036011
-0.16719616033356
-0.166226282267
-0.16722980217535
-0.16622848032852
-0.16719616032988
-0.16621056032482
-0.167214080346
-0.16714240011078
-0.16717824033332
-0.16717824028251
-0.16618482368748
-0.16620274264232
-0.16720626288924
-0.1662027438167
-0.16619264030056
-0.16717824026901
-0.16621056030644
-0.16624420174568
-0.16624420165944
-0.16719616035304
-0.16621056033139
-0.16717824030848
-0.16721188174683
-0.16622848033125
-0.16619044093736
-0.16619264031019
-0.16716032030105
-0.16619264036337
-0.16717824034685
-0.16622628117036
-0.16622628070996
-0.16619044049558
-0.16716032017878
-0.16617472029644
-0.16714240030887
-0.16721408026255
-0.16716032032631
-0.16717824030402
-0.16717824031842
-0.1671782403443
-0.16621056037077
-0.16712448025612
-0.16615680027292
-0.16615680020059
-0.16624640035843
-0.16716032035734
-0.16619264035394
-0.16624640034686
-0.16716032032212
-0.16619264029227
-0.16621056032436
-0.16721408024418
-0.16717824028022
-0.16619264032319
-0.16615680024739
-0.16621056034472
-0.16621056034668
-0.1671603203417
-0.16716032034202
-0.16719616039025
-0.16619264037339
-0.16619264035407
-0.16619264025183
-0.16717824033443
-0.16716032031931
-0.16610304007542
-0.16610304017769
-0.166103040175
