"n_200_d_5_tr_10_a_112x112_idx_0_p_mprt2"
-0.17018681878612
-0.16895222745775
-0.17133775186576
-0.17006927029074
-0.17176215565313
-0.170564050468
-0.16993664110825
-0.17190781725056
-0.17071738935022
-0.1701447173142
-0.17023762606392
-0.17077977687772
-0.17187551945872
-0.1700476019856
-0.17136910485507
-0.16915137150748
-0.16969818930593
-0.17068051420682
-0.16890602415185
-0.16944193897872
-0.1718630674468
-0.17190823700944
-0.17092274378821
-0.17035201712735
-0.17106523306591
-0.16928939056118
-0.17122322499426
-0.17184381993842
-0.16813014339777
-0.1709011699383
-0.17170097097579
-0.17062665194215
-0.17061110225482
-0.17031879571874
-0.17031349745736
-0.17150480005129
-0.17058728308554
-0.17038937026734
-0.17160596681916
-0.17035470610853
-0.17132887174869
-0.17170471267918
-0.17093184977795
-0.17114919550773
-0.17137176636509
-0.17189878691586
-0.17127773909734
-0.17019350968353
-0.17263954073931
-0.1688071682453
-0.16880896025544
-0.16902041617584
-0.16847340841424
-0.16959425579658
-0.17094736934652
-0.16822820098176
-0.17186430524606
-0.17172530727481
-0.17203207315234
-0.17052076270562
-0.16982195714738
-0.17180748260566
-0.17091830498789
-0.16946353122238
-0.16946897615024
-0.16936583100873
-0.17107221181941
-0.1729798957792
-0.17020767385494
-0.17237838091051
-0.17224743258022
-0.16925667973257
-0.16983488990704
-0.1685680541307
-0.1699054890173
-0.16801302874995
-0.17014837948651
-0.16824568758102
-0.17036772068856
-0.16746854407475
-0.16966060827649
-0.17059393066053
-0.16939565680354
-0.17045606894705
-0.17132727040449
-0.17131203356092
-0.17111680122394
-0.17109398072778
-0.17016107498224
-0.17159510089632
-0.17116700192887
-0.17232285912714
-0.16968979923445
-0.17147195821431
-0.16958113342518
-0.17119484209251
-0.17120016777997
-0.17244191871722
-0.17115510498182
-0.17121242385317
-0.17028713476788
-0.1709131969883
-0.16915660843438
-0.17083531456131
-0.17153108807798
-0.1694869851441
-0.17149688508172
-0.1674685440716
-0.16967178753484
-0.16949750730944
-0.16861329852289
-0.16969249550669
-0.17160737757411
-0.16878443819688
-0.1698912265752
-0.16946590221962
-0.16901504030774
-0.16735744006988
-0.17106057636483
-0.16869188601254
-0.16925410388855
-0.17012913745162
-0.16927342183686
-0.17188555077448
-0.16970577212212
-0.16870160010874
-0.17059342155374
-0.16746854411746
-0.17012705308792
-0.1696997549634
-0.17087472504751
-0.17097439670472
-0.17107624447288
-0.17088338273438
-0.16995571333132
-0.17150626218536
-0.17174743922701
-0.17177167607996
-0.16827165816237
-0.16925602711136
-0.16934387052471
-0.17027040506085
-0.17076165849847
-0.17196987964304
-0.16949912493032
-0.16913263407889
-0.17135936504106
-0.17100822250307
-0.16909525106438
-0.16899819220264
-0.16992959887518
-0.16933711584516
-0.16789324810759
-0.16789324806994
-0.17004290503874
-0.16977617787857
-0.16864906711405
-0.1686542148622
-0.16865664027773
-0.16757248008786
-0.16991314181584
-0.17181711724542
-0.16882062234784
-0.16962654227488
-0.17104896276033
-0.17003847902052
-0.17059060627204
-0.17014519348677
-0.17068502882657
-0.17002832801194
-0.1692549243032
-0.16893402924132
-0.16956981769018
-0.16746675208164
-0.17100872387905
-0.17056755686537
-0.17244257180034
-0.17227198552358
-0.17241275637004
-0.16889641429497
-0.16992078028172
-0.17113766906296
-0.17105932064025
-0.17010507587196
-0.17059997554846
-0.16766745612909
-0.17108389163081
-0.16915917541528
-0.17114440340526
-0.16845007011342
-0.1674685441087
-0.16768896012359
-0.1696071622392
-0.16867708100943
-0.16780185609491
-0.16926835376251
-0.17025059896555
-0.17012325163385
-0.1709402629566
-0.16957400338189
