"n_200_d_5_tr_10_a_112x112_idx_0_p_cds3"
-0.16825344024248
-0.16821760019759
-0.16832052703645
-0.1682534401672
-0.1683609602671
-0.1683968024707
-0.16832512027271
-0.16941824492056
-0.16943616114297
-0.16832512035704
-0.16832512035674
-0.16839680408741
-0.16941824028724
-0.16832512032635
-0.16836096035868
-0.16825344023626
-0.16825344024588
-0.16825344029536
-0.16821760022514
-0.16825344021888
-0.16941824022248
-0.16936315042499
-0.1683954690125
-0.16929280161892
-0.16835962896503
-0.16931072050468
-0.16839680031614
-0.16834170888654
-0.16922112015876
-0.16931072013848
-0.16839586005569
-0.16832512030779
-0.16832512030064
-0.16832512026216
-0.16832512030619
-0.16832512026716
-0.16828928034122
-0.16828928034828
-0.16832460400434
-0.16927488033277
-0.16836096017822
-0.16836096015822
-0.16832512017217
-0.16839522233716
-0.16832512032188
-0.16835938236852
-0.16832512033527
-0.16828036692425
-0.16838640650907
-0.16818176018715
-0.16818176019323
-0.16818176015242
-0.16821518769352
-0.16825344023532
-0.1683227078896
-0.16818176018345
-0.16836096022914
-0.16832364022214
-0.16835948013558
-0.16828770244937
-0.16825344020544
-0.16832512021378
-0.16832512018633
-0.1682534401198
-0.16825344025127
-0.16825344029793
-0.16836096035567
-0.16943616032176
-0.16832512029795
-0.16846756421311
-0.16845757011958
-0.16818176015193
-0.1682534403434
-0.16821760028998
-0.16825344026994
-0.1681817600879
-0.16825344016661
-0.16818176015182
-0.16825344019637
-0.16814592007475
-0.16821760023745
-0.16825344025908
-0.16825344028638
-0.16828928036522
-0.16832512030428
-0.1683251202425
-0.16832512028364
-0.16836096031738
-0.16828928027148
-0.16832512033046
-0.16828928029007
-0.16839680021197
-0.16825344023875
-0.16828909604434
-0.16818176021299
-0.16835952439381
-0.16835952430386
-0.16839518037323
-0.1683249363605
-0.16828567155492
-0.16828928025792
-0.16828928019022
-0.16825344028947
-0.16832493610414
-0.16839661617576
-0.16825344013856
-0.16832512025336
-0.1681459200716
-0.16821760023079
-0.1682176002877
-0.16821760032123
-0.16821760020142
-0.16832193488446
-0.16821760020374
-0.16825344026842
-0.16821760030298
-0.16818176021259
-0.16814592006988
-0.16832512020884
-0.16823552028136
-0.1682713602393
-0.16827136022145
-0.16825344019225
-0.16836096022019
-0.16825344027732
-0.16821760021386
-0.16828928021812
-0.16814592011746
-0.16828928028579
-0.16828928033396
-0.1683251202531
-0.168325120363
-0.16832512036333
-0.16832512024342
-0.16825344030128
-0.16828928026028
-0.1683251202368
-0.1683609602898
-0.16821760023746
-0.16821760022039
-0.16821760015108
-0.1682892802132
-0.16828928025701
-0.1683595851908
-0.16825344022945
-0.16818176017202
-0.16832350036178
-0.16836096031934
-0.16821760021246
-0.16821760022129
-0.16828928024942
-0.16821760020251
-0.16818176008748
-0.16818176006891
-0.16821760012798
-0.1682534403167
-0.16821760020625
-0.16821760019707
-0.1682176002041
-0.16814592008786
-0.16825344026512
-0.16832450406291
-0.16821760013223
-0.16825344028135
-0.16828928032436
-0.16821760016864
-0.16825206525742
-0.16825344023174
-0.16828928022284
-0.16828928021428
-0.1682534402293
-0.16818176012529
-0.16821760020948
-0.16814592008164
-0.16834250309606
-0.16934656027835
-0.16839680032422
-0.16839680033644
-0.16842173003112
-0.16821760024494
-0.16821760015558
-0.16840472619711
-0.16832512028884
-0.16828928028692
-0.16825344021715
-0.16814592012909
-0.16828928025873
-0.16818176017412
-0.16828928023664
-0.16818176017885
-0.1681459201087
-0.16814592012359
-0.16825344019004
-0.16819968012318
-0.16814592009491
-0.16825344031024
-0.16825344030636
-0.16827674280815
-0.16827674280938
-0.16825344022685
