"n_200_d_10_tr_10_a_79x79_idx_1_p_mprt2"
-0.16934560061124
-0.16924557217277
-0.16967296584108
-0.16889024978503
-0.17157805704829
-0.17256135493827
-0.17262908307238
-0.1729317711388
-0.17307158534521
-0.1719623595933
-0.17192200869681
-0.1734318689488
-0.17290697657015
-0.17190183590832
-0.17254790201589
-0.17181222544764
-0.17232910125309
-0.1716420645397
-0.17289568905361
-0.17320237330254
-0.1724963450998
-0.17206000347656
-0.17126773554942
-0.17321400199749
-0.17167253848975
-0.1732353747159
-0.17391898829613
-0.17361009021844
-0.17362518918247
-0.17332435761303
-0.1716009518429
-0.17342872476908
-0.17143970942105
-0.17265914404264
-0.17101157158906
-0.17189459461671
-0.17150144806689
-0.17092519928298
-0.17115182036704
-0.17099733918896
-0.17304488646202
-0.17227530428007
-0.17197655238301
-0.17115078461026
-0.17341251964463
-0.17251562078331
-0.17190140350741
-0.17249914296479
-0.17284426692396
-0.17093609936968
-0.17244964972381
-0.17251629727303
-0.17066596074968
-0.17143234644807
-0.17117013303944
-0.17112786911452
-0.17122534084147
-0.17327734375863
-0.17304223087385
-0.17144702927954
-0.17246522298813
-0.17160032804523
-0.17184202695838
-0.17241087928652
-0.17190484351599
-0.17270439177773
-0.17268649351899
-0.17311082541266
-0.17210763366886
-0.17186143847346
-0.17312074337424
-0.17370961947307
-0.17234794029987
-0.17248748756962
-0.17116180608931
-0.17027842265155
-0.17182667773266
-0.16915811328393
-0.1717558440951
-0.17168328412157
-0.17315141366002
-0.1726789843345
-0.17194718821979
-0.17292609636739
-0.17279352786823
-0.17390676611599
-0.17267320270314
-0.16904608348237
-0.16946855447746
-0.17195041526452
-0.17232440071307
-0.17315499338715
-0.17254381573836
-0.17264394453444
-0.17283343768258
-0.17179958671072
-0.17240894105499
-0.17205236795209
-0.17160462313177
-0.17227089230164
-0.17323984022058
-0.17177373550349
-0.17154487481744
-0.1722426966728
-0.1727303507467
-0.17095563517818
-0.1730883115461
-0.17378448703236
-0.17247154906646
-0.17254670755146
-0.17190277431485
-0.17172375156487
-0.17189541849959
-0.1714392795642
-0.17209394230529
-0.1706714508223
-0.17260980938104
-0.17125819156349
-0.17202737940688
-0.17133432601272
-0.1726732590876
-0.17248901031146
-0.17287480158426
-0.17262457724268
-0.16853406446074
-0.16798464017543
-0.16989304406831
-0.16820177936292
-0.17138367786072
-0.17218160132856
-0.1724509705954
-0.17319019221061
-0.17099678956352
-0.17317023559018
-0.17124240120009
-0.17310072870056
-0.17200101543543
-0.17333916373066
-0.17370228393551
-0.17255616434837
-0.17234692282283
-0.17293416254731
-0.1736394593197
-0.17307281197205
-0.1732245684697
-0.1731191481969
-0.17303824699258
-0.17364523750826
-0.17347966161556
-0.17406945727337
-0.17384257746442
-0.1720865330549
-0.17265284067751
-0.17090563131206
-0.17262354439942
-0.17250520380716
-0.17230583155318
-0.17236436272647
-0.17064002611905
-0.17205797817443
-0.17158116534746
-0.17301931376724
-0.17353387559682
-0.17302987175789
-0.17036991970199
-0.17129461936467
-0.16950646251608
-0.17097150745859
-0.17057512860522
-0.17196778043586
-0.17143667048444
-0.16969631153673
-0.17125380852524
-0.17074040937392
-0.16892211865444
-0.17171760751186
-0.17426535455078
-0.16858635575798
-0.17135272750819
-0.16945109017328
-0.16996145270114
-0.17251269610799
-0.17111579185375
-0.17111379321586
-0.17121734709224
-0.17275091224418
-0.17128995034043
-0.17233383787837
-0.17119323265728
-0.17291596027168
-0.17136974125482
-0.17249139167868
-0.17139986496401
-0.1731316330003
-0.17256815961052
-0.17058156639095
-0.17332313843206
-0.17242884642031
-0.16744345612044
-0.16982926249752
