"n_200_d_10_tr_10_a_79x79_idx_1_p_abba2"
41.500224023101
41.500224033099
41.500224033151
41.500224032039
41.500224028564
41.500224028885
41.500224033151
41.500224033051
41.500224031735
41.500224032545
41.500224033183
41.500224029128
41.500224032776
41.500224026894
41.500224029011
41.500224032039
41.500224031278
41.50022403296
41.500224031598
41.500224032967
41.500224028635
41.500224029837
41.500224033183
41.500224031565
41.500224031735
41.500224033114
41.500224030174
41.500224031278
41.500224033283
41.500224032262
41.500224029216
41.500224032837
41.500224032998
41.500224033302
41.500224027137
41.500224032689
41.50022403113
41.500224025547
41.50022403021
41.500224030777
41.500224030777
41.50022403278
41.500224032689
41.500224029381
41.500224028635
41.500224027232
41.500224030488
41.500224032202
41.500224032772
41.500224031875
41.500224033243
41.500224033246
41.500224031545
41.500224029571
41.500224033188
41.500224031875
41.500224033069
41.500224033114
41.500224031721
41.500224032903
41.500224031244
41.500224032733
41.500224033283
41.50022403021
41.500224033051
41.5002240315
41.500224033302
41.500224033288
41.500224032507
41.500224032
41.500224031095
41.500224032804
41.5002240315
41.500224033246
41.500224033316
41.500224031849
41.500224029848
41.500224032807
41.500224030119
41.500224032903
41.500224026212
41.500224032424
41.500224032694
41.500224033329
41.500224033224
41.500224033188
41.500224033146
41.500224033243
41.500224033305
41.500224032587
41.500224029473
41.50022403093
41.500224032701
41.500224033285
41.50022403306
41.500224033329
41.500224033305
41.500224033315
41.500224031839
41.500224032412
41.500224029933
41.500224033316
41.500224033285
41.50022403261
41.50022403306
41.500224031303
41.500224029889
41.50022403064
41.500224030119
41.500224032807
41.500224033109
41.500224029843
41.500224032701
41.500224032145
41.500224028898
41.500224029033
41.500224026429
41.500224025927
41.50022403177
41.50022403322
41.500224033315
41.500224031641
41.500224029794
41.500224032078
41.500224031839
41.500224027849
41.500224033275
41.500224031842
41.500224026598
41.500224029682
41.500224031303
41.500224031102
41.500224030788
41.500224029336
41.500224032122
41.500224032284
41.50022403173
41.500224028847
41.500224031816
41.500224030621
41.500224033311
41.500224031437
41.500224033311
41.500224031644
41.500224027867
41.500224029607
41.500224030019
41.500224030749
41.500224025611
41.500224030897
41.500224031842
41.500224029911
41.500224025679
41.500224032284
41.500224031668
41.50022402599
41.500224026478
41.500224031668
41.500224033017
41.500224033275
41.500224032065
41.500224032941
41.500224027456
41.500224032941
41.500224030897
41.500224032545
41.500224029358
41.500224026775
41.5002240277
41.500224030453
41.500224032065
41.500224028326
41.500224033027
41.500224028799
41.500224032545
41.500224031284
41.500224032649
41.500224029754
41.500224030558
41.500224028243
41.500224029423
41.50022403161
41.500224033027
41.500224033017
41.500224030097
41.500224028011
41.500224028878
41.500224028571
41.500224024838
41.500224032649
41.500224031284
41.500224027856
41.500224030686
41.500224025422
41.500224020231
41.500224025675
41.500224030097
41.500224018717
41.500224030686
41.500224030111
