"n_200_d_15_tr_10_a_64x64_idx_2_p_cds3"
-0.16859392200428
-0.16954368069848
-0.16848640059619
-0.16853739413373
-0.16853739417336
-0.16966766101192
-0.1696973775513
-0.16860907617556
-0.1696126089803
-0.16950507327932
-0.16850393434475
-0.16853977503609
-0.16866419017075
-0.16861184157867
-0.16966793482232
-0.16869715079446
-0.16973705102014
-0.16864768167489
-0.16881753213684
-0.16892434437466
-0.16861184167269
-0.16990379788176
-0.16954368386851
-0.16948992053626
-0.16956018581621
-0.1688840911333
-0.16843172438154
-0.16855808049232
-0.16965384800208
-0.16849413114486
-0.168644601536
-0.16959475322312
-0.16877805261209
-0.16856501284495
-0.16973474503956
-0.16961536131421
-0.16862976489114
-0.16869304880339
-0.16976999960209
-0.16876472885537
-0.16981131803404
-0.16887990653433
-0.169769785928
-0.16891441660417
-0.16884283436942
-0.16887671552729
-0.16963211757006
-0.16882348716317
-0.16868219060286
-0.16886023694794
-0.16986158227567
-0.16969570850947
-0.16896533669465
-0.16892873785749
-0.1688921930519
-0.1688598121067
-0.1688978279939
-0.16979249606073
-0.16876558892874
-0.16882470720232
-0.16882470795936
-0.16875210999988
-0.16978351532519
-0.1697207056042
-0.16966901872808
-0.16932864054808
-0.16952569312207
-0.16854016082434
-0.16852224135687
-0.16854016037742
-0.16866560255268
-0.16871929540673
-0.16972281506309
-0.16875520276846
-0.16852224124913
-0.16852224175488
-0.16852224121939
-0.1685401626726
-0.16943609602006
-0.16862976262347
-0.16862859690061
-0.16851912056724
-0.16846848036143
-0.1683872679882
-0.16853063083232
-0.16850432095322
-0.1685401608415
-0.16964970495812
-0.16950784029644
-0.16870011110924
-0.16855808227891
-0.16870144138035
-0.16972224178762
-0.16950720188206
-0.16871786723902
-0.16873721412744
-0.16880889564226
-0.16877181868403
-0.16870081050042
-0.16878973947369
-0.16864768180775
-0.16970496036467
-0.16875520095684
-0.1685565878662
-0.16859392115876
-0.16848507058526
-0.16848640131182
-0.16859392034685
-0.1688599983104
-0.16877013608834
-0.16979157609932
-0.16873577465795
-0.16878751896038
-0.16991475107055
-0.16887916243714
-0.16871712322844
-0.16970348030678
-0.16880458871832
-0.16895833049742
-0.16974043803765
-0.16987295846448
-0.16886786472463
-0.16980994667096
-0.16864585481106
-0.16980948565762
-0.16864508148648
-0.1696512020071
-0.16869909520815
-0.16971878188855
-0.16871526349159
-0.16860673491898
-0.16869633500133
-0.16874892838875
-0.1696300225132
-0.16853856695573
-0.16867839800974
-0.1685360617853
-0.16855557568195
-0.16860716068326
-0.16943616216385
-0.16837888030105
-0.16966762425444
-0.16866560300508
-0.16861184284342
-0.1696512003297
-0.168611494677
-0.16864662434598
-0.1685760018541
-0.16961482301971
-0.16873435198855
-0.16988123267959
-0.16884187374894
-0.16963257201574
-0.16976814487806
-0.16880020632315
-0.16969505369024
-0.1686920089743
-0.1695788441092
-0.16866287209363
-0.16856814728459
-0.16872899849765
-0.16966639490561
-0.16871150754464
-0.16841472032071
-0.16841472037649
-0.16841472036795
-0.16973136935896
-0.16951790794323
-0.16874576942194
-0.16876369033472
-0.16854016033376
-0.16857600049564
-0.16850432032482
-0.16834304017878
-0.16836096024644
-0.16923904017769
-0.16819968007542
-0.168199680175
-0.16864637737623
-0.16841472037644
-0.16841472087907
-0.16920320120686
-0.1696094123759
-0.16965003593782
-0.1696332835248
-0.16859275817089
-0.1685389976137
-0.1696142118202
-0.16853768720741
-0.16945147897952
-0.16850432028022
-0.1683956528685
-0.16984545716887
-0.16846768255841
-0.16846748735574
-0.16848640026738
-0.16839680033043
-0.16830720020059
-0.16841472053012
-0.16816384012866
