"n_200_d_15_tr_10_a_64x64_idx_2_p_flooding"
-0.16756889950956
-0.16757427636555
-0.16755814736281
-0.16755814831119
-0.16756889966511
-0.16755814897482
-0.1675688989954
-0.16753485287174
-0.16756352538264
-0.16756352299439
-0.16755277304642
-0.16752589370178
-0.1675796531047
-0.16750976458192
-0.1675097644474
-0.16756889923224
-0.16754739568598
-0.16755277167528
-0.16753664424726
-0.16751514147625
-0.1675420188336
-0.16758144468904
-0.16758144453127
-0.16754739516552
-0.16754202020882
-0.167586821787
-0.16759936555769
-0.16755814947852
-0.1675742776422
-0.16756352420954
-0.16756890066163
-0.16755994263348
-0.16757965427703
-0.16760474178595
-0.16759757221022
-0.16757606842036
-0.16754918694581
-0.16757069501026
-0.16754739530792
-0.1675706948034
-0.16753126911034
-0.16757248581709
-0.16748825684344
-0.16753305905595
-0.1675384341013
-0.16753843568487
-0.16753843411334
-0.16755456335204
-0.16754202074102
-0.1675653168365
-0.1675886139375
-0.16753843452529
-0.16752051550376
-0.16753843433099
-0.16755097992084
-0.1675043897801
-0.1675258926406
-0.16752051637088
-0.16750976303899
-0.16752051553916
-0.16752051552452
-0.16753664568984
-0.16755994127392
-0.16753126801606
-0.16754918808759
-0.16751513949847
-0.16753305743998
-0.16753843428053
-0.16753664544822
-0.16754201953493
-0.16754739641122
-0.16757606768716
-0.16759219656134
-0.1675581490436
-0.16751872457493
-0.16755456477903
-0.16755456488147
-0.16757606947284
-0.16756531731677
-0.16755456699004
-0.16754918961886
-0.16757069264127
-0.16753664469209
-0.16752051548206
-0.1675151394677
-0.16757069244363
-0.16753664465202
-0.16755456431527
-0.1675151407493
-0.16753664344379
-0.16757069206228
-0.16755994022096
-0.16754739662892
-0.16757069243942
-0.16750976120898
-0.16751693311056
-0.1675527722368
-0.16757606806622
-0.16752947656754
-0.16754202012076
-0.16750797138778
-0.16753126766029
-0.16750259644352
-0.16752589160842
-0.16748646552684
-0.16754739601726
-0.16753126737585
-0.16750797157162
-0.16751334817086
-0.16751872422128
-0.16752589077263
-0.16753843479376
-0.16753126844909
-0.16755814925808
-0.16757069260328
-0.16756710855942
-0.16756531868884
-0.16754919087395
-0.16753843659331
-0.16754919080758
-0.1675491916572
-0.16759219606064
-0.16755994131192
-0.16759398802532
-0.16755456522053
-0.16754739582454
-0.16756352439352
-0.16756890091348
-0.1675312677323
-0.16756531657988
-0.16755456672124
-0.16754381517608
-0.16754381289275
-0.1675545659967
-0.16755994086939
-0.16753305896959
-0.16755456447834
-0.16752410136257
-0.16750976445442
-0.16752768196462
-0.16753126878195
-0.16748109045922
-0.16753126884239
-0.16756531802942
-0.16756531881227
-0.16749901043311
-0.16749901012921
-0.16749901055403
-0.16755456468547
-0.16757786001925
-0.16755993936187
-0.16755635586779
-0.1675473971708
-0.16755994321957
-0.16755814937872
-0.1675635235208
-0.16754381152371
-0.16754918848849
-0.16754381284501
-0.1675205185858
-0.16755277119076
-0.16750797136592
-0.16753126862948
-0.1675402286412
-0.16754739604488
-0.16749721929431
-0.16749721952022
-0.16753126768805
-0.1675258910478
-0.16751513828018
-0.16747571316822
-0.16750976394895
-0.16751514159698
-0.16751693084252
-0.16753843685096
-0.16753306175676
-0.16752230557937
-0.16751155369761
-0.16751513980874
-0.16756710843658
-0.16747571316724
-0.16752051666479
-0.16752051625867
-0.16750438713155
-0.16754381055114
-0.16753305771202
-0.16752230548067
-0.16758323701635
-0.16757786016706
-0.16753843831207
-0.1675617306909
-0.16745420807542
-0.167454208175
-0.16745958550537
-0.16752230557348
-0.16756711031955
-0.16745420811078
-0.16747033655339
-0.1675043887074
-0.16743091212866
