"n_200_d_10_tr_10_a_79x79_idx_1_p_abba2"
-0.16717824021308
-0.16721408033305
-0.16719616031357
-0.16717824029536
-0.16717824025958
-0.16621056026344
-0.16622848029461
-0.16621056030751
-0.16717824017397
-0.16721408029422
-0.16622848025275
-0.16719616029371
-0.16619264033749
-0.16714240022871
-0.16714240025412
-0.16615680024995
-0.16717824031909
-0.16717824033927
-0.1662105602203
-0.16723200024855
-0.16717824030029
-0.16719616031472
-0.16721408035115
-0.167199994263
-0.1662323139198
-0.16724627483394
-0.16624640029108
-0.16724627484687
-0.16721408031604
-0.16622848034309
-0.16721408029939
-0.16717824031069
-0.16723200034478
-0.16626067472533
-0.16719616027113
-0.16719616033776
-0.16718207478079
-0.16619647449866
-0.16621439480506
-0.16619647486127
-0.16617855431542
-0.16621439477398
-0.16718207488365
-0.16621056030552
-0.1671961602501
-0.16619264028065
-0.16717824025428
-0.16619264030095
-0.16717824034713
-0.16724627488469
-0.1661926402712
-0.16627859487314
-0.16627859497466
-0.1672140802521
-0.16633235500142
-0.16728211462506
-0.16728576038104
-0.16730368038158
-0.16621056026884
-0.16714240027416
-0.16622848028757
-0.16721408030544
-0.16622848028758
-0.16715978955073
-0.16716032027358
-0.16714240026859
-0.16722835471886
-0.16721408029347
-0.16721408033692
-0.16726419500731
-0.1662785949258
-0.16628224035424
-0.16622848028077
-0.16629651501872
-0.16719616024022
-0.16619264024375
-0.16717824029252
-0.16717824032803
-0.16618827626536
-0.16618827614628
-0.16712448018002
-0.16624275491814
-0.16726419478803
-0.1672283549556
-0.16626067476439
-0.16722835493487
-0.16619264037607
-0.16619264037724
-0.16714240025956
-0.16721408030354
-0.16721408020658
-0.16624640029051
-0.16721408035473
-0.16624640030854
-0.16622848033907
-0.16721408029581
-0.16617472037564
-0.16617472037576
-0.16721408035828
-0.16624640033059
-0.1672140803354
-0.16716032030158
-0.16622848033279
-0.16721408032469
-0.16622848035494
-0.16624640033385
-0.1662284803262
-0.16719616033522
-0.16717387533439
-0.16719179600193
-0.16719616035963
-0.16712448022948
-0.16719616023818
-0.16717824029256
-0.16619264028913
-0.16624640023104
-0.16716032017827
-0.16719616022544
-0.16721408029959
-0.16622848039697
-0.16622848039811
-0.16723200035206
-0.16624640033052
-0.1662464003573
-0.16723200035506
-0.16714240023598
-0.16717824024583
-0.16721408022453
-0.16717824026721
-0.16624640021895
-0.16719616029618
-0.16617472036273
-0.16617472035896
-0.16716032030454
-0.16721408029938
-0.16717824030372
-0.16621056029707
-0.1671603202206
-0.16721408025668
-0.16716032031356
-0.16621056024629
-0.16717824032336
-0.16621056033171
-0.16621056032106
-0.16619264027574
-0.16717824022088
-0.16717824034491
-0.16619264035367
-0.16712448019793
-0.16717824032412
-0.16717824033546
-0.16619264027984
-0.16717824020781
-0.16717824028515
-0.1671782402556
-0.16617472029457
-0.16716032030042
-0.16622848028431
-0.16621056032025
-0.16617472034385
-0.16719616029493
-0.16621056030421
-0.16621056023962
-0.16621056033579
-0.16717824033135
-0.16617472035112
-0.16716032027321
-0.1671782402256
-0.16716032029461
-0.16717824032764
-0.16619264033553
-0.16619264028886
-0.16719616034528
-0.16717824026828
-0.16619264029772
-0.16716032034966
-0.16717824036604
-0.16717824021826
-0.16716032026014
-0.16716032028347
-0.16619264027126
-0.16717824032663
-0.16714240030984
-0.16714240024386
-0.16717824025205
-0.16619264028344
-0.16619264024712
-0.16716032027444
-0.16714240011502
-0.16617472034552
-0.16615680032914
-0.16712448014214
-0.1671603202185
-0.16714240019595
-0.16617472013857
-0.1671603202039
-0.16714240025514
-0.16714240012515
-0.16716032026878
-0.16712448012044
