"n_200_d_15_tr_10_a_64x64_idx_2_p_mprt2"
-0.17282663265849
-0.17319220404761
-0.17190510989793
-0.17321031282287
-0.17299731522073
-0.17305110591277
-0.17325675927634
-0.17279903531063
-0.17172672999686
-0.17223773188186
-0.17200529481142
-0.17165802238798
-0.1732466497337
-0.17267995600988
-0.17286108911588
-0.17227971212082
-0.17324911707536
-0.17342337427182
-0.1728507256614
-0.17223709628718
-0.17220590090079
-0.17290905319772
-0.17316810001266
-0.17186273215263
-0.17239437479194
-0.17261461525622
-0.17085539873666
-0.17141003910318
-0.17264317088474
-0.17178860421891
-0.17290587244568
-0.17146874136746
-0.17254176020662
-0.17205603847852
-0.17263017502376
-0.17234448701132
-0.17334123540622
-0.17260558027226
-0.17213831977882
-0.17234325362956
-0.17291775788553
-0.17296531605507
-0.17222339109281
-0.17288834025688
-0.17345961639848
-0.17301799591045
-0.17310531254534
-0.17336810360599
-0.17251826189294
-0.17305545008454
-0.17430232546322
-0.17273559609852
-0.17403262333218
-0.17394017247646
-0.17350651784967
-0.17389843437998
-0.17423557055106
-0.17318446583882
-0.17337577777489
-0.17395630839222
-0.17317552219567
-0.17266672876763
-0.17311168128971
-0.17388842477455
-0.17329064958797
-0.17068754854582
-0.17222679373384
-0.17153823777798
-0.173245907736
-0.17264215209696
-0.17248953138488
-0.17252074020224
-0.17363433023586
-0.17247997033671
-0.17314038931576
-0.17303526948931
-0.17293794123794
-0.17342437615242
-0.17210078505102
-0.17321958586214
-0.1740174996675
-0.17309283086057
-0.17153888254825
-0.17135347918915
-0.17208056249966
-0.17209234269681
-0.17232515000866
-0.1732668236351
-0.17282950340327
-0.17226223194945
-0.17216810985552
-0.1720562740049
-0.17204248325826
-0.17210648533193
-0.17330741559691
-0.1723510752634
-0.17261150741075
-0.17395983268602
-0.17260680483148
-0.17316360650795
-0.17246909510482
-0.17222508269699
-0.1735927182111
-0.17256207911296
-0.17279674371733
-0.17276397231308
-0.17225661565735
-0.17268302357526
-0.17341290453252
-0.17235120651378
-0.17269271711522
-0.17221467435992
-0.17248064074003
-0.1727886993554
-0.17333661577763
-0.17280022914924
-0.17260372931797
-0.17279384806588
-0.17236357301498
-0.17381030405144
-0.1724132387371
-0.1725097369234
-0.17381095230783
-0.17247721550332
-0.17340450364514
-0.17214371987268
-0.17206059766434
-0.17247443619015
-0.17269715189788
-0.17259563369836
-0.17250416778889
-0.17287117663155
-0.17260720686449
-0.17238708461091
-0.17201811075634
-0.1729308132308
-0.17242663628257
-0.17296195990039
-0.17315350102762
-0.17271057063294
-0.1712069856716
-0.17207550873421
-0.17238533543776
-0.17273694635902
-0.17213350303803
-0.17223261165718
-0.17226196270001
-0.17229728737253
-0.17351090207599
-0.17209902728343
-0.1724440089476
-0.17241559416531
-0.17322693847176
-0.172239092387
-0.17304107459272
-0.17250376544059
-0.17233790085105
-0.17164898026013
-0.17140673385906
-0.17212100725982
-0.17188016326446
-0.17183587189281
-0.17217294923335
-0.17081588447419
-0.17081152493064
-0.17100419372202
-0.17301176072196
-0.17306443760649
-0.1724305629665
-0.17204688164027
-0.17252326662268
-0.17192674988435
-0.1716293202581
-0.17047647591131
-0.17137128671109
-0.17008371752288
-0.16790469530666
-0.1679057922655
-0.17194195467174
-0.17118565927752
-0.17159921456604
-0.16857237398473
-0.17353441479697
-0.17369272714913
-0.17301455734184
-0.17266741868726
-0.17241674607186
-0.1729968339554
-0.17258664236849
-0.17172444401851
-0.17164481014528
-0.17124028399202
-0.17339591254216
-0.17205909488958
-0.17255882395698
-0.17150394999814
-0.1715034809972
-0.1699919584729
-0.17238340070173
-0.16822835212866
