"n_200_d_10_tr_10_a_79x79_idx_1_p_abba2"
0.13393001552818
0.13168897135469
0.13336649744406
0.13245963579834
0.13227937130107
0.13259381900492
0.13276650433077
0.1327760935036
0.13359564570294
0.13379537589865
0.13427466469077
0.13350233560226
0.13321985628296
0.1330399246452
0.13306159562088
0.13174638604386
0.13201030425917
0.13301926500516
0.13284160842384
0.1329337376251
0.13217928087184
0.13265809026555
0.1330261391745
0.13251458899464
0.13315909560797
0.1327465910717
0.13375478333962
0.13288027288174
0.13239677632718
0.13309166956221
0.13189522409131
0.13262233397381
0.13240800842454
0.1325284170497
0.1336346361024
0.13263791024101
0.13340623284488
0.13384942140025
0.13308485320549
0.1324500195322
0.13230319114729
0.13276777160556
0.13309557587964
0.13331658519462
0.1342837086131
0.13248167174766
0.13340634196193
0.1336725371217
0.13439674390868
0.13249082082427
0.13284329209193
0.13347707382114
0.13278127468115
0.13228584713365
0.13200594136516
0.13193283579969
0.1327344266425
0.13254693881426
0.1330131405622
0.13208841044523
0.13223660405422
0.13257255376688
0.13206746257539
0.13179221356602
0.13156923936472
0.13179255663799
0.13182748069003
0.13360504734049
0.13296865229041
0.13328991632374
0.13182625993578
0.13154657183427
0.1323687351346
0.13228604026692
0.13240143169137
0.13306068833747
0.13324501282497
0.13247602060182
0.13277282545825
0.1325927882687
0.13222194099978
0.13296451386888
0.13289397958171
0.13341586639548
0.13272034749482
0.1318188804157
0.13234345064491
0.13403304491813
0.133853458224
0.13373108280428
0.13110724766922
0.13195026900491
0.13224276457279
0.13126667902717
0.13329447515958
0.13429976598769
0.13329607712939
0.13308511669507
0.1330629192976
0.1331548272094
0.13409327910949
0.13214325504115
0.13237040573686
0.13430492914039
0.13186562988251
0.1303686353807
0.13294994089895
0.13308024065705
0.13141409471244
0.1342359117485
0.13149786870035
0.1332644002557
0.13187437499935
0.13057833801126
0.13117684575889
0.13180970269681
0.13104483073901
0.13211848870318
0.13331659973379
0.13203616478676
0.13114042361849
0.13127378726262
0.1327682280264
0.13145020350066
0.1312448975425
0.13252701290062
0.13203114459371
0.131317827078
0.13233133362204
0.13195561713017
0.1322506637915
0.13333861186473
0.13295159365178
0.13206807726972
0.133357854236
0.13405209075144
0.13287636947852
0.13293624673317
0.13251635955473
0.13371445804015
0.13251989560797
0.13338542257246
0.13293580440816
0.13311315980788
0.13298630699831
0.1320843578895
0.13320317709803
0.13213468144399
0.13362669389656
0.13169217450221
0.13344220954754
0.13374382268467
0.13314026430219
0.13311855513713
0.13349066385251
0.13307278812049
0.1327792743679
0.13414677202071
0.13225992265547
0.1331694537782
0.13418302995217
0.13321681882967
0.13320489315508
0.1321053105882
0.13292052694163
0.13140387289475
0.13358254053382
0.13191460763404
0.13377909656014
0.13459119770731
0.13289703940064
0.13292854369516
0.1324320404521
0.13482409970741
0.13201871231169
0.13337841995587
0.13209359516362
0.1321652660109
0.13251962630371
0.13254090029512
0.13394223392191
0.13367423534724
0.13156325367422
0.1325181260664
0.13316723014956
0.13272716936186
0.13319207563709
0.13297663010718
0.13233253559331
0.1324566976796
0.13239705466959
0.13109721896753
0.13280684954911
0.13259684160687
0.13361782183658
0.13198076916365
0.13178358964874
0.13172185608054
0.13254647458685
0.1329477642301
"n_200_d_10_tr_10_a_79x79_idx_1_p_flooding"
0.14018211661819
0.13958657314481
0.14080994696893
0.13848194777365
0.13918122610436
0.138551222645
0.1411505314453
0.14015087251123
0.14021449796564
0.13998098226942
0.13722129160572
0.14015893473195
0.1385023764171
0.14019734987116
0.13859841030729
0.13868327972803
0.13833099635869
0.13998436352345
0.14104053571664
0.14077211948235
0.13844566159654
0.13928803255576
0.14131643420109
0.14045434866175
0.14024321495858
0.13998414368638
0.13974660757338
0.13817122550733
0.13721251492269
0.13929459461994
0.138568039131
0.13986803397126
0.14113371875112
0.13971129024497
0.13991301802176
0.14013396652586
0.14058784539063
0.14037633288906
0.14045065094639
0.14071626876718
0.13890299713448
0.1402351264563
0.13995111339224
0.13993827142892
0.1404518582795
0.1386000288242
0.14037815814722
0.14072679632965
0.14021284065171
0.13875943913621
0.13935970540761
0.14138076375096
0.1388351593914
0.14044312205748
0.13859372528837
0.13952287861618
0.1399153619256
0.13820971450712
0.13920894872171
0.13997712102359
0.13840179615211
0.13826806989367
0.13780653976202
0.13793095744614
0.13920341540212
0.13888041585922
0.13745636084612
0.13858373762657
0.13985724703847
0.13869649029932
0.13929754270051
0.13928436939008
0.13965529803191
0.13958687827348
0.13927632268974
0.14006339575028
0.13986412645228
0.13862505792346
0.13974978308379
0.14087051719019
0.14084999137533
0.14119976849094
0.14101410608117
0.14108304803021
0.14083988194814
0.13946274660597
0.14041161937117
0.14148815694995
0.14169707988686
0.1410497451753
0.14001453304217
0.14033089703329
0.13866077593453
0.13994116538062
0.14075238839638
0.14088121381267
0.13865851786745
0.13997567812698
0.14125205746252
0.14082213199593
0.14049836055092
0.14073367882168
0.13948917587278
0.14141468066591
0.13980304958066
0.13931778429728
0.1407163567121
0.13852784555173
0.13968799829665
0.14136464130053
0.13924940694627
0.14097754571364
0.13896801445696
0.13868051597368
0.13818823748594
0.13871309790101
0.13897163233898
0.13906808237399
0.13860370403352
0.13903709539435
0.13900013513444
0.13821460821452
0.13979253679427
0.13970576324757
0.13729493247693
0.13990817702988
0.1387142101983
0.13917038582475
0.13955845218157
0.1399606545418
0.13964669333225
0.13965653146215
0.13979932677361
0.13942330904845
0.13978547555172
0.14165943819923
0.13989659322856
0.13901404472724
0.1398411742849
0.13948356291619
0.13979714122956
0.13853051281012
0.13971782529469
0.14087470755258
0.13904411817289
0.13890807470634
0.13989384424262
0.13996093717465
0.1401800284506
0.13983412921627
0.13853139345427
0.14071353067224
0.13863703467025
0.14063320212188
0.13934618567724
0.13977267256795
0.13956151877513
0.14120643906923
0.14005977069668
0.13931722300991
0.14016751178869
0.13953029252132
0.13848109414874
0.13916245991556
0.13894315444031
0.13849312825267
0.13863781155933
0.13967965600187
0.13904975091568
0.14024982854208
0.13988677453282
0.13855204924345
0.13826026500145
0.14186553692542
0.1402954251092
0.14070454769847
0.14038935618043
0.1400632838857
0.13954643454803
0.13954837006765
0.14143882244674
0.14086234408954
0.13940404396359
0.13876667079459
0.13873164006127
0.13955576121262
0.13874310923891
0.13835668550765
0.13865563421303
0.13900437627715
0.13877881888369
0.13878280444927
0.13798195311369
0.13865418995828
0.13843634913072
0.13661516958189
0.1390184265365
0.13660055992659
0.13963188731968
0.13685242573409
"n_200_d_10_tr_10_a_79x79_idx_1_p_mprt2"
0.1338187103896
0.13277043923073
0.13712483719361
0.13807786610704
0.13645705653493
0.13670369640222
0.13687033151396
0.13730479387649
0.13749773708466
0.13636249363958
0.13691283719569
0.13647764095309
0.13547748126144
0.13634244903819
0.13693325917207
0.13678002493892
0.13739618419554
0.13630707351677
0.13766895868132
0.13644135416797
0.13689345813871
0.13525928186775
0.13540468201133
0.13633949863226
0.13661403905855
0.13727844547482
0.1365363695518
0.1371478511945
0.13619141829759
0.13629389798431
0.13790605790096
0.13751455644817
0.13649500351598
0.13525638899606
0.13475844290458
0.13447983243456
0.13598337846456
0.13413756756148
0.13594116121845
0.13673566432524
0.13521580828236
0.13684883118128
0.13614266101686
0.13636230643765
0.13619233038701
0.13598722855327
0.13627759763112
0.13274942956899
0.13536352397506
0.13689313733886
0.13621205782415
0.13685109833783
0.13658444160805
0.13319647336376
0.13516233341522
0.13570533152065
0.13746940138274
0.13619601632092
0.13329732007072
0.13496952309566
0.13481608648918
0.13510129525901
0.13483851074278
0.13687467447418
0.13658121250326
0.13439487487204
0.13334157882461
0.13294246925344
0.13255618198346
0.13407008431077
0.13346057600009
0.13483089472352
0.13484554339252
0.13393228825451
0.13302456293138
0.13463243287756
0.1343368661309
0.13384310827929
0.13473870549136
0.13491776422353
0.13419061617951
0.1335829222777
0.1340853518842
0.13559340462419
0.13486176899157
0.1355130945989
0.1337924926949
0.13429168109028
0.13320954890472
0.13486932284892
0.13522595452342
0.13415888231954
0.13451893214322
0.13632011567513
0.13629840364848
0.1355900037348
0.13472551632773
0.13436537736188
0.13449278391772
0.1346100954696
0.13345420958484
0.1354928162827
0.13514627704556
0.13408172913141
0.13459814773131
0.13396546966705
0.13498070180984
0.13444630879679
0.13462918449575
0.1350354328088
0.13549145302225
0.13559579707494
0.13454471689869
0.13513503790674
0.13638392280989
0.13504808811847
0.13552804785459
0.13606357811834
0.13622447772506
0.13583581031457
0.13558453414567
0.13587544159516
0.13330950172365
0.13561949173068
0.13541194415823
0.135356749701
0.13385721079933
0.13652766152003
0.13642724011623
0.13743066176576
0.13485828369571
0.13555782142533
0.13440746472699
0.13635008367012
0.13624915990203
0.13264930305975
0.13636541803941
0.13493239749444
0.13645804403806
0.13546787434697
0.13424128795312
0.13580403991392
0.13475699451962
0.13522166199572
0.1327993638525
0.13633478180031
0.13606777952957
0.13569736393025
0.13549959031889
0.13555545707283
0.13464537768556
0.13460349419826
0.135831825973
0.13547860755073
0.13471744189577
0.13573309523182
0.13532166361059
0.13534321818949
0.13471096682299
0.13642155859221
0.13474068867343
0.13498814984403
0.13506028778514
0.13421590948454
0.1332150571933
0.13587695760815
0.13653335936303
0.13431339425002
0.13351626504902
0.13452228127418
0.13541144618038
0.13404126045076
0.13654802498782
0.13664627267086
0.13647821431155
0.13629983117518
0.13581952035912
0.13467786482503
0.13486815089823
0.13434467833877
0.13641763801486
0.13540242173066
0.13451279015374
0.13510802936346
0.13277639759158
0.13583730847087
0.13321560607238
0.13374983715966
0.13365628020064
0.13514091897226
0.13388365821427
0.13240890404357
0.13357563372021
0.13218563069616
0.13328488847337
0.13239463745114
0.13514888039337
0.13265874862959
0.13493953508103
0.13125009148097
"n_200_d_15_tr_10_a_64x64_idx_2_p_abba2"
0.13369165033247
0.13477091187503
0.13382652944081
0.13386920291808
0.13450684889936
0.13429170209317
0.13344498770797
0.13474224759645
0.13421467558677
0.13279887506376
0.13545153869734
0.13231074065533
0.13360176818361
0.13529782746024
0.13281259185432
0.13530126521628
0.1332918254645
0.13369443354141
0.1344551620545
0.13503714181024
0.13336372262952
0.13454704236328
0.13447036862414
0.13469901137379
0.13504236533994
0.1350593671876
0.13420664035621
0.1352550478562
0.13338506074637
0.13480857948112
0.13378147843386
0.13473944586528
0.13584472450605
0.13434857196269
0.13395018324736
0.13387944004636
0.134448722416
0.13584802532815
0.1348864225979
0.1346564011657
0.13306544612406
0.13436520059711
0.13546983621483
0.13508223494991
0.13316133915503
0.13557069778894
0.13448342046347
0.13478941423652
0.13368803902394
0.13386818287585
0.13586770819814
0.13350334332665
0.13484735485326
0.13272985612425
0.13476222611918
0.1341505547485
0.1320161545736
0.13312028911088
0.13240731366029
0.13191807769036
0.13398866240703
0.13526495846563
0.13459726724472
0.13517826769821
0.13226899560929
0.13431563804825
0.13597949127265
0.13435633523083
0.13518955595511
0.13435394905446
0.13439442832242
0.13523573450385
0.13295086921718
0.1340002138456
0.13218813022174
0.13256521028764
0.13304123328221
0.13296927540197
0.13293417511433
0.13483971886853
0.13334738005429
0.13537016540068
0.13145901053369
0.13597508274829
0.13314062939909
0.13455538130767
0.13240697962162
0.13419630033244
0.13504261193299
0.1325925604466
0.1326746775124
0.13345461955789
0.13161716261167
0.13160269077778
0.13358691635368
0.13252188381412
0.13415024264763
0.13311332991462
0.13233999967056
0.13479306865861
0.13321995591487
0.13483323230304
0.13439539242402
0.1332228963317
0.13240066661873
0.13291660605415
0.13188396044329
0.13267527627916
0.13270451640528
0.13261568647422
0.13436645788042
0.13251687979212
0.13214939249242
0.13434995089417
0.1324690959373
0.13303933887075
0.13145386484334
0.13286321076934
0.13012271172437
0.13347461731905
0.13313944854484
0.13305813172051
0.13561743938617
0.13376602258934
0.13369766480442
0.13334909962243
0.1334549900811
0.1343899724912
0.13428245685309
0.13262826599259
0.13413693023389
0.13471597972669
0.13422352191857
0.13578518203808
0.13170500481723
0.13356382793246
0.13410294058298
0.13216000928775
0.13352796415464
0.13371634902049
0.13374130220119
0.13245884841345
0.13361165961013
0.13197973496758
0.13440267045288
0.13367704293985
0.13352950640091
0.1327658963324
0.1346985624601
0.13473006820272
0.1335143324585
0.1324528069566
0.13364558752752
0.13429820095179
0.13562057459547
0.13480029096548
0.13418875869364
0.1342397949994
0.13370999020238
0.13302994689176
0.1340809026015
0.13343682996012
0.13368914577452
0.13402639640522
0.13441814980252
0.13382285203709
0.1342842435918
0.13347181938743
0.13197683979538
0.13406199955473
0.13359907421126
0.13270743469555
0.13302831800939
0.1316298071557
0.1333410241389
0.13190769333174
0.13377602678212
0.13270147936882
0.1313936258948
0.13244391531945
0.13283701981371
0.13440409597442
0.13232797744512
0.13554630216058
0.13205277492835
0.13357778456686
0.13226160654387
0.13358674112504
0.1334636105963
0.13313416034174
0.13373690968169
0.13453190091229
0.13500791894682
0.133160312024
0.13246280064731
0.13280442934015
0.13237779058379
0.13338237586585
0.13062171143717
0.13398153753391
"n_200_d_15_tr_10_a_64x64_idx_2_p_flooding"
0.14226096610597
0.14312508205256
0.14291665104658
0.14218422390491
0.14314575853108
0.14257273660597
0.14099697857294
0.14255178654782
0.14320190860151
0.14097566226742
0.14313499867607
0.14093018920672
0.14059938449299
0.14298392661592
0.14027953113396
0.14329850084996
0.14086402751266
0.14247305618857
0.14256399212049
0.14339495228094
0.14237838751848
0.14272933339117
0.14266103526846
0.14247831612887
0.14356970724902
0.14309327609965
0.14249661322485
0.14344054907441
0.14048804021663
0.14356128797599
0.14245057969848
0.14293448009437
0.14371957712587
0.14322649962825
0.14251876835774
0.14207953058407
0.14296992599302
0.14354465285836
0.14383917916051
0.14227693321054
0.14139107674717
0.14300812777307
0.14360814683242
0.14316508181876
0.1412820568187
0.14324679970285
0.14274072034066
0.14317023882253
0.14179975059088
0.14209082800687
0.14339414182524
0.14179549605131
0.14277173173006
0.14204582631883
0.14258840935192
0.14237497561564
0.13999479700573
0.14101282388923
0.14101259074929
0.14114369902807
0.14268631654476
0.1435627872209
0.14260016445575
0.14345564768982
0.14004154215352
0.14290773577433
0.14392651272227
0.14296393221763
0.14312283524601
0.14132142436083
0.14253783321025
0.14293141984858
0.14138217361564
0.14121016584381
0.14095989182187
0.14038410888351
0.14111879974027
0.14190676739563
0.1418642114914
0.1422506367403
0.14081142741611
0.14351368221255
0.1400941696147
0.14353915996232
0.1412458014396
0.14190172981043
0.13953486937685
0.14147097898673
0.14315315445899
0.14065502661867
0.14083264182826
0.1421571172861
0.13891415738077
0.13977390401289
0.1417163367987
0.14063864937186
0.14213319719806
0.14114801117247
0.14005531534083
0.14361916523479
0.1416039682694
0.14290754849671
0.14206969630735
0.14152399802206
0.14025681619299
0.14015253652746
0.13871876493525
0.14136190344595
0.14112340540986
0.14084700557856
0.14227462021766
0.14084784704443
0.14034179170423
0.1423156378471
0.13960636624885
0.14109204129861
0.13856170761914
0.14127591089585
0.1388816589382
0.14024238169135
0.14081209553459
0.14084568780867
0.14304062287081
0.1415473100241
0.14062254272498
0.14174364203127
0.14171872350263
0.14232160809958
0.14236069482241
0.14056120838953
0.14278181344961
0.14220916209229
0.14144005891501
0.14367655543485
0.13941113558492
0.14120244690832
0.14093977904329
0.13916412795039
0.14133579195588
0.14013180869336
0.14100359255742
0.13939802558602
0.14023389932563
0.13925607972032
0.14323198187759
0.1408082183224
0.13952324012099
0.14029507247534
0.14281275952213
0.14230316896929
0.13963440840575
0.13870009674258
0.1404948429695
0.14269130493471
0.14337173756785
0.1422119514723
0.14202637127618
0.14313176128689
0.14136629663948
0.14167715225451
0.14112681630588
0.14038066076505
0.14161840360519
0.14031780292544
0.14231764874023
0.14197952174223
0.14210704174627
0.14120521760096
0.13999254851569
0.14125085605012
0.1419057436902
0.13972413213577
0.14121595969669
0.13860530593543
0.13974726833462
0.13881923229254
0.14133965837271
0.13947209652708
0.13884152060004
0.13809010798014
0.13769933368908
0.13885546923989
0.13832408684301
0.14292401579662
0.13910126279707
0.14055451792727
0.13887726236792
0.14157646785263
0.14038577761197
0.13926710172406
0.14145922960461
0.14278924589406
0.14274839669881
0.14106269149831
0.13991973746159
0.13971938567391
0.14035089753433
0.14068482006034
0.13908526091463
0.14076904738126
"n_200_d_15_tr_10_a_64x64_idx_2_p_mprt2"
0.13443730144676
0.13401616408685
0.13661176544513
0.13656397304562
0.13602072557985
0.13666176316687
0.13827660216066
0.13580692742487
0.13573195976114
0.13832772284917
0.13478448156828
0.13832889323784
0.1378172065608
0.13653078336343
0.13877944865838
0.13749224228026
0.13746639970745
0.13708832379686
0.13710591561726
0.13668891751776
0.13694451512741
0.13848608841315
0.13736672721283
0.13579890949761
0.1374929914713
0.13650108694811
0.13665895951834
0.13819907805833
0.13758106929348
0.13593619093621
0.13861810046965
0.13876163072405
0.13524731134295
0.13782864072512
0.13845948294265
0.13640317524645
0.13533427201601
0.13714018935747
0.13707530475624
0.13416336826214
0.13659742110623
0.13542295574222
0.1374859237083
0.13624584900978
0.137698044934
0.13425865714881
0.13529200426993
0.13751838990908
0.13616319986821
0.13642622224599
0.13560105182327
0.13785059461465
0.13656506122489
0.1384789450746
0.13638158201753
0.13651212510422
0.13760889098528
0.1355639157158
0.13636580916866
0.13523657418607
0.1330289207354
0.1383834310762
0.13734609333699
0.13684321254659
0.13852844517136
0.1385882981772
0.13460401373001
0.1364186740802
0.13615227588964
0.13440790763765
0.13779754425102
0.13776961722955
0.1365871209119
0.13634276999717
0.13638823827825
0.13809263640317
0.13819339682814
0.13684616843905
0.13567269829092
0.13860530048229
0.13844952087086
0.13862033465082
0.13594875304596
0.13627126194804
0.13721755676088
0.13558435720465
0.13535127073336
0.13891509533038
0.13589261238785
0.13844706992941
0.1384297862925
0.13822325322356
0.13554565253301
0.13843271302496
0.13697836908321
0.13768126141662
0.13833721900909
0.13755285879511
0.13854590440036
0.13607557892203
0.13547866700566
0.13773367449914
0.13691416245019
0.13671188111926
0.13604700407347
0.13640501871593
0.1365714196374
0.138771356986
0.134088281992
0.13489898543996
0.13604626044782
0.13895328755069
0.13781778352624
0.13408918829971
0.13836141225494
0.13821147213553
0.13583953012348
0.13801967521327
0.1382331693436
0.13717519790012
0.13681293204687
0.1381018053841
0.13589716995259
0.13637160884535
0.13708208225258
0.13637171118531
0.13589738831101
0.13708144483519
0.13591515290876
0.13400201619063
0.13455186602664
0.13687646904447
0.13744414770956
0.1360725948816
0.13437561615836
0.13602757135007
0.13803854574613
0.13865131098405
0.13542826397542
0.13807084226858
0.13653656884803
0.13825749207938
0.13518736394653
0.13722208213967
0.13790657331365
0.13707324567278
0.13616399982517
0.13677495287163
0.13543101524604
0.13630314089789
0.13799530812312
0.13528740594349
0.13553290117467
0.13564033985046
0.13494007671494
0.13380810552755
0.13524714735212
0.13716427176734
0.13690108317744
0.13605400400156
0.13633300967508
0.13743264435034
0.13717109516659
0.1361546830491
0.13660218018143
0.13596947322523
0.13580413176032
0.13603410370258
0.13684381915477
0.1355647039879
0.13523862457139
0.1357267021578
0.13719673354057
0.1355184967765
0.1374781653944
0.13563406548426
0.13721974434157
0.13462470296668
0.13773417974387
0.13724852657568
0.13603388329216
0.13595693692085
0.13619102993187
0.13429054040405
0.13422633945705
0.13379561477279
0.13383223740311
0.13449913849053
0.13577257276677
0.13344986237743
0.13615370257136
0.13693444822391
0.13383111795422
0.13487566192256
0.13458305841964
0.13652848349418
0.13653510978577
0.13582781369837
0.13552852543892
0.137274316248
"n_200_d_20_tr_10_a_56x56_idx_3_p_abba2"
0.13537047628673
0.1362097724719
0.13540798316893
0.13549909354766
0.13459688379366
0.13525726193885
0.13569750427689
0.13685547585873
0.13653986356312
0.13525420824719
0.13475406997397
0.13631057227174
0.13469705014562
0.13341275388979
0.13683146015418
0.1364133176771
0.13658503564489
0.13397572080608
0.13571009681296
0.13643229111479
0.13600877972143
0.13490128937862
0.13665473528152
0.13651143847326
0.13547891340508
0.13617965853579
0.13655563260553
0.13494679837815
0.13546887085199
0.1357813667609
0.13534007586426
0.1365456260298
0.13666287760917
0.13517151135991
0.13684123431276
0.13389504899425
0.13383428579926
0.13580447825733
0.13533569572569
0.1360180818135
0.1364024226429
0.13582436496292
0.13455933811737
0.13359742100199
0.1361798234147
0.13491991468845
0.13180427083547
0.13449404987064
0.13330450838755
0.13207157908609
0.13527204948105
0.13477598805753
0.13352495367239
0.13295026504233
0.13574147921984
0.13469920537487
0.13643777008972
0.1360691091186
0.13662180855418
0.13566862649968
0.13548879060041
0.13531178569175
0.13229078311838
0.13277620288036
0.13485902719136
0.13377962700678
0.13676252335507
0.13670697773673
0.13574914254589
0.13461974532929
0.13507781619743
0.13283033795003
0.13262190172939
0.13637966055472
0.133762161699
0.13607935056291
0.13585419284405
0.13420186121854
0.13414410187792
0.1346737968216
0.13441212950046
0.13582625093157
0.13352294688677
0.13500103408344
0.13299801305488
0.13596066020864
0.13656074688471
0.13203631795301
0.1349442778636
0.13190592169491
0.13586267369698
0.13400466133832
0.13498769059448
0.13234668728428
0.13425212865243
0.1336820532249
0.13548394525856
0.13345420139674
0.13680841021856
0.1336815762768
0.13511738987511
0.13691945285209
0.13336827664454
0.1343784820291
0.13490573437494
0.13664052309661
0.13308461534579
0.13341459591633
0.13325675627743
0.13411461513183
0.13377116057826
0.13602671988092
0.13656552823579
0.13571227614274
0.13355175027531
0.13538844559058
0.13307590327162
0.13298133037268
0.13686051995408
0.13510564890137
0.13327060792129
0.13402382897251
0.13635007023248
0.13332991077698
0.13284638496643
0.13338792963261
0.13344206496705
0.13295375127838
0.13264545195529
0.13372573924584
0.13335901809335
0.1328260696297
0.13257081326853
0.13328253914963
0.13336676489303
0.13580666492894
0.13357470046455
0.13462594833013
0.13374353426087
0.13579936574639
0.13331518736221
0.133838025234
0.13598330883527
0.13597825265103
0.13431000308118
0.13417651846778
0.13511159568145
0.13589796077569
0.13471344285074
0.13546498948241
0.13466206535832
0.13405528761514
0.13585758185056
0.13463697541837
0.13641407384855
0.13459215394801
0.13596839867266
0.1342361108071
0.13386673040679
0.13344172139599
0.13401218770446
0.13359323166188
0.13482144276776
0.13487517418404
0.13510799040906
0.13291642186742
0.13334052803907
0.13300381973768
0.13543274516271
0.13605740857763
0.13385232651637
0.13220386318319
0.1348829110047
0.13242772037288
0.13190732148315
0.13313544353883
0.1314318651399
0.13228060347873
0.1341570265124
0.13122271727188
0.1314744539831
0.13444363883942
0.13405187491165
0.13315385661487
0.13473250191129
0.13109677185325
0.13172254682269
0.13382706475962
0.13515095857976
0.13406278191835
0.13565218793012
0.13383669546365
0.13496415145712
0.13437736866019
0.13441183917485
0.13372270787691
0.1345048652975
0.13388017029203
0.13332696425369
0.1327891709402
"n_200_d_20_tr_10_a_56x56_idx_3_p_flooding"
0.14418862526045
0.14412077991172
0.14386114961798
0.14338696096393
0.14312365371262
0.14330858310328
0.14326647046807
0.1455624869262
0.14515012867971
0.14353539106743
0.14351265386371
0.14454487077874
0.14343586885364
0.14212135221832
0.14514824076054
0.14487031452235
0.14532867347302
0.14248662493683
0.14395052158201
0.14522514929998
0.14511966747726
0.14367715392946
0.14563222992018
0.14555738749633
0.14437283939905
0.14482449042276
0.14526543672912
0.14411663086676
0.14396350331541
0.14438634239489
0.14358846558138
0.14517257881363
0.14494922097771
0.14218070482388
0.14460441057193
0.14198278608777
0.14300285688551
0.14455453770546
0.14433371738712
0.14510150583629
0.14455898160839
0.1442237977311
0.14284998645189
0.14222067500793
0.14461980506893
0.1435916711134
0.14024789903055
0.14385614188567
0.14164453819658
0.14143785124546
0.14386599769765
0.14333759183298
0.14206573405686
0.14111724362888
0.14425898466681
0.14292758938708
0.14505612831095
0.14435807757094
0.14531742056131
0.14378261563575
0.14456394847988
0.14326788402136
0.1411617483134
0.14116618790366
0.14280101425509
0.14281749354232
0.14533051315348
0.14508990198012
0.14489289760596
0.14227589727356
0.1420697525046
0.14096036625118
0.14121772470167
0.1440720764796
0.14250642108559
0.14516703629049
0.1440871771367
0.14192824712453
0.14227231308918
0.14379900050939
0.14232517458122
0.14443984498128
0.14263465661239
0.14389761300883
0.141179897044
0.14466524659603
0.14476811835037
0.14077318933101
0.14390786303109
0.13943573967653
0.14511796630853
0.14167570635702
0.14339798152056
0.14095249551429
0.14132101370672
0.14219308570598
0.14386094614557
0.14140615501231
0.14494306204887
0.14170288812531
0.14398961758201
0.14489883838766
0.14281246695459
0.14063434927328
0.14332242166672
0.14491987289989
0.1404199107713
0.14081382835018
0.14116741738193
0.14343042472079
0.14136729860559
0.14513305391033
0.14511665406959
0.14463405462771
0.14298156256727
0.14415037729459
0.14103497326293
0.14030333279
0.1453312816797
0.1442285650998
0.14213295891538
0.14322376528824
0.14467448885383
0.14155366954126
0.14163450222596
0.14218931732247
0.14170916534299
0.14182666129295
0.14192843513606
0.14237473600144
0.14216195670749
0.14034061798614
0.14136918089716
0.14186844058683
0.14053088266295
0.14386487494413
0.14178602117284
0.14273084842327
0.14029272400228
0.14445622530565
0.14121407032803
0.14227260587833
0.14375153626747
0.14390084101766
0.14240838828411
0.14090144764515
0.14312589047471
0.14395131841988
0.14266973742812
0.14381682689647
0.14148660470792
0.14184480285537
0.14445320719976
0.14245941703551
0.14510143435929
0.14332116546519
0.14469682627997
0.14012638074647
0.1419106920102
0.1399892078144
0.14145266912379
0.14123420788343
0.14339224578364
0.14228465907943
0.14308736348345
0.13972180309692
0.13833593965491
0.14151942018203
0.14363819822712
0.14441888427532
0.14105318894293
0.13898890423686
0.14392382014156
0.13889877415735
0.13898017416282
0.14068758435758
0.13833738993701
0.13937651045922
0.14107225984532
0.13852974332094
0.13955750841514
0.14250005920967
0.14083667430614
0.14023742776633
0.14026669888845
0.1385870644226
0.13982724590371
0.1422273810505
0.14442534085423
0.14180521220756
0.14332226815029
0.14240694599619
0.14365623217967
0.14221513193794
0.14333925685565
0.14059830278638
0.14389719720173
0.14104331531853
0.14071364095835
0.13990331687111
"n_200_d_20_tr_10_a_56x56_idx_3_p_mprt2"
0.13531132272671
0.13453550246654
0.13893508746716
0.13590220495618
0.13587001749977
0.13799445967183
0.13822193391272
0.13703736381927
0.13719266590115
0.13765000708613
0.13857172160593
0.13624412326247
0.13870821312766
0.13701013273229
0.1390450720657
0.1385369273717
0.13671662658169
0.13641354822682
0.13792622958122
0.13938047947944
0.1380611796886
0.13854942322868
0.13713847305735
0.13678854663516
0.13711151323829
0.13751171575394
0.1386713130573
0.13804861417269
0.13904887366497
0.1361795884632
0.13766535866795
0.13697110724725
0.13674549521482
0.13605023694885
0.13816168966682
0.13771764457254
0.13940556872291
0.13847360822808
0.13795085159187
0.13648361976982
0.13659448583945
0.13831190161158
0.13547107984571
0.13747458120649
0.13778332436108
0.13604616063847
0.1367630797917
0.13552350771952
0.13563165858121
0.13542391053065
0.13672438913782
0.13566672315563
0.13537270971039
0.13809080793167
0.1372316161053
0.13729633574128
0.13780655110192
0.1344134899633
0.13604475859636
0.1371844913483
0.13703648363054
0.13746123787776
0.13729142384684
0.13616412742059
0.13587096933979
0.13543253876939
0.13603292896848
0.13703435905689
0.1378156042784
0.13522694944621
0.13700967807779
0.13577352559234
0.13829974644799
0.13663881926326
0.13655136665822
0.13554840437357
0.13614657363385
0.13521560166824
0.13721825955525
0.13467875745755
0.13707355498468
0.13478845351844
0.13763302502473
0.13856737969115
0.13653595136741
0.13534907230774
0.13767707994766
0.13426295329373
0.13433874077855
0.13585566771016
0.13839741175215
0.13556855334068
0.13621779608779
0.13690713944971
0.13840759575124
0.13462305217081
0.13581901495256
0.1349178460298
0.13472743323321
0.13864789017034
0.13788063309345
0.13463027504807
0.13466035154184
0.13578819855089
0.13492637436899
0.13697964471529
0.13641675038309
0.13868681171755
0.13447391142496
0.13773753541806
0.13640633453423
0.13566632124644
0.13795234801201
0.13500535188576
0.13542573304042
0.13728513429763
0.13649925664867
0.13515321586867
0.13533650621447
0.13835854764794
0.13472801119869
0.13734768619342
0.13782327068143
0.1369633787943
0.13691031689458
0.1381885178143
0.1382903083038
0.13829290871734
0.1354369952524
0.13621238021134
0.13422188038853
0.13527417572322
0.1377120892492
0.13699720625283
0.13653396896071
0.13610763977159
0.13793131202535
0.1346472877365
0.13523337197763
0.13708471847437
0.13553089525819
0.13789984838908
0.13676487574123
0.13597888753627
0.13628854823233
0.13664394212104
0.13732499355081
0.13714262456809
0.13672989436316
0.1362590140714
0.13580296838803
0.13737824157218
0.1363112941178
0.13609067450552
0.13676532810391
0.13705744503531
0.13368759542169
0.13602886114391
0.13553002645817
0.13239302130889
0.13738219762057
0.13765552237387
0.13897130907176
0.13712275695684
0.13740059967531
0.13621955883021
0.13560571562282
0.13609267978109
0.13722981936474
0.13758967675628
0.1356818111212
0.13675894405322
0.13721116817924
0.1375437963449
0.13492468894054
0.13533976232573
0.13698371980099
0.13404386734383
0.13578620612803
0.1335341581894
0.13463710037539
0.13570607045497
0.13451057413698
0.13499476977687
0.1356139978359
0.13271461602751
0.1346781439106
0.1365236568116
0.13827417397951
0.13575131773125
0.13540904271722
0.13632924995592
0.13617533992962
0.13592141276205
0.13723942176398
0.13686211024936
0.13577196513308
0.13489853692041
0.13588453058369
0.1343677956056
"n_200_d_25_tr_10_a_50x50_idx_4_p_abba2"
0.1346471047882
0.13371349647931
0.13347092849645
0.13152494307894
0.13331762796371
0.13538205029082
0.13738115169116
0.13621965168043
0.13434055383199
0.13398915250676
0.13613456691722
0.134976109783
0.13680014987868
0.1356343472257
0.13600023537502
0.13636686882396
0.13594732709194
0.13235054545025
0.13536644241308
0.1336630351665
0.13528063756498
0.13310095646732
0.13608958681196
0.13184506494345
0.13475000732308
0.1352668865846
0.13519584275087
0.134102230388
0.13505483373986
0.131972598359
0.13670019170298
0.13529227224066
0.13534140912277
0.1340330225073
0.13301318291896
0.13251247805092
0.13601812134007
0.1333553843075
0.13523565596392
0.13706068575559
0.134759497934
0.13260271390761
0.13201135404534
0.13502957184739
0.13568817268643
0.13382223610551
0.13589297664198
0.13526329956685
0.13788845264447
0.13636215603681
0.13283523360969
0.1360801302187
0.1328542528159
0.13812847787966
0.13768570549025
0.13584594003513
0.1365641056808
0.13255673942842
0.13315125744723
0.13195987411866
0.13648138337932
0.13437579685016
0.13592991573969
0.13690276117167
0.1341172947338
0.13636284112975
0.13774892634374
0.13603620679015
0.13731397133356
0.13681080790134
0.1369113641168
0.13577175554301
0.13342622930578
0.13585352119973
0.13486918756575
0.13331375086631
0.13731666936765
0.13275407748472
0.13501117912362
0.13558588473184
0.13581113001698
0.13777668367327
0.13520284472085
0.1351349096639
0.13590597491296
0.13724293682114
0.13636516958178
0.13194250929486
0.13310219283806
0.1330618932158
0.13411606436573
0.13583452828676
0.13185381641538
0.1344006858007
0.13447817059128
0.13479485505063
0.13455346995902
0.13649405909439
0.13490357389191
0.1333431573978
0.13405578517812
0.13621484495416
0.1367548482905
0.13378388773713
0.13438492032723
0.13392101421609
0.137350873334
0.13445416020481
0.13616613766647
0.13611811628814
0.13704952444334
0.13375566658821
0.13497883676145
0.13642808944159
0.13454260891269
0.13672418406321
0.13545372302786
0.1355600350397
0.13706675359338
0.13403210886821
0.13777358807578
0.13542883521834
0.13441744505011
0.1315151807877
0.13727518120911
0.13408388593523
0.1334440956698
0.13642693372001
0.13741164438739
0.13562498291897
0.13699849181359
0.1342348800662
0.1357496918836
0.13403543080002
0.13627875847795
0.13613750647907
0.13506344096417
0.13566127287001
0.13697497715328
0.13505582311266
0.13534087271517
0.13308747409424
0.13628855464742
0.1363130128621
0.13773588754988
0.13387830619891
0.13668018840749
0.135457524199
0.13555434390148
0.13793921926426
0.13758554044977
0.13268018516873
0.13400520941561
0.1331359663776
0.13333927251975
0.1352758635437
0.13297438694542
0.13680861409707
0.13439293133491
0.13367280271467
0.13496681517791
0.1348341548041
0.13690913042903
0.13240342678606
0.13409964803201
0.13409403115863
0.13356334617283
0.13606709749851
0.13317685324923
0.13375253541535
0.1362274694564
0.13674810053455
0.13735065984553
0.13496335408668
0.13388059073727
0.13488863602748
0.1342416908473
0.13521125842771
0.13593411683285
0.13553079733633
0.13463878272533
0.13382597205628
0.13398983467683
0.13632829513045
0.13488776508037
0.13361860420798
0.1342990451803
0.13443089206394
0.13470057344933
0.13760619462985
0.13627945288883
0.13564636551885
0.13774899502727
0.13684893640414
0.13676763601197
0.13628074536547
0.13394015528309
0.13652787180267
0.13665367190048
0.1379255650633
"n_200_d_25_tr_10_a_50x50_idx_4_p_flooding"
0.14318328193609
0.14311230783841
0.14282929045177
0.14121429192491
0.14208826775072
0.14500041429516
0.14596434252438
0.14502239764897
0.14262242399309
0.14365556063445
0.14499150441852
0.14385875573443
0.14619550302423
0.14368015858481
0.14487756527252
0.14535552550412
0.1436974765843
0.14158820129271
0.14347598405537
0.14226747182658
0.14401675642916
0.14133616187862
0.14524884350917
0.14126107510159
0.14237774988463
0.14390758601462
0.1442257277963
0.14187998811728
0.14422035365597
0.1403394080969
0.14562271505268
0.14378392291372
0.14490876603079
0.1433914137704
0.1418829585949
0.1412455282301
0.14424181403888
0.14178303922283
0.14405874070363
0.14621725238609
0.1435101487892
0.14154726701093
0.14132317159599
0.14442979524569
0.14403702373359
0.14255568089698
0.14511837609649
0.1442280780501
0.14657772248529
0.14514790620261
0.14082811576394
0.14557169701148
0.14202392913843
0.14670080972019
0.14661486536559
0.14452951699698
0.14575279926694
0.14162182819147
0.14166824464551
0.14053697808208
0.14534778119828
0.14325406987738
0.14382227726647
0.14619771020128
0.14296317708788
0.14415202833315
0.14606315021944
0.14470707332965
0.14606235516355
0.14595759381605
0.14640698456505
0.14301721145149
0.14280770293127
0.14383436508877
0.14295189240466
0.14192465043445
0.14669722736343
0.14153370615591
0.14210611058101
0.14443074122718
0.14460463580487
0.14663894774088
0.14265522354352
0.14316907666147
0.14459113011433
0.14590719908009
0.14511787646796
0.14032013194191
0.14194296200569
0.14163453091048
0.14229654426713
0.14445168583415
0.14115576475715
0.14302525764909
0.14263392428593
0.1440440182375
0.14298305995217
0.14530580647406
0.14332935629972
0.1417591374811
0.14339016544277
0.14512596713407
0.14459638137232
0.14271813458942
0.14333774422882
0.14331810465963
0.1460258235363
0.14262306503664
0.14453142938529
0.1444635241905
0.14572183504885
0.14078757286438
0.14386588031025
0.1450211271457
0.14316484052067
0.14584958058565
0.14438605666031
0.1443208484963
0.14595792194341
0.1406605157977
0.14614329080481
0.14481351736805
0.14282415205547
0.14130224825425
0.14597805066412
0.14265258909444
0.14250584483114
0.14471108418936
0.14586971154851
0.14414462489692
0.14530154145139
0.14315200775597
0.14406779478064
0.142788151403
0.14362573260854
0.14319443824834
0.14351222047568
0.14427062836951
0.14602631709585
0.14374278600979
0.14296892535224
0.14143857078408
0.14485657781894
0.14501387456019
0.14586933275404
0.14158053331369
0.14516978785636
0.14270309629768
0.14332536183356
0.14631180444719
0.14616080555412
0.14156458721896
0.14245873219671
0.1412299030129
0.14161452334883
0.14405874184743
0.14132171111665
0.14579022223839
0.14356754577255
0.14205128463016
0.14445343935218
0.14371570737993
0.14613230369151
0.14170738080484
0.14348476893918
0.14237156123467
0.14169433235569
0.14407588124969
0.14167957069109
0.14297058457943
0.14497826976983
0.14506706249039
0.14582934992088
0.14319789580237
0.1421666974634
0.14209486375387
0.14224473280486
0.14303457470397
0.14514559895446
0.14377344579942
0.14202220614977
0.1399300077496
0.14040828572607
0.14505113304522
0.14197686335138
0.14080321164753
0.14083105358969
0.13973812266858
0.13997300576519
0.14649047893657
0.14454370284368
0.14443545617327
0.14647447791379
0.14511162547691
0.145761011384
0.14524821419493
0.142655969448
0.1447298172433
0.14581254882578
0.14681059700156
"n_200_d_25_tr_10_a_50x50_idx_4_p_mprt2"
0.13601078714976
0.13425587846273
0.13558827785581
0.13517329082968
0.13509411060329
0.13612697608578
0.13778353858704
0.13564085809925
0.13707668643738
0.13710346212873
0.13678634825002
0.13531928364271
0.13694682394999
0.13656191642463
0.13656486515811
0.13661451128745
0.13607691244282
0.13521799088658
0.13698330989406
0.13639517243213
0.13468965876291
0.13658968039719
0.13578157311471
0.13638584855748
0.13650521233354
0.13641010780922
0.13677864150612
0.13630830063795
0.13652318698467
0.13676357709665
0.13648917755295
0.13720510371952
0.13688804382852
0.13645525854842
0.13593393731847
0.13656915602569
0.13695593233393
0.1361176811713
0.13552447456127
0.13523678812515
0.13587749242125
0.13808881757704
0.13608901171848
0.13645710560468
0.1367230873771
0.13740252674179
0.13437024268029
0.13593569328401
0.13548259366348
0.13616396884905
0.13579358338855
0.13708646530508
0.13538816713541
0.1378511793377
0.13654053775406
0.13708187181781
0.13809517078238
0.13847491183407
0.13642177507455
0.13632542668557
0.13317094045383
0.13793259646469
0.13632134109739
0.13625462300684
0.13695229782265
0.13534748264332
0.13699103111739
0.13764196920797
0.13654771881541
0.1351517995006
0.13630670419739
0.13737179896249
0.13760083907461
0.1353291743863
0.13591437708364
0.13618856118135
0.13648707745839
0.13725000522451
0.13414138265448
0.13591948481647
0.13569890399635
0.13763619690683
0.1378275116499
0.13564060709242
0.13559751082679
0.13767196757339
0.13688840082925
0.13369676258203
0.13826371342338
0.13597797325828
0.13693565673808
0.13610108881659
0.13612700616654
0.13518782804928
0.13553798627589
0.13543511729279
0.13588775387554
0.13547185888119
0.13563836187063
0.13754496319318
0.13401762342112
0.13515106748432
0.13350771788395
0.13331639831385
0.13477787263861
0.13671282274421
0.13426018174754
0.13415285469108
0.13642854571191
0.1339402849533
0.13581762263588
0.1350783166043
0.13641460067457
0.13725249452219
0.13481415194859
0.1364144723927
0.13470754820449
0.1354819926343
0.13372717689451
0.13681546940409
0.13775357636752
0.13495879242174
0.1367439469981
0.13584864047429
0.13589040613626
0.13561414512365
0.13670220561945
0.13456850451003
0.13656583950832
0.13568420655714
0.13612055286072
0.13555720693556
0.13604243022697
0.13778370406606
0.13563357953314
0.13812985764553
0.13799514623417
0.13545277360012
0.13703422291312
0.13706571600651
0.13703724065082
0.13784832288342
0.13455485894866
0.13617364341318
0.13769073127897
0.13287272573833
0.13719672436298
0.13471693262689
0.13488964496032
0.13552846067922
0.13643954908958
0.13441766619438
0.13720897654852
0.13521796100198
0.1347531516762
0.13510486195501
0.13408156507146
0.13540472725348
0.13645701589703
0.13433636182128
0.13570087985697
0.13551771225203
0.13520446831946
0.13395297660906
0.13528606476055
0.13558276950094
0.13570777930179
0.13544961674272
0.13704782162491
0.13662760679971
0.1344278424608
0.13539058310636
0.13706773391862
0.13463854400168
0.13735983903926
0.13299607378771
0.13611681254398
0.13601714549639
0.13667688760145
0.13823762510894
0.1359940805135
0.13610198720798
0.1356519146698
0.13449473476856
0.13622255291721
0.13638996632778
0.13643944978833
0.13616113941883
0.13515844041307
0.13549497306455
0.13543345398906
0.13727537958769
0.13710796059524
0.13692366233617
0.13521852070932
0.1359559182158
0.13677987944551
0.13569761338848
0.13560292977455
0.13646723699823
"n_200_d_30_tr_10_a_45x45_idx_5_p_abba2"
0.1355659689566
0.13207426856429
0.136375712764
0.13445723345383
0.13348113457632
0.13781703048117
0.13496454766705
0.13598305613974
0.13708033980873
0.13702220266114
0.13395641017605
0.13688533980631
0.13537553406692
0.13403452441177
0.13697158762264
0.13489711824387
0.13314473702004
0.1362480088879
0.13736032998474
0.13490459669535
0.13770585003586
0.13389156707869
0.13811103758305
0.13672786916593
0.1341161544594
0.13432724780819
0.13395987678905
0.13616966588108
0.13583872910375
0.13269715383662
0.13724264012251
0.13605448024389
0.1320726636631
0.13268724456417
0.1342739534731
0.13517491853655
0.13541515454653
0.13777516239581
0.13786831704322
0.13781540041106
0.13341008872254
0.13741815579666
0.13746363895965
0.13279090679065
0.13374158094206
0.13224188563819
0.13211768703862
0.13388026915843
0.13427516093912
0.13557174920956
0.13206976683745
0.13697941687963
0.13287546399088
0.13677462934809
0.13655774478915
0.13750376636146
0.13659861054925
0.13410431612613
0.13759422010646
0.13776706577882
0.13879712206507
0.13818400799144
0.13377234362122
0.13267374553614
0.13385556147809
0.13309115319179
0.13392461752873
0.1343112720688
0.13295466010672
0.13602785628326
0.13474682840653
0.1330746833179
0.13286841876949
0.1334389258036
0.13322533524321
0.13539914514147
0.13766257701271
0.13456621705617
0.13405281244595
0.13361280547495
0.13559795476375
0.13878955113646
0.13679986475278
0.13372703592441
0.13793980700746
0.13853453612666
0.13868143734701
0.13721822249791
0.13711679474575
0.13790180674717
0.13860049848875
0.13297505220223
0.13511855306922
0.13887809601046
0.13301739980944
0.13258214705655
0.13271688243825
0.13301800270506
0.13616516239686
0.13671533904767
0.13831265497072
0.13355703002685
0.13603055727421
0.13661092246012
0.13339119976992
0.13538058568546
0.13554440383602
0.13883416736578
0.138565945393
0.13792404306024
0.13644455598264
0.13825912921907
0.13562273044968
0.13802712771688
0.13486804551568
0.13426837820652
0.13597494811944
0.13524975489634
0.13749165975053
0.13541143475484
0.13520450005082
0.13511395795777
0.13390863453848
0.1347332550542
0.13822042996471
0.13860077720111
0.13576048484697
0.13441820912733
0.13350729709807
0.13265807940892
0.13553332947747
0.13732874543861
0.13569986212094
0.13814623111704
0.13642968102925
0.1344835087097
0.13723450502842
0.13481432416703
0.13695415977037
0.1348902673651
0.13728436270699
0.13710592394865
0.13464102235376
0.13797720368211
0.13596058370393
0.13541315645437
0.1368310323788
0.13549789313455
0.13720110151731
0.1362903981594
0.13801243373223
0.13672389558483
0.13855046889088
0.13715194057758
0.13646368237649
0.13620815881198
0.13718846429705
0.13508443006078
0.13801461232291
0.1367867114901
0.13719803891537
0.13422065223284
0.13581638668249
0.13473491198446
0.13499511793063
0.136399624922
0.13478443281715
0.1376733378911
0.1345883024803
0.13568773157493
0.13581378737407
0.1361882332353
0.13572225936738
0.13406266530131
0.13423642008455
0.13810262600897
0.13523499418509
0.13358047429241
0.13422947472143
0.13629895452539
0.13679803674899
0.13448485597149
0.13652661454768
0.13433648366711
0.1359967620429
0.13599260416443
0.13786521057252
0.13604340506697
0.1331094101917
0.1353990100936
0.13316912388587
0.13631013216394
0.13489477791386
0.13325742201866
0.13679454862272
0.13390860685935
0.13481438379775
0.13342401009319
0.13321932259522
0.13291911381203
"n_200_d_30_tr_10_a_45x45_idx_5_p_flooding"
0.14379433808341
0.14082030255108
0.14475743902042
0.14279087843379
0.14212088630097
0.14690750647436
0.14259222544937
0.14456332032023
0.14650869859129
0.14601571662922
0.14317603247693
0.14629198032442
0.14358927889516
0.14294760101986
0.14481139269282
0.1427581631995
0.14259912378533
0.14474921776057
0.14623335215629
0.14389382224628
0.14688527992323
0.14349149736794
0.14691461585745
0.14609395670805
0.14350383732088
0.14365931749673
0.14315552583255
0.14422123069102
0.14336849902813
0.14122816343277
0.14568514855825
0.14503208941726
0.14065768644122
0.14126995057819
0.14321963401615
0.14439521441827
0.14396704996758
0.14653436284521
0.14636976462639
0.14660289344207
0.14261374728029
0.14606267292383
0.14615212993135
0.14076349816785
0.14310461996241
0.14129051327235
0.14071902339527
0.14194350953145
0.14370974179043
0.14437664675806
0.14123693332436
0.14603299810703
0.14198144192177
0.14577340555453
0.14553285498581
0.14637420559108
0.1452885385153
0.14340250665271
0.14637054979948
0.14622483392136
0.14700961170819
0.14701715616413
0.14298080577915
0.14124893202251
0.14272537146444
0.14171865020095
0.14376989700156
0.14332605131127
0.14178854322136
0.14459089363538
0.14426632232578
0.14188075618943
0.14067959343841
0.1428138984453
0.14137373741718
0.14374187850261
0.14651925979828
0.14389430524381
0.14136304840107
0.14253915540021
0.14484623014028
0.14741787191206
0.14479537972346
0.14208816168328
0.14624830608864
0.14639666963948
0.14781182511452
0.14640388130755
0.14499995476568
0.14675018732473
0.14703376775659
0.14226036853904
0.14420695443419
0.14756511465214
0.14301630094548
0.14105723076194
0.14132753091974
0.14265737417147
0.14471726968152
0.14576903143936
0.14723681708016
0.14209769063796
0.14489154598064
0.14623107413391
0.14198045740632
0.14431401670492
0.14454724557982
0.14745970408377
0.14737852297548
0.14649771570157
0.14532327225048
0.1473662196068
0.14426488010942
0.14714694181362
0.14403665334978
0.14342752593295
0.14407964817493
0.14393238883047
0.1463880393117
0.14449143749066
0.14422279764769
0.14279370181556
0.14354637434842
0.14352997275313
0.14690711719441
0.14698123604587
0.14359610760237
0.14320882769056
0.14266316950176
0.1416441107544
0.14416464244033
0.14686564861623
0.14491434214401
0.1465459246858
0.14490343871957
0.14263328149305
0.1460513285444
0.14269869487869
0.14660094508562
0.14377699315635
0.14655763950458
0.14609241236121
0.14432405968183
0.14688437052356
0.14442236520821
0.14311273890675
0.14580366136644
0.14422186516482
0.14612861070344
0.14544505231003
0.14661382986722
0.14579304375981
0.14771219867064
0.14553075032802
0.14457173781335
0.14525813421332
0.14656897575636
0.14403157890644
0.14735063158601
0.14556326315929
0.14592335162275
0.14299309086007
0.1446246133336
0.14208694779625
0.1436086026378
0.14449889067034
0.14384205417915
0.14640500276287
0.14223487939774
0.14436760788763
0.14330341721426
0.14475189875251
0.14467527972757
0.14150051861035
0.14288189096771
0.14717894897888
0.14251940462012
0.14288081208026
0.1430377672997
0.14574669864317
0.14515776580709
0.14356668143805
0.14559473543304
0.14343140519075
0.14481037557676
0.14454337195067
0.14611686667082
0.14507482347551
0.14268179102983
0.14391738020933
0.14160837003422
0.14513528676603
0.14384943318284
0.14218729480815
0.14589053031569
0.14187831014234
0.14343429930719
0.14177567105006
0.14235769390297
0.14192034505708
"n_200_d_30_tr_10_a_45x45_idx_5_p_mprt2"
0.13449968511423
0.13289360856731
0.134203381421
0.13404997153296
0.13612007903028
0.13439673504044
0.13545044500174
0.13327712025699
0.13368133220479
0.13481257303666
0.13409559330068
0.1361914761863
0.13469018276827
0.13383563404591
0.1335309598193
0.1341137486964
0.13564880593917
0.13462159946945
0.13653345001464
0.13637100412946
0.1353560357451
0.13444900196419
0.13348083115284
0.13444675053338
0.13353901974876
0.13410106937814
0.13278671118626
0.13700211330691
0.13384281893863
0.13440811198139
0.13573427673536
0.13537203950054
0.13407328825293
0.13360810159715
0.13397874121888
0.13544196367967
0.13383167348673
0.13361269335192
0.1352480184
0.13382185829601
0.13433673684575
0.13518913768018
0.13367859337533
0.13594115584904
0.1360187224686
0.13571387181548
0.13453985281228
0.13621594104176
0.13519474815848
0.13623899431837
0.13625410149854
0.13405461279523
0.13646324697559
0.13463335745996
0.13567374281352
0.13676527671553
0.13418565010221
0.13332172775925
0.13553797566037
0.13485458078345
0.1369244867902
0.13495941350253
0.13679629850074
0.13630011047174
0.13723427246639
0.1353624710095
0.1342157553284
0.13488946007007
0.13465220225836
0.13583742217661
0.13465989125044
0.13457443269605
0.13472016006516
0.13565257034457
0.13519759928629
0.13567349820866
0.1331372702683
0.13410675842301
0.13490664249158
0.13232570165509
0.1353576783198
0.13351397939119
0.13601862414695
0.13318733833334
0.13332669258719
0.13642231028511
0.13382104884661
0.13444067198673
0.13427560480607
0.13404627840224
0.13605773329479
0.13596623479065
0.13545683628785
0.13426248937156
0.13438348965597
0.13343047511788
0.13642313269535
0.13456289319716
0.13327278367186
0.13551714828686
0.13596595998439
0.13616093756546
0.13413591204303
0.13373838125581
0.13519010126249
0.13501709815138
0.13448900252738
0.13336055468624
0.13561045900765
0.13559850230119
0.13662989919864
0.13540248618994
0.13265863528157
0.13363540488939
0.13491624588465
0.1342795465892
0.1330093177691
0.13473781396705
0.1356221029087
0.1350332080213
0.13613208794446
0.13509215985245
0.1348514223623
0.13516359009518
0.13508345882208
0.13309961035557
0.13445061364713
0.13477943025523
0.13617733210155
0.13414484862519
0.13507275284946
0.13334274128396
0.13328639261274
0.13426040600917
0.13350539312229
0.13400174428019
0.13447881501018
0.13385950086518
0.13376589932106
0.13358013217546
0.13434856571203
0.13404914640963
0.13379654178712
0.13577216932775
0.13481037173679
0.13334913063868
0.13690314786888
0.13407782559586
0.13619984871806
0.13591707025526
0.13263127396145
0.13430809383356
0.13706141121053
0.13541902927294
0.13660778963438
0.13488605167486
0.13558079071684
0.13313965413048
0.13615138679148
0.13329075644537
0.13711361420819
0.13368820582456
0.13586506492026
0.13598966870008
0.13454844442458
0.13623702319545
0.13482810234637
0.13692434865214
0.13533701653778
0.1346791892976
0.13260760300557
0.13411305839401
0.13402835232322
0.13266563226682
0.13321588866603
0.13665844681125
0.13478923312543
0.13397074221797
0.13675713912476
0.13386073423575
0.1343992585386
0.13377539587671
0.13517522040739
0.13405705180299
0.13480043739112
0.13527970359155
0.13575098853889
0.13489810011328
0.13308290081531
0.13403139941434
0.13425461407605
0.13460255905617
0.13440741840847
0.13335937963203
0.13503779186117
0.13355264234399
0.13380358458397
0.1316719957136
0.13341566904653
0.13366854214668
"n_200_d_35_tr_10_a_42x42_idx_6_p_abba2"
0.13618346283666
0.13767680177311
0.13559553221823
0.13909743142377
0.13568448820057
0.1356654838779
0.13665576640123
0.13944957328836
0.13623707361348
0.13647902723001
0.13631797775465
0.13846817068891
0.13667458089814
0.13665052843012
0.13826609910435
0.13884770188347
0.1368385799047
0.13587891183672
0.13538028836052
0.13917614765552
0.13890167697677
0.13900729463801
0.13840565090482
0.13537855543165
0.13719219413933
0.1357643156342
0.13649448910718
0.13891043140167
0.13617647347893
0.13434036366043
0.13823527302555
0.13617297163345
0.13490535404702
0.13583737380333
0.1373988550857
0.13812841096584
0.13888868512924
0.13539291869391
0.13507614525702
0.13506070303061
0.13633082329624
0.1365892347739
0.13780692948051
0.1403736448075
0.13802473843024
0.13601904173447
0.13446846981223
0.13806834834955
0.13920818552923
0.13765859212089
0.13498240194039
0.13652190153844
0.13842774391041
0.13744048262352
0.13540539408001
0.13965036554568
0.13745205932688
0.1365614192967
0.13630497673625
0.13949465096947
0.13855332688016
0.13974616827582
0.13873625931994
0.13400655536062
0.13799595763128
0.13696273150144
0.13888636421907
0.13709376828135
0.13845780963686
0.13782506887941
0.13495923834043
0.13987671408172
0.13797214037213
0.1398167202418
0.13710916148935
0.13650474292251
0.13722936451181
0.13875305646418
0.1398486138643
0.1390806412625
0.13605144487317
0.13825717032659
0.13952847075818
0.13687128911907
0.13571727791858
0.13743989788385
0.13585532860848
0.13369880069888
0.13709895772825
0.13857439058427
0.13537541802328
0.13973699445221
0.13878132564786
0.13800308578161
0.1388014460877
0.13653318506168
0.13392032513319
0.14007445324987
0.13578404565613
0.13999731119962
0.13779603215952
0.13731453027281
0.13848595575524
0.13815273327902
0.136107052063
0.1359830607925
0.13444260740521
0.13459024519235
0.1375044872324
0.13686335437655
0.13654527072141
0.13620305704371
0.13899509523875
0.13697617286133
0.13734203150994
0.13741449497194
0.13648988230444
0.13400313296276
0.13944681165983
0.13609485559922
0.13960458544562
0.13506993987402
0.13582443401724
0.13643103687377
0.13904554428285
0.13328216620336
0.13647058175681
0.13758954050464
0.13974154091232
0.13819270337009
0.13415014696705
0.13715696183349
0.13316580613231
0.13400095018233
0.13812918095085
0.13342013353594
0.1338039293146
0.1379812211059
0.1367772210979
0.13510127480791
0.13614954842619
0.13865858880808
0.13363206568956
0.13603279214405
0.13656410813601
0.13548389797567
0.13927930878893
0.13426442843589
0.13523382330461
0.13365742686473
0.13246613812972
0.13497669596127
0.13622683904744
0.1356931769559
0.13714246769741
0.13589579021749
0.13667707656023
0.1345615772134
0.13953826611455
0.13637119976937
0.13375172860539
0.13540042951609
0.13552363300449
0.13361825829237
0.1358614267847
0.13746574989665
0.13632662465296
0.1357185423103
0.13594141733507
0.13611727495563
0.13758518723668
0.13906629589502
0.13807963458643
0.13960768429103
0.13612698340625
0.13808462724534
0.13818508581795
0.13771912036683
0.13812008628362
0.13760212580554
0.13734777008708
0.13620755289566
0.1350237645635
0.13354592208539
0.13325980320985
0.13785141394262
0.13534160664938
0.1371591021539
0.13656883283071
0.13847365613651
0.13541969198398
0.13499103933996
0.13573492499589
0.13685181050075
0.13637675914151
0.13622003874113
0.13553932350677
0.13461044609306
0.13561363847856
0.13664795348025
"n_200_d_35_tr_10_a_42x42_idx_6_p_flooding"
0.14582955402258
0.14679808429118
0.14448811030262
0.14839732180221
0.14416371285873
0.14427044879735
0.14629119034273
0.14827456976326
0.14593389665904
0.14614269404174
0.14404716833183
0.14734390852842
0.14582324595354
0.14611978735647
0.14718031826369
0.147587584259
0.14559781785449
0.14381854067897
0.14475219195343
0.14796507225884
0.14798095245608
0.14815739687111
0.14726678176297
0.14451526160767
0.14631953359181
0.14471867687417
0.14511208360249
0.14839885216487
0.14576341671178
0.14241635521053
0.14735966743496
0.14552901095886
0.14401541154206
0.14405287241211
0.14654722015369
0.14735466773963
0.14804375127367
0.14508019122097
0.14415238572067
0.14400166695066
0.14487203177955
0.14480888487945
0.14684245506617
0.14970690486122
0.14693422298614
0.14549824796188
0.14391900754729
0.14732892881002
0.14836278026906
0.14674212611299
0.14367667918356
0.14471590868753
0.14764783587814
0.14702795339114
0.14375872409361
0.14900897496471
0.14618919152708
0.14499446078134
0.14515399389794
0.14866713327704
0.14743624061096
0.14855173748248
0.1481440523015
0.14332353585127
0.14750466156826
0.1458016551423
0.14847296843895
0.14693892153515
0.14733450815186
0.1471427375192
0.1434889873535
0.14867905545064
0.14630438727861
0.14878428652717
0.14622307646172
0.14457641481411
0.14642033927861
0.14792595971244
0.1490149502753
0.14814649736166
0.14513363049628
0.14765368556216
0.14897024483097
0.14565690730483
0.14398093616898
0.14594484502869
0.14534155639658
0.14344220340276
0.14603576808351
0.14713234308724
0.14413171708316
0.14886449987859
0.147615691608
0.14719158278403
0.14815665778105
0.14530117350247
0.14284690608768
0.1481266766544
0.14384998469264
0.14907383523084
0.14671671008831
0.14661935299903
0.14735823405787
0.14576851781753
0.14490081446467
0.14441523258255
0.14357550645259
0.14321088238108
0.1464973917482
0.14549778414479
0.14551166346609
0.14554821795329
0.14799670549762
0.14594669516841
0.14644819507482
0.14573945143445
0.1434109115185
0.14341909914116
0.14829804900899
0.1449600654035
0.14844514635164
0.1437696808487
0.14502140186307
0.1451106814068
0.14797526603219
0.14151533868303
0.14527226561388
0.14677225976795
0.14878448974446
0.14740096485485
0.14230537314125
0.14626176807541
0.14218305813711
0.14351579444102
0.14648414531103
0.14238937157152
0.14239933577428
0.14700288640426
0.14543977078872
0.14420842110882
0.14492808380313
0.14765189040693
0.14312786069588
0.14427430218773
0.14561305643648
0.14469995472781
0.14769117983532
0.14322011364977
0.14421078639491
0.1418397167868
0.14149610466382
0.14323596006091
0.14445134982852
0.1449292487733
0.1458985587501
0.14498991868039
0.14596398814058
0.14268263737191
0.14832299612768
0.14556828659452
0.14293357219343
0.14451383751632
0.14394831151346
0.14243948685402
0.14482668331973
0.14642829744635
0.14502261886905
0.14489000606215
0.14412814096097
0.14484983074397
0.14708365794312
0.14809055766586
0.147221334606
0.14870774744288
0.1445500666476
0.14724799107369
0.14718302378535
0.14732564206135
0.14657447797496
0.14635713493602
0.14623855377687
0.14492964016801
0.14406584273578
0.14266497297976
0.14096550729585
0.14659072268127
0.14441132793814
0.14646571264192
0.14546528589579
0.14678101767789
0.14245105288769
0.14286174268256
0.14417375068639
0.14561171568601
0.14409983652343
0.14480125991281
0.14413127816447
0.1422714144015
0.14458309492985
0.14491903903047
"n_200_d_35_tr_10_a_42x42_idx_6_p_mprt2"
0.13542878231789
0.13669400175356
0.13299427266248
0.13674804901738
0.13384334887463
0.13401747631128
0.13507210873915
0.13470645765346
0.13433588525707
0.13636305131516
0.13554897793985
0.1357202942837
0.13663607864939
0.13371715058101
0.135506610863
0.13655947710568
0.13523634561113
0.13489060780861
0.1350189560369
0.13188351729578
0.13503076713371
0.13517923248296
0.13661498901958
0.13508838273968
0.13588835279503
0.13612370893228
0.13672897139955
0.13409183154848
0.13620770207197
0.13620353365446
0.13301285830999
0.13617269605407
0.13576725619233
0.13603374093078
0.13673581503282
0.13301454845552
0.13484481652052
0.13719007273184
0.13614610880264
0.13435389260699
0.13532225335214
0.13273256078282
0.13648259117096
0.13600193861957
0.13501437942578
0.1332872307494
0.1346538366801
0.13550852772172
0.13406232621767
0.1325792078073
0.13386989011958
0.1342327140984
0.13496285779196
0.13657173598323
0.13411756406234
0.13641398683411
0.13532214455761
0.13435138406109
0.13323706123406
0.13414728519944
0.13437030588225
0.13404146955462
0.13300830858959
0.13389525457743
0.13446535341801
0.13415544232708
0.13762565964389
0.13348931840816
0.13506228121972
0.13496231685125
0.13605077876378
0.13414791610164
0.1329150512996
0.13326652959747
0.13495641881161
0.13532099349477
0.13357711650876
0.13725150597201
0.13428066013862
0.13491536276181
0.13474019474062
0.13657706316407
0.13420962923972
0.13305902420319
0.13256506956792
0.13710179843137
0.13399817013457
0.13309088581349
0.13164303502616
0.13344749625888
0.13360065608341
0.13542343719758
0.13343716397915
0.13575909693325
0.13673572408177
0.13280356641021
0.13546211904689
0.1361103425664
0.13346952423879
0.13567627108147
0.13338551363952
0.13348360681617
0.13343235637311
0.13314800232569
0.13169267178072
0.13369811417142
0.13356356182532
0.13343796601462
0.13371272311787
0.13457900427215
0.13338356318007
0.13490224974183
0.13309908278195
0.13320607872126
0.13193886713295
0.13431214003315
0.1353072437846
0.13325750256554
0.13383237885002
0.13575182118419
0.13481132529918
0.1315624142881
0.13459431691401
0.1367826904274
0.13165156702301
0.13412963374099
0.13399708385031
0.13507792646169
0.13389692561813
0.13507064769029
0.13493521986421
0.13608967319838
0.136855826055
0.1316464790491
0.13384342368508
0.13348464776304
0.13329352925983
0.13400796822689
0.13253149318473
0.13381233732329
0.13398607588179
0.13227890969419
0.13399472198007
0.13219859235994
0.13209279150171
0.13479568492388
0.13397898071965
0.13460855172104
0.13143470336244
0.13436020540148
0.13061621745728
0.13285575095478
0.13636059837529
0.13364256541534
0.13213802028084
0.13208361933999
0.13103281685918
0.13464298113907
0.13208747684475
0.13128072567848
0.13336222897526
0.13179945537833
0.13276192989379
0.13546901552899
0.13284996971876
0.13309714074797
0.13234864535353
0.13262205963293
0.13176718857488
0.13463088421713
0.1315681791759
0.13080230142811
0.13268321725206
0.13194134394813
0.13095334024684
0.13061554980218
0.13192767345295
0.13251309768621
0.1329916072212
0.13196182724735
0.13296187684472
0.13400925805122
0.13267246353753
0.13489840735748
0.13483886205017
0.13290539475246
0.13196079728679
0.13225937440885
0.1327653405446
0.13374998032453
0.13435493222549
0.13290813297264
0.13260223496805
0.13256347342245
0.13279786065489
0.13336815391439
0.1342341642628
0.13339311996453
0.13432732652764
0.13310396718311
"n_200_d_40_tr_10_a_39x39_idx_7_p_abba2"
0.13803610239271
0.13637300129489
0.13467756751024
0.13442370736313
0.13753468385904
0.13841332086069
0.13578619486397
0.13539239656233
0.1346160763244
0.13819821779442
0.13766929235296
0.13701387633139
0.1373274578468
0.13379147099209
0.13646266216905
0.13508001508375
0.13520999360637
0.13468165638218
0.13685011664702
0.1379109640443
0.13809501404228
0.1348697637064
0.13962636956739
0.13671649075678
0.13723082905722
0.13439300192292
0.13978060398192
0.14042506136255
0.13401110545433
0.13356009631108
0.13965290361027
0.13757555887046
0.13753626672086
0.13619075478252
0.1383771212045
0.13948464865869
0.13618454036418
0.13534649309051
0.13541859969418
0.13417108945436
0.13616676597531
0.13562981086017
0.13671940004293
0.13772231124495
0.1331262719974
0.13373117422779
0.1363747650768
0.13358382719072
0.13464415505899
0.13665086959589
0.13895588419523
0.13589802400789
0.13582129688288
0.13417456017522
0.14045602704494
0.13549359962907
0.13597763364042
0.13469421427166
0.13629953440912
0.1364522668369
0.13881221939291
0.13665397511283
0.13983007380308
0.13919236977114
0.13951363573085
0.13585423521983
0.13836622128154
0.1365734967585
0.13539885634986
0.13921868824474
0.14020446261264
0.13967275739311
0.13550574307507
0.13546519985541
0.13800844518564
0.13628444696439
0.13685421535426
0.13356637415129
0.13682612388444
0.13879730808865
0.1397740547972
0.13781456886674
0.13757850083784
0.1373349770006
0.13458595508413
0.1357322943949
0.13718600408508
0.13604888718625
0.13716122074542
0.13987662851459
0.13550973585661
0.13499862879605
0.134761442926
0.13969572883996
0.13432852371394
0.1405783358618
0.13827176327745
0.13427957494729
0.13822935604757
0.13542468808557
0.13908539059508
0.13749333424593
0.13719175984839
0.13909922767793
0.13926249754255
0.13695190442059
0.13837208502857
0.13991460644806
0.13646195654644
0.13701569208809
0.14019027457917
0.13658421308989
0.13587802845196
0.13916928041561
0.13624872730159
0.13888121102345
0.13617739095503
0.13627715479897
0.1384671534907
0.13636783487999
0.13667745698665
0.13696821145745
0.13583437705871
0.13423665782898
0.13890567311343
0.13725797435493
0.13603244146122
0.134766240224
0.13477410698018
0.13938192004519
0.13875567836418
0.13772836398817
0.13817155752601
0.13660971206229
0.13960288344729
0.13496374993382
0.13450835217704
0.13538867617508
0.13718745219348
0.13596730674014
0.13846183808527
0.13745536396477
0.13525153289971
0.13586955593932
0.13567813836023
0.13568006846804
0.13863809063141
0.13606007458552
0.13821373575889
0.13936323893494
0.13668164815462
0.13797721003343
0.13776489002915
0.13784192408535
0.13732304498151
0.13747543613025
0.1363008754618
0.13682128780992
0.13512182416831
0.13880588504053
0.13749231202955
0.13523844226119
0.13824123959738
0.13605733306281
0.1350070717326
0.13685326148452
0.13899148702705
0.13608085802411
0.1351817966102
0.13499963194037
0.13590054223817
0.13675037075012
0.13817360658828
0.13521612372951
0.13768587996299
0.13815231239736
0.13738111370443
0.13552075308179
0.13706384312744
0.136440008886
0.13504736614944
0.13472920590868
0.13506053958173
0.1352025492877
0.13547769419225
0.13547445744491
0.13438495735553
0.1355926378756
0.13515708404007
0.13462734965826
0.13812582490304
0.1360475539176
0.13757787738036
0.13421567451272
0.13970160757999
0.13833171989851
0.13407577030439
0.13375110352695
0.1336056156041
0.13542668420948
"n_200_d_40_tr_10_a_39x39_idx_7_p_flooding"
0.14696327619341
0.1457047443575
0.14375686768385
0.14336479275529
0.14610521227845
0.14756172623183
0.14527861833613
0.14520902597829
0.14390171318426
0.14721005681441
0.14675136008882
0.14633415094171
0.14701710076837
0.14292562626582
0.14553618293826
0.144894654803
0.14404956419248
0.14407863817739
0.14622875808356
0.14677962319203
0.14706898315727
0.14397770724665
0.14883224665908
0.14613480903782
0.14596299947381
0.1441929244519
0.14861653217061
0.14906663452196
0.14253451876085
0.14367435942813
0.1483842566956
0.14658564053036
0.14585576621089
0.14583902073988
0.1470975678179
0.14847102893629
0.14563470805686
0.14402545708066
0.14475582743952
0.14329198002515
0.14538086196214
0.14499916348331
0.14542438002608
0.14673595045514
0.1420623354347
0.14219513311866
0.14604222364047
0.14207531609397
0.14262342744228
0.14578208139334
0.14742070601187
0.14531949263647
0.14557940621498
0.14240859395039
0.14888891027649
0.14486850784744
0.14535421598052
0.14444210696933
0.14580957374147
0.14554444344176
0.14738312229341
0.14557993539045
0.14883651602259
0.14835312368778
0.14907036444057
0.14417754179192
0.14734005838264
0.14543163318825
0.14506227590868
0.14860026533803
0.14897975100707
0.14870516240121
0.14442888175668
0.14497527511395
0.14751994768256
0.14489856781656
0.14659474491944
0.14281765819097
0.14636404446845
0.14758293264404
0.14846361223259
0.1461932914281
0.14658483957923
0.14650135404859
0.14392291354167
0.14417271754788
0.14650939897777
0.14537750519556
0.14636041672931
0.14877939659835
0.14476172485755
0.14402302278022
0.14340488785231
0.14889578516949
0.14325617341968
0.14929066949126
0.14692137503023
0.14371245893268
0.14777225290395
0.1438449234278
0.14815290832491
0.14674932650225
0.14614729729639
0.1480565322146
0.1484422406888
0.14648055638327
0.14734859545774
0.14858170562801
0.14457320628989
0.14541045364981
0.14909046156796
0.1460887746604
0.14538870853527
0.14825950011531
0.14609926975157
0.1481727333184
0.14583293700495
0.14571006639771
0.14817781566414
0.14564555289136
0.14556825405711
0.14626831781095
0.14482335197914
0.14335904460204
0.14799879270459
0.14672034924934
0.14571018522143
0.14440150378065
0.14400171238325
0.14849968206134
0.14768685286652
0.14697720009989
0.14722431134405
0.14546251045513
0.14811396532828
0.14434605934473
0.14399811286401
0.14470545815459
0.1463225015615
0.14579796342139
0.14749884909895
0.14611983159094
0.14488939213074
0.14489071026174
0.14435078231381
0.14468498626235
0.14770340820161
0.14537089487162
0.14710720437637
0.14851334270352
0.14506762052378
0.1472450883888
0.1463616992171
0.14646811838319
0.14648623901937
0.14641479142605
0.145392778726
0.14486148221589
0.1435445150708
0.14824258888699
0.14586006072767
0.14365501081523
0.14717016374371
0.14510383511957
0.14254465632628
0.14595957207673
0.14824980943963
0.14496156923003
0.1431480870741
0.14344851455061
0.14425870756783
0.14502448772728
0.14717781153371
0.14382485649171
0.1465379143039
0.14671767185558
0.14649741261237
0.14397625813341
0.14624916746442
0.14565266480215
0.14293793590987
0.14302628804833
0.14288455883417
0.14460426251001
0.14380870462534
0.14451681793874
0.14299503989173
0.14367116178263
0.14234324464745
0.14235397990515
0.1470907699416
0.14508168541714
0.14660761336781
0.14375593250029
0.14853459500057
0.14683670608086
0.14252784864076
0.14288884567044
0.14197393883874
0.14441968458605
"n_200_d_40_tr_10_a_39x39_idx_7_p_mprt2"
0.13620175377949
0.13291694884631
0.13261702862092
0.13097776202252
0.13355047056411
0.13279924135024
0.13257204923476
0.13309551670125
0.13148858864992
0.13414318748208
0.13145260111037
0.13068866142604
0.13217940757374
0.13016573136702
0.13198011415826
0.13264423817908
0.13156703578479
0.13055627906281
0.13325715264611
0.13392578130298
0.13343367601481
0.13010486184497
0.13266349545808
0.13366792693603
0.13108019838364
0.13356863558384
0.13462679348286
0.13024686635896
0.13188402993356
0.1336164765495
0.1302910644223
0.13247020809779
0.13296371352086
0.13129740641549
0.13376986745339
0.13072883531055
0.13283935402483
0.13452624843581
0.13273549162501
0.1325850176335
0.13280617449341
0.13125987634088
0.13363335410779
0.13422334133963
0.13424057249807
0.13285598220689
0.13243065777849
0.13180428422937
0.13010623333595
0.13284009414341
0.13163733830791
0.13004411722358
0.13027155389405
0.13197863459838
0.13069918575734
0.13003419998326
0.13077238371269
0.13258991579989
0.13010714454522
0.1334315880406
0.13413639197032
0.13292403026571
0.13285673728478
0.1317224089585
0.12988926518226
0.13569901949178
0.1326843150904
0.1307363244054
0.13154237790531
0.13307388816085
0.13094912465417
0.1328465449415
0.13445158562
0.13157061983774
0.13563061618337
0.13468192610615
0.13346265137433
0.13469640921803
0.13209245504099
0.12944246619785
0.13229674032891
0.12952607739397
0.13430230863494
0.13235677291761
0.13363057466629
0.13540622488923
0.1326946706219
0.13487712002014
0.13083222254609
0.13336283594665
0.13521154249083
0.13120348694552
0.13392313022308
0.13503530847132
0.13057644959023
0.13556741763049
0.13211847798515
0.13206977933428
0.13296990421515
0.1312791735522
0.13124156978438
0.1349880644687
0.13516036484026
0.13587825403002
0.13235798890794
0.1310123134013
0.13386250578486
0.13434851066319
0.13250806437871
0.1329463322096
0.13229149211684
0.13052015399435
0.13320671826443
0.13542964210471
0.13236728234219
0.1324194583047
0.13232192929309
0.1344801423961
0.13220101588675
0.1330460227601
0.13359769633141
0.13083634022733
0.13450800492485
0.13396184023276
0.13284743709051
0.13370381432312
0.13447912661359
0.13595767864062
0.13275286759238
0.13118744658195
0.13447684012903
0.13260144708041
0.13307984373506
0.13177958413718
0.13495951091277
0.13138567148883
0.13287823041292
0.13250589215573
0.12973160017857
0.13032016508508
0.13358476946548
0.13504254971486
0.13694843128695
0.13368107014886
0.13305198640321
0.133112712667
0.13201830312843
0.13473656722911
0.13031975577006
0.13160642070468
0.13170038179093
0.13188544732968
0.13212016866791
0.13052301718804
0.13353841745983
0.13294012764069
0.13284529633287
0.13126469139771
0.1331313627282
0.13067184018127
0.13203169554507
0.1293854065649
0.13072295957736
0.13615755191985
0.13037748132956
0.13226808609442
0.13050305123787
0.13028262072749
0.13218918511886
0.13178312972361
0.12953307316665
0.13259652460679
0.1315937913711
0.1316068485619
0.13101545421325
0.13346501559624
0.13072162837549
0.13287444584358
0.13044633051688
0.1304761176511
0.13318922155892
0.13169592343585
0.13096143787836
0.1331630221447
0.13372912534747
0.13164569634186
0.13182125915119
0.13076875430347
0.13324897419907
0.13205327888046
0.13139039027513
0.13193258269791
0.1320370153667
0.13327107502523
0.13108346820642
0.13450021171316
0.13330283230339
0.13037326642777
0.12983106482692
0.13124797224208
"n_200_d_5_tr_10_a_112x112_idx_0_p_abba2"
0.13387749052829
0.13293536031891
0.13359180672417
0.13326287648343
0.13237521506496
0.13420875079264
0.13189867204883
0.13158535937038
0.13208650883645
0.13321145669724
0.13304509669749
0.13343932399926
0.13107832643364
0.13243599514061
0.13302706804591
0.13190730106627
0.13209708082915
0.13382859976961
0.13230757288846
0.13372348667688
0.13310540463674
0.13266861765211
0.13358792715589
0.13296406138229
0.13461192691622
0.13265769730402
0.13346057669354
0.13220630293323
0.13492032277315
0.13211979796964
0.13187849304441
0.13376206148718
0.13435857928427
0.1334144963549
0.13261543550036
0.13443677582079
0.13267026676907
0.13259983910921
0.13212506940331
0.1332165606579
0.13318309029865
0.13235489706302
0.13126656602697
0.13181064389961
0.13226317887648
0.13226224651033
0.13285173865341
0.13330217740987
0.13311729952092
0.13259277149715
0.13308834762205
0.13200318684551
0.13405911188022
0.13212897209968
0.13278375527446
0.13314229165277
0.13228765535601
0.13258896529732
0.13336366912262
0.13277761379128
0.13239168778075
0.13190942003274
0.13191919789494
0.13344498841767
0.13299597462257
0.13305530387001
0.13212180138529
0.13177466288314
0.13248628601923
0.13223860796571
0.13231641366
0.13358733212233
0.13408958546783
0.13252076016441
0.13286705855754
0.13231663174572
0.13229083184355
0.1332202408661
0.13329979924414
0.13262372827879
0.13263440984479
0.13163004738977
0.13212739090337
0.13311269945596
0.13165993012956
0.13144408662531
0.13237659102101
0.13285876479936
0.13240868677462
0.13330400768927
0.13255553157103
0.13129908697585
0.13307444255907
0.13282491971792
0.1322966624953
0.13263572930415
0.13323966716463
0.13225025312566
0.13282716182875
0.13251124120344
0.13254699787472
0.13372930338477
0.13268801233406
0.13311365611065
0.13451985978934
0.13370386209226
0.13405248605225
0.13221422547086
0.13156370516911
0.13322605280452
0.13293402231356
0.13127658476256
0.13049258137714
0.13267132030449
0.13233124354249
0.13242468737318
0.13213118265459
0.13150634523479
0.131207263804
0.13335268131756
0.13279781916826
0.13221773242203
0.13246588309828
0.13252706929396
0.13320541866676
0.13243891203587
0.13269758937508
0.13223814316254
0.13295984505223
0.13163971079364
0.13270732318167
0.13212820582716
0.13269779838776
0.13438874536555
0.13286453069491
0.13247607718648
0.1323691090295
0.13304214183115
0.13290545856116
0.13245995011667
0.13230177303546
0.13321907334513
0.13375853303953
0.13387357557882
0.13155601203502
0.13434332687369
0.13052736660523
0.13215889514886
0.13355021792991
0.13107192029459
0.13362053713204
0.1321738945729
0.13254602395
0.13154139445589
0.13232156503842
0.13186270667308
0.1312970168523
0.13182890772039
0.13255790636525
0.13309889372071
0.13348234894784
0.13347014417844
0.13344000750268
0.1324202629623
0.13145323595536
0.13219689899689
0.13319028104417
0.13183149725502
0.13135543349535
0.13287284241881
0.13318484062618
0.1337631793441
0.13414425628652
0.13242049463654
0.13305477274733
0.13184586071107
0.13333051351839
0.13239168226669
0.13258110568531
0.13244499871129
0.13293441867921
0.1323441694612
0.13395106780772
0.13266910142628
0.13244306206943
0.13323391089613
0.13192829735898
0.13351456499977
0.13394565915486
0.13391952072564
0.13240300698688
0.13088716650631
0.1329600793557
0.13325965051239
0.13231242356806
0.13361621500904
0.13373894242854
0.13297655335807
0.13281903415819
0.13210776888246
"n_200_d_5_tr_10_a_112x112_idx_0_p_flooding"
0.13778198294668
0.13762527933841
0.13868989737256
0.13808389665659
0.13791926582385
0.13755644967573
0.13814138670446
0.138779165443
0.13847819842079
0.13733318756506
0.13745498386036
0.13730878335665
0.13837492068409
0.13818820742357
0.13878227607087
0.13802606646742
0.1378800439716
0.13799737880053
0.13870488759862
0.13622709558824
0.13801467730307
0.13833797932849
0.1390346596603
0.13804106308291
0.13580603218076
0.1385286261507
0.13703103847189
0.13895555415979
0.13551290727594
0.13823793610231
0.13805722151082
0.1372525402261
0.13758420564332
0.13631576254323
0.13848899429094
0.13598923159446
0.13798136115623
0.13736518813521
0.13839614466134
0.13829915128167
0.13836542768493
0.13831462707429
0.13729911407059
0.13749347489186
0.13815567431186
0.1378676245193
0.13874798146508
0.13698777363122
0.13755726015289
0.13869397582876
0.1387853536301
0.13826878397509
0.13767668884663
0.13793317577814
0.13845561353902
0.13889206339664
0.13872462962264
0.13770209025689
0.13894118073176
0.13872649735507
0.13800612065295
0.13818374894789
0.13912678169652
0.13766570377263
0.13757374023742
0.13903180219428
0.13780886148173
0.13849029025688
0.1383183933987
0.13800595377753
0.13714838800187
0.13664546114759
0.1373485605518
0.13891129446168
0.13897696875105
0.13769835899241
0.13821051659661
0.13814315147485
0.13835258001094
0.13849763434676
0.13803143394142
0.13744912442576
0.13849642303326
0.13807750138691
0.13822858827234
0.13796693148635
0.13854295635518
0.13829330291953
0.13813245056618
0.13819600679469
0.13874543018877
0.13825685924215
0.13812672128587
0.13778821608056
0.13786053615397
0.13800491582433
0.13844459002473
0.13781279982652
0.13767152979947
0.13780371815663
0.1373355879521
0.13751812900809
0.13731002340783
0.13753416935386
0.13724726661457
0.13744646906009
0.13797236587689
0.13811844617062
0.13741740666736
0.13773348763951
0.13647274087353
0.13686784336755
0.13717470931298
0.13814948950658
0.13646132967342
0.13675478596105
0.13707676446059
0.1370994181722
0.13696100425019
0.13788390426243
0.13719146688131
0.13718476756885
0.1374677725888
0.13787656204838
0.1374136716412
0.13842170353023
0.13804229064845
0.1384114284027
0.13718150479483
0.13777466191694
0.13659628187066
0.13703942645148
0.13729889526729
0.13636242239855
0.13786106416793
0.1370477241267
0.13701842938454
0.13816663278813
0.13795579811101
0.13823897007916
0.13866864048041
0.13839685186865
0.13791289426033
0.13733524791275
0.13708981366934
0.13568846035764
0.13703966961555
0.13610901602546
0.13745299303032
0.13729614024242
0.13733344877064
0.13643718269776
0.13758277781917
0.13683934398235
0.13719680136487
0.13723293978962
0.13701334574382
0.13690103151816
0.13703629749815
0.13682874312662
0.13763463135899
0.13729078977457
0.13614126946473
0.13804502491688
0.13797651530918
0.13810573671408
0.13847203100072
0.13815118672842
0.13668694408676
0.13693736877328
0.1360336805534
0.13713978239931
0.13526154154017
0.13867815747319
0.13811153647843
0.13830162049498
0.13809183035959
0.13788001577951
0.13803620170902
0.13795878588781
0.13743239716184
0.13696910310843
0.1365869754307
0.13801934595843
0.1380442925147
0.13835540681751
0.13798689593555
0.13741302834664
0.13624015207168
0.1361638290421
0.13658505026626
0.13691052701381
0.13696720888972
0.13700651057141
0.1368159915261
0.1364548438989
0.13642838108068
0.13594145366094
0.13679382223607
0.13613567561149
"n_200_d_5_tr_10_a_112x112_idx_0_p_mprt2"
0.13408867936519
0.13301241014666
0.13452962156633
0.13228520551952
0.13390870378153
0.13360560431556
0.13319013308818
0.13325135307236
0.13420652677024
0.13465324379603
0.1337215945429
0.13352120481964
0.13371445210724
0.13242037017386
0.13265677788577
0.13455588044682
0.13230472894581
0.13288935677225
0.1341275931298
0.13489754492603
0.13496207406378
0.13428518123103
0.13463500262324
0.13475611254586
0.13458412708671
0.13501708036796
0.13497646060472
0.13429325466756
0.1347298574758
0.13319212089166
0.13491497487072
0.13290398844261
0.13504458970726
0.1338829330183
0.13443969944182
0.13294320295765
0.13476372609708
0.1318338338779
0.13503486757868
0.13493673509568
0.13437779941255
0.13377755852912
0.13375283450889
0.13331483666377
0.13310444315823
0.13387753996091
0.13340312921682
0.13375525480542
0.13301843890489
0.13421625555031
0.13360924529039
0.13236475761532
0.13391420055201
0.13382899379372
0.13349491013046
0.13398182064678
0.13269709133171
0.13422075160411
0.13156426767206
0.13497870789748
0.13369675811367
0.13577273080959
0.1345376977286
0.13113338370371
0.1339190403977
0.1325531515067
0.13286776475836
0.13251444573976
0.13340814163416
0.13474548827661
0.13135280381965
0.1328476314719
0.13411095570595
0.13522960764509
0.13334760297902
0.1337674027551
0.13374974019149
0.13443156251107
0.13436223652473
0.13460926923927
0.13492784449788
0.13452016005842
0.13225754564351
0.13427826675714
0.13447143421372
0.13532734389055
0.13522972209418
0.13397167278373
0.13382156419252
0.13448642187301
0.13354819262901
0.13383407670358
0.1342333487445
0.13378256808677
0.13367203036568
0.13491379426833
0.13491633949949
0.13375305399654
0.13305121080843
0.13448759670308
0.1341308851074
0.1343280275669
0.13410073983869
0.13449083451589
0.13409952070375
0.13453441288751
0.13427975627687
0.13361695101013
0.13111231126274
0.13318950670594
0.13317984706169
0.13349147665073
0.13209277047298
0.13354129758924
0.13373645713871
0.133917357265
0.13258474649766
0.13182998854791
0.13305676186041
0.13443145064262
0.13228512935645
0.13293957590976
0.13265979360504
0.13353277649858
0.13357315231033
0.1340612161469
0.13214729775142
0.13498421017974
0.13285210819538
0.13414718638757
0.13387660931686
0.13396666953302
0.13386695012559
0.1338914632531
0.13145217962122
0.13292898329268
0.13201110575361
0.13167049422686
0.13194918950728
0.13557589927551
0.1340668770791
0.1315660451442
0.13036251003026
0.13364048477255
0.13243079238879
0.13126844796909
0.13120731103445
0.13143837869304
0.1336934421092
0.13461107315547
0.13170866396636
0.13371121942839
0.13287372759009
0.13354830238036
0.1318812320605
0.13340825249092
0.13116063581173
0.13142900439595
0.13209634597526
0.13176043341625
0.13100617211874
0.13272852103267
0.13254368641443
0.13337872630368
0.13025513799585
0.13283938688732
0.13388748116391
0.13452761246474
0.13360269291422
0.12990887354598
0.13274282498931
0.13143312319866
0.1319630640393
0.12899497922141
0.13493098227238
0.13437047713491
0.13497953614452
0.1333080922933
0.13506531751495
0.13420202208893
0.13225734176076
0.13247707241232
0.1323557639383
0.13392544569685
0.1334308946657
0.13372322939989
0.13446278818237
0.13235810174861
0.13196667028003
0.13057303526238
0.13206334611538
0.12995226013102
0.13168378258704
0.1330178982715
0.13250046930322
0.13289858115546
0.13337181598007
0.13192550656146
0.1323135938659
0.13132708045726
