"n_200_d_10_tr_10_a_79x79_idx_1_p_abba2"
1355.069907947
1198.38851951
837.568195520003
1049.764136155
620.916837338003
1288.154204077
940.653994356003
1156.581423272
1424.338014308
839.831095377002
1507.222837039
788.893866787003
798.138525496004
1144.49597266001
1487.96190323401
1147.178070479
1098.885762731
812.782375152004
1185.40275705901
1085.260241413
785.240519798005
1465.611678418
687.241750445004
1177.40347965001
1244.857400482
1034.55560334301
988.071694280009
844.901886842003
1194.34210561401
846.079940760006
1014.318891546
1123.60479030501
728.004764584007
1004.20675313401
977.184298080012
1115.85817421901
1356.99961154601
1423.28569643101
1397.01772808801
1203.53911853401
1063.31805241801
1524.85885831901
762.686204609011
1263.95455233701
992.307851559012
826.586062364008
707.102651068013
1126.57560468501
1401.44695730801
755.365737862007
1578.187635261
1353.185907641
902.954263532003
982.724105814002
789.372382212003
1120.090455567
938.193593118005
1320.08526820101
1304.76769651601
1130.55999406301
1051.24441026501
661.477806181004
1425.45965477201
1019.86014443501
702.994413074009
1201.921965884
648.295076252005
934.281959516003
1150.655500766
798.269734353006
960.604698035006
1332.38035121501
1204.46568293001
1157.90432694701
1037.845157389
1065.271443601
1032.264630173
1322.25579878101
1196.63852985101
1381.37756494601
910.679702147007
802.925821195011
817.167425285007
905.728649919006
1009.42292943001
1009.93464141501
1118.16737335701
1256.75066969501
1538.843679064
1203.484866265
1210.59895397001
1055.39316637901
767.82545381301
1254.58085973601
1071.38533363201
1161.91263616601
863.757519629004
1247.422192761
785.005460387005
776.312035061004
"n_200_d_10_tr_10_a_79x79_idx_1_p_flooding"
5.50431982300115
5.50430596800133
5.50430983800165
5.18432571100114
3.77621420500063
4.64024158800136
5.18430826100236
4.64026020900121
5.18430993600205
4.3202381310028
4.64029321400261
4.32024003200127
5.5043031970019
5.50431742500201
4.32028471200319
4.64026816300311
5.50429689400289
4.32026749900238
5.08828016200269
5.50432540500267
5.04805600200342
3.4562047610045
4.64026697700248
4.32025329100227
3.45620309400374
3.45620849300232
5.50431454900391
3.45620384700496
5.50433105700421
4.32026605500369
4.64031309400426
5.08828231800251
4.64030631000512
5.08829071900507
4.32027519300249
4.64025410000701
5.04805623500459
4.32028021700503
4.64026751100377
4.64029943200472
4.64027240900577
4.32025502500366
4.5442355890053
3.45622769400578
5.50431308700539
3.77620747100593
4.32025217700627
5.40828776400559
4.64029160300683
5.18428369300494
4.54421278100625
5.50429611800496
5.0882502660059
4.64028169700725
4.54425465700581
4.32027372900734
5.18432532400936
4.3202316920059
4.64024791900641
5.50431486800562
5.50433537800643
5.5043367750045
4.64026804500861
5.18430541900727
4.64025351900688
5.50429728300372
5.50431420401054
4.64022313900614
4.86423405900638
4.32030541200845
5.18428266001081
4.64027519200982
5.50431729701018
5.18431771400429
5.18429230600503
3.77622208500838
5.40823634000986
5.50429767600491
5.50427077001103
4.64027851801063
4.32029019300728
5.50432372300946
5.18427441200942
4.32028926100969
5.95234884800533
4.64025650401112
4.64025994300954
5.18431416001164
3.77618424200676
4.32024966900713
3.77621706400788
5.18436046400694
6.27231066400924
4.64028438700836
4.64025506600763
5.18428923901126
4.32023883200827
3.77618701300975
4.64027457400817
4.32024998301017
"n_200_d_10_tr_10_a_79x79_idx_1_p_mprt2"
6.14427648700122
5.50430021700077
6.27230352700092
5.40827657800147
3.45621449400113
4.32025586600204
6.27229920200101
6.27233026900242
4.64029699500124
5.50430048000372
5.18431334900171
5.50432390300237
6.81632995300241
4.32026097300309
5.40827570800317
6.81630389000354
5.40825263500366
3.77620010200275
4.32026897800242
3.68016250500247
4.54420907600195
5.50430679700398
3.77619156700248
5.50436727400339
6.36011727000607
4.3202823180053
4.64029414800393
5.72828082200516
4.64028070900468
5.50431243500427
4.64024848100308
3.77622770900388
5.85625877000595
5.50432059800698
4.64032348600441
4.32021727700516
5.50429819300646
4.64028687300555
4.64024468200819
4.64023542000547
5.72825995500637
4.54423355900957
4.64025580800609
5.18430174500395
6.81635782000711
6.27236952300336
5.50429874600411
5.04805895401006
5.95229974000944
5.36804710800709
3.45623373601001
4.22424298600532
5.08829370600949
5.50430942301006
6.49633290500873
5.72826295901052
5.18429078600491
4.32022627401096
4.32029685200774
4.64027025100933
4.32026530501162
6.27227192600799
5.18429484201022
6.5923613460086
4.32026216500958
5.50430689300896
5.63220404500697
4.64026653001071
5.08825459301221
5.50433674700912
5.50430288900827
5.18431113201245
5.08825055200646
5.50431360701253
5.72823023301083
3.77620449201288
6.59229707100906
4.64024954300868
4.64027365900144
4.32024678000253
4.32029886700391
6.40032059100548
4.64030777700586
4.32026751100523
4.64026277100515
5.85629659400411
5.18426146000905
5.40823025701087
5.18429023500744
6.17627010500854
5.72826298001416
5.40822997700374
5.82428431700777
5.50435490400325
4.64027372400366
3.77623192300547
3.77620983100613
5.5042965910026
5.50427013700272
4.64030639600566
"n_200_d_15_tr_10_a_64x64_idx_2_p_abba2"
1242.495032273
808.384545099003
463.488331147001
1142.60948725
919.394574001004
1195.454718114
1061.707523362
806.820044922002
841.309128742005
1095.410008256
921.963432876005
762.095920203002
692.183628102004
762.892485667006
726.280051776005
563.317767569004
889.658544446004
669.681127557006
607.742648983006
892.287569199006
750.592782163004
876.240043665007
864.899734967004
833.868609625007
526.232270106007
820.445250358006
1068.99761474001
892.972200573006
1160.71843961101
957.920220140011
491.227061063007
506.262640188005
1004.53356163401
837.075470026008
872.730617859006
674.043664411009
910.119717993013
887.099102058009
887.24405131201
640.679688418011
711.362877266001
694.057764297003
802.415219766004
955.433789788003
751.858229281005
1081.50352186001
599.029955838006
859.827593407005
343.563282537005
1231.46959053501
478.822992500014
712.202409679008
503.433802892005
805.676970239006
983.972482285012
804.510816780009
819.797307769008
1009.90196177001
869.81996363501
690.441001569013
596.021300073012
920.846140551001
657.644243566002
679.758085478001
1148.68896957
743.133569510004
569.943913710006
546.701263468009
940.284791113008
677.601099701008
643.360247657001
718.241017921002
704.757725583002
884.899288250004
527.170172680005
492.634398025004
628.001468014006
655.141634382005
492.687763343007
696.782792273002
771.089899768004
747.689838829004
860.919120932007
591.233507992008
675.900513379005
628.104416584009
621.688815098002
832.341533803001
658.104787887005
907.866460046009
577.703752134003
481.175161122003
608.80344511201
623.410904172005
907.65947887401
954.147586400012
888.185604100016
583.348450193007
800.241617294002
828.783926763009
"n_200_d_15_tr_10_a_64x64_idx_2_p_flooding"
4.64024023200071
3.45624860200111
3.45622587100092
2.59219027600111
4.64025307900151
2.91217187200132
3.4562361070023
2.91214542300189
2.59218227600222
3.77618244400146
2.91218234100121
3.77619954400288
3.77619741400181
4.64026807700257
3.77619899500203
3.77621582400245
4.64027172700199
4.64024363200188
4.32021635200286
3.456223915002
3.45617957500366
3.45619713900192
3.77623958400264
3.77618665100243
3.45620780700173
3.77619833500376
4.32027636400178
2.91216938500227
3.77622953200429
3.68017901800499
3.45619974200417
3.4561878810031
3.45619827700361
3.77618893700316
2.59215345000641
3.77624430300472
3.7762198920035
2.91215947500589
3.77618888500564
2.91215105500342
3.77618966600579
2.59218312000797
3.45622731600415
3.77617739900415
3.77619517300332
4.64025877100482
3.45621625600501
3.45620878700359
3.45619096100691
4.32025958100724
3.77620596800554
4.544257805005
3.45621651000982
3.77623540900629
2.59214077200909
3.77619612300606
3.45621906500782
2.59217154000879
3.4562069440085
3.45621737100998
3.45624645600395
4.22424920400744
2.91213899200926
2.59216977400456
2.9121602560096
4.64024709400945
3.45618718400686
3.45620526100987
2.91218972100893
3.45618138300807
3.77620176600857
2.91214887300839
3.45623267900663
2.59216164801046
4.64026923900462
3.77618290301029
3.776214434005
3.77620074700502
3.77622287200552
2.91216700800589
4.64024293501097
3.45622074600982
3.7762193610078
3.45623025400954
3.45621113800831
3.77620769801013
3.4561905260091
3.68019179401102
3.45623893201008
3.77620576001192
3.45619586001078
4.32024474901027
3.45619094400718
3.77624026101131
3.45620367701116
4.32025333201125
3.45624195701077
4.64026048901189
3.77622917601173
3.45623295400799
"n_200_d_15_tr_10_a_64x64_idx_2_p_mprt2"
4.64024522700068
4.54425935000202
2.91219424800104
4.64025789200129
2.59218035100162
2.59214841100253
2.59218096100255
3.77618550000314
3.68016084700251
3.77620197900264
3.77619741400181
4.64027692400215
3.45620130000412
3.45621901500159
4.32024470400272
4.64023060600205
3.77622381100196
3.68017674500365
3.45619859500346
5.18428968400286
3.45621381400463
3.45621574300381
3.45619634900274
2.91216800400207
3.45623219000402
3.77623315700504
3.77619106700422
3.77618669400448
2.59215252900447
3.77624408700328
2.91216514200343
3.45619036900402
3.77625480100363
3.77621894400448
3.45620910700362
4.32016401200386
4.32026054800616
3.45620776200661
4.64023773100664
3.4562164140084
4.64025527100631
2.59214077200909
3.45621931600704
2.91217336200589
3.45620652600331
3.45621896200754
3.45625408400707
4.64024633100735
2.91213899200926
2.59217193300998
3.45615285300482
4.64024472000801
3.45621371400995
2.59218715300591
2.59214885100789
3.45624280400614
2.59216272001339
5.50427283700827
3.77618620700559
3.45622906700527
4.64022294400479
2.9121619120076
4.22425609900756
3.77622499900809
3.77623133700666
3.7762386050062
3.45623174200682
3.7762054950079
3.45619584800971
3.77618564201043
3.45620512000977
3.45618935801184
4.64023504500943
3.45619445401013
4.64023491800702
3.456228552011
4.32024160301125
3.45623561100084
3.45618120000779
5.08825156600423
4.6402261690055
3.45616809300608
4.64019382200576
3.68018663200331
3.77620007700585
3.45619585400669
2.91218530001203
3.77620259800437
3.77620045900784
3.45623522700578
4.64025880400953
3.45623769201353
3.45623142001728
5.50428123200319
5.40826326000499
2.91215875200379
3.45617519800356
4.32025703001671
3.45624794000265
3.45624124600619
"n_200_d_20_tr_10_a_56x56_idx_3_p_abba2"
598.489152593001
709.956275862002
883.042117056001
1077.447195929
451.440254799001
513.193542202004
574.612891664003
512.679509846006
502.963405459006
693.796926109005
861.048953128005
509.980430275007
488.479445363005
706.772082990007
779.586383510008
538.011938942006
797.906797957012
899.003345188007
720.501840612009
688.027235188009
700.089405970003
656.302310768002
505.498589411003
822.767769167003
499.330442858003
698.801814417003
710.075399896002
610.323526752005
698.723487241004
700.029270754005
467.772684180009
734.612059349004
488.507777723008
478.706312344009
627.432196701008
591.924418365011
582.462576583005
573.46051240301
492.260637198008
921.947161991007
672.353427192002
664.403182129002
887.590228837002
481.954798425004
707.579033360005
664.997220330008
651.469200311006
886.307227654008
688.115450642009
609.896566086007
760.27736678801
448.279030874012
893.382901003008
652.493222604008
453.890945180014
459.339687902009
974.025650263005
666.948463822003
360.142015117006
565.019570366005
480.065500847005
676.549347545006
1080.47414380901
628.987518719004
519.650686708005
585.116457302004
499.085399322006
546.018015668011
1018.70908867601
914.355288128004
579.306834813003
374.973452100015
466.688596189002
661.221932468006
466.20899926301
409.327106960003
891.483332667004
465.152030069007
720.577647453006
472.686641544009
533.781535852004
591.666142681003
531.008704680003
456.506849970012
546.02948149401
540.577377347006
534.397418440008
624.510838492004
927.404962627008
655.377475292006
558.140317233011
690.435317475004
473.318958346002
1013.527160943
688.306070510006
647.027135227003
418.490580512003
473.031795482004
536.819565599011
520.887558140004
"n_200_d_20_tr_10_a_56x56_idx_3_p_flooding"
3.7761996950012
2.59217865600103
3.77619669900131
3.77619473000212
3.77618177500061
2.59217487200125
2.59214198700164
3.77620977000248
3.4562140740011
2.59216504100124
2.91214058100131
3.77619668300255
2.59213768900146
3.77619588400258
2.91218605600285
3.77620874400186
3.77620018000435
2.5921321580018
2.59218728100308
3.77623189200271
2.91214987500155
3.77620112400123
2.59215640200239
2.59216982600208
3.45619023300259
2.59215998500295
4.64025344900421
2.91215661200184
2.91217095700347
3.77620103400389
3.45622429900416
2.91216631100255
3.77619562300424
2.59215199900353
2.91214152400343
3.77620982200355
3.7761965270029
2.59216613100577
3.45623622600399
2.91215906400311
2.91218323300413
2.91217005100464
3.77620355300579
2.91213091100673
3.45620746200481
3.77619757500369
2.59217275600676
2.59217797300693
2.59217491500507
3.45618646400681
3.77622164700497
2.59217462100736
2.9121687940048
2.91219547900567
3.77619786900851
2.91217600900495
2.59216511700799
2.59214098200289
3.45622290900849
3.45622207300522
2.59216146900343
3.4562055780043
2.91217431500712
3.45622970600346
2.59215908500465
3.77621842200426
2.59214060700685
3.77623562900453
2.59214222401027
2.5921495310044
2.59213273800896
3.77621424400587
3.45621244400718
3.77620352400498
2.9121760050046
3.77619559001374
3.45620997800467
2.59218633100744
3.45620968600713
4.32024754700677
3.45620794100654
2.59214391100926
3.77620193700778
3.3601917310051
3.77621539701067
3.45619261801033
2.59213270901171
3.45619601201008
3.77623861201215
3.77622337200734
3.77618534800916
2.59214672401242
4.64020807601173
2.59216264701223
3.45618816300686
4.54424331601189
3.45620180301154
3.36018086800749
2.59216510100657
3.77620326501216
"n_200_d_20_tr_10_a_56x56_idx_3_p_mprt2"
3.77620007500123
2.59217837500092
3.45619797500163
3.77619588600098
2.59218195100175
2.59217972500103
3.77623396900084
3.77621380400228
3.7761970800041
3.77618005000357
3.4562094620032
3.77621047800325
2.912169362002
2.91218455500264
3.77623219600309
2.59214935400465
3.77620147900259
2.91215774600317
2.59216850700383
2.59216097200365
4.32025574100336
2.91216654400372
3.45622304500282
2.91214264800388
2.91216830900609
4.64023569900363
3.77618407200586
2.59213078000897
3.45621205100599
3.45619817000653
3.45618730001007
2.59217034900416
3.77619015200636
3.45620399500746
2.59217687200675
2.91216552800933
2.91214056500877
4.54417951800679
3.45622209400887
2.91217413800382
4.32023749400656
2.59216918600913
3.77620700400882
2.91214571200982
4.32022609101068
4.00015008300869
2.59215954200442
3.456214249006
3.77619735001389
3.77621348800972
3.45618088901034
3.77621145700857
3.77620546300506
3.77619244400762
3.45619887900739
4.54418443300852
2.91214591200628
3.45623782700955
3.36018873500876
3.45618123800762
3.45618665401304
3.45620360501186
2.59215399900192
3.77619020800424
2.91215673800238
3.77620158300473
3.45616476200306
2.59216360100467
3.45622554600666
3.77620323500594
3.45621257100248
3.4562330450072
2.91213135200508
3.45621283500464
3.45621069700996
3.68019025901134
3.45621444500921
5.72827146500998
3.45622340500995
3.45618269101067
4.64021680800641
3.77621014800411
4.54422799600707
2.91217527600551
2.59216146900343
3.77624964200862
2.59215122400747
4.64024176100963
2.59216540400331
4.0961793110057
3.77620101900789
3.77616560400185
3.77619680100238
2.59214110700157
2.91217607200878
2.91219155500499
3.36015948700208
4.41617887300438
3.77620230100462
0.864066490017024
"n_200_d_25_tr_10_a_50x50_idx_4_p_abba2"
476.209767340002
512.368231312001
702.920703386003
499.275322855002
606.679812101003
475.790032904005
509.304825600005
616.235039096004
607.179154735007
635.819810680012
631.037923217008
683.178763524012
666.414917908007
595.462788231011
572.493397701003
420.001805438002
560.636444553001
389.624072090005
464.867946090006
391.524230659005
575.914887545004
560.028695296005
535.791894477004
528.666429187005
620.17639689401
540.407858823009
470.06641814901
354.237853137008
483.354493260002
531.804182381002
656.059681844003
639.824567546004
836.564285409004
692.115387914004
456.854997556004
610.369722971004
419.648274327006
517.15327187901
655.142096019006
767.545352071011
625.936625965011
654.005600726009
490.571708914011
518.857632307011
653.997532339012
783.863972889003
786.630980874001
588.398265015005
470.713420510009
806.382812115011
450.414872755012
489.387558013002
524.628509211002
599.874390629004
405.106642376005
520.294739316007
368.741888366003
651.946105177004
898.476546443007
531.566635829009
361.527487586009
723.809266954007
385.292512448011
364.921098299007
518.464857816007
530.619876607012
637.194669219003
614.540802506003
461.320424656005
637.560590339003
537.430753231003
493.362973065004
642.611834768005
663.571337602008
698.876514603008
752.00413942801
445.599288004004
758.766350527001
765.358420519002
454.196456680005
485.905182308009
735.602422054008
809.163052222004
728.410204032006
771.048022300008
647.83242512101
584.282619098012
609.217661704005
655.891316207004
475.286447633003
657.314761734007
475.733578401002
777.816627309003
554.432586268003
725.409071102007
498.878990362002
594.149894698003
568.614145966002
436.576458171004
360.767007466006
"n_200_d_25_tr_10_a_50x50_idx_4_p_flooding"
2.59213474200148
2.91213884000197
2.49612264400145
3.77617609900138
2.59216266700157
2.5921598510017
2.59213096000188
3.77618674300173
2.59217526700262
2.91216608000333
2.91215322300253
2.59213795400193
2.9121681000035
3.77617779000339
2.91216422400176
2.5921487470022
2.59217205100271
3.68015067900274
2.91217761200357
2.5921892040035
2.81612516400287
3.45620535100366
2.91213066900298
2.59217573300319
2.59219175700309
2.59216774700377
2.91213308300442
3.45618725900465
3.77619342500424
2.91217129300492
3.77621068000522
2.9121591830048
2.91218518800562
2.5921647270053
2.59218085400548
3.77619389000472
2.9121666180032
2.91213074500618
2.59218029500374
2.59216898600556
2.5921315990054
2.59213553000848
2.59217650400601
3.36018670300575
3.45619032600553
2.91216658600391
2.59217919900578
2.59214604300695
2.59218084900681
2.91216877300471
3.68019165400568
3.7761697280061
2.59213598100416
2.59217381400845
2.91217848800329
2.91216496000857
2.04812875100657
2.912189437005
2.5921314980053
2.91217549100509
2.91215900800523
2.91215940500678
2.59219379900344
3.45619102800754
2.91217949800426
2.91217693500556
2.91218456300868
2.91212822400411
2.91216736300726
3.45620516200995
2.91217150800804
2.91216260701077
3.77618149500591
2.91217623001216
3.77619565800558
2.59214477700453
2.59212845600842
1.72812806800948
3.45620683400938
2.59216200001333
2.59218714600706
2.91218843501184
2.91215057001182
3.77621669201034
2.59214671100949
2.9121349210115
2.91215449400539
2.59218641200931
2.59216819001296
2.59216936001394
3.77617983301093
3.77617705001398
2.59212663100783
2.91215304601167
2.91213695901149
3.45620001900926
2.91218334700716
2.59213340001452
3.45621322200884
3.77622208301176
"n_200_d_25_tr_10_a_50x50_idx_4_p_mprt2"
5.50425807100119
2.9121393520013
2.59216020900155
2.9121771280014
3.77619403300145
2.91216902400215
4.09617437000342
2.59216132000439
2.91218072900357
3.77621874100242
3.77620552900382
2.59215339900365
2.59217549500335
3.7761998420045
3.77618704200344
3.77619711000676
2.91217538300259
3.45620958000481
2.59216885000413
2.91218701600471
3.4561944230056
4.09618730200378
3.45620380800327
2.59216487600611
3.45620476500486
3.77617553300524
3.77618562600901
3.77617404000574
2.91215775400389
2.91216614700573
3.45618729200936
3.45619263900687
3.77618168800353
7.36020318800712
3.77617846400824
3.77620288200831
3.77617083200477
3.45620865800811
3.45618781700807
3.77619778001304
2.59213284001447
3.45621648500583
3.77621678801177
3.7761843600137
3.77615886701221
3.77620016200808
3.77622562201196
2.91217549100153
3.45617475600157
3.4561849190009
2.91213177400174
2.5921879350026
2.5921750870026
2.91215535700218
3.77619134300211
3.45618052600294
3.77617058600244
2.04810715400328
2.91216782400383
4.09618945100476
4.64026033900566
4.44818330600327
3.23213204000794
2.91213525300549
2.91217656600651
3.77619267200657
2.59217723500527
3.68018538000925
3.77616932600588
3.26410591400617
2.59219115000775
4.54421284500484
3.77618122800527
2.9121794500071
4.54418339700879
2.59219152200529
3.77619155300835
2.91214469600476
3.68018402001269
2.59216228101167
3.4561875840069
2.59214852700751
2.91215697001235
3.36015450400851
2.91218690500727
3.77617760400994
2.36812505001183
2.5921523760104
2.59215118600764
3.23217980001544
2.59217629500341
3.13610028800326
3.77621058400379
3.77622184200987
2.91218843501184
2.91215380801191
3.45619119300977
3.45618536400849
3.45622315600735
2.91215946900536
"n_200_d_30_tr_10_a_45x45_idx_5_p_abba2"
349.455124434001
626.942749135002
469.447583241001
301.328060813002
490.853936485003
550.066706823003
492.730746857003
517.500276080007
659.716852704008
398.471527600009
365.358103076005
598.948251107011
367.685788194009
460.531807867007
605.743213083009
441.00513245801
693.600449964002
418.702329554002
560.531736706004
544.605329267004
525.402413408006
838.558241435003
600.84494784001
449.939917848006
478.93339541001
879.004642880012
579.037753853008
364.955041193001
519.756997912003
781.625406607002
336.997184743005
769.888990531005
339.690199661007
356.600126726008
450.353718915002
531.110722217004
558.112940819004
787.757138294005
786.335938917006
555.609722987008
583.428613055005
451.320572123009
411.402685917004
735.750475670006
681.799827131005
389.334061974004
545.821829375003
580.432697983003
410.965430589005
401.080671356006
543.79352683501
429.304268672006
684.287502897007
560.424277176011
458.043767518006
553.922765228009
378.082614808008
706.541506867012
345.840965836011
355.745046675002
440.722992342003
544.584126953005
457.173330248004
438.671383011005
838.885686876004
465.776250628004
817.610261978004
479.88855776601
399.290643834007
684.514483911009
541.611551990005
472.891000274007
546.877566654004
372.195258539008
460.580589439004
382.551954582002
348.428666358011
552.123602636001
492.218592862006
518.926690682005
675.001445599005
496.538415710013
381.411385836001
516.289315474001
487.377489422009
791.234958774005
837.99003632501
547.543215010005
306.99081896001
530.789363810003
421.954841268004
538.335418734007
475.932748835007
432.851547624011
714.881826715002
525.222734026002
808.230283579002
888.478330001007
339.887325382008
369.803656402002
"n_200_d_30_tr_10_a_45x45_idx_5_p_flooding"
2.04812048500091
3.36017636400143
2.59214551500087
1.72812542300171
2.91213327800222
2.91213058800111
2.59214985000256
2.59213693000326
2.91214593300104
2.59213369500166
2.04812825400147
2.59216807700291
3.45619336000347
2.91214873800172
2.91212902100213
2.59213697200167
2.91213712600324
2.91215463400185
3.45619630800265
2.59213960300286
2.9121418620015
2.59213912100265
2.9121831150043
2.91216641300451
2.91215175600357
2.59214847100253
2.91215744400475
2.91215920500321
1.72811588300448
2.91214138900386
1.72812026000457
2.91215261600541
2.04812209700478
2.59215247600508
2.59215226800436
2.59219615200479
2.91214384000682
2.59213592900309
2.59217528400413
2.59215750700292
3.7761880510061
3.68014373400527
3.45620223500376
2.9121597970061
1.72811438400444
2.91216192300681
2.59214484000836
2.91214358300707
2.91213714500671
2.59214892800586
2.91218034000806
2.59218108600479
2.91218713400809
2.59214065500402
3.77618080600683
2.9121680780051
2.91216863300292
3.68018914700485
2.91215354200602
2.59215975200533
2.91213453400729
2.59214948500386
2.59215674500979
2.91218833000784
2.59217974001302
2.59215632500798
2.91215376600462
2.592163787007
2.59216579600974
2.59215581400696
2.91215252400434
2.91218870600574
2.59216960400721
2.04812069500804
2.91218333100574
2.91217190400772
2.91217528300791
2.91217838800861
2.59215904200971
2.91213595800599
3.45619062300528
2.5921444240069
2.59214664500718
2.59213232300937
2.5921594320053
2.04811813400596
2.91213663300738
2.59218737500788
2.91214844200738
2.5921359440062
2.91212878101277
2.59215046101247
1.72810963001524
2.59215153801051
2.59213311601059
2.91217171700708
2.91217771901131
2.59218409701134
2.91215116900645
2.04812961600709
"n_200_d_30_tr_10_a_45x45_idx_5_p_mprt2"
2.59217433500147
2.59218591000199
5.28021477200191
2.49612403800192
3.45621249600292
3.77622361600238
2.9121469130029
3.45621985600353
2.91215112900289
5.08816340500218
2.59217762200237
2.59215754500275
2.59217746700457
2.49611013800433
3.45617188400382
3.45619368000527
2.59216205800428
3.68013050000826
3.45614732400534
4.9602218820084
3.77619061001155
3.77618870800944
3.77617497400706
2.59218322500487
3.77616936400926
3.13608112400487
2.91216669400995
2.59217230300379
2.91216467300615
3.45619594001079
3.68018722200958
4.00017566801125
3.36019430901047
3.77619791601091
3.45620607100727
2.91216344501066
2.59218737500788
3.45615627301044
2.91213815400937
4.32021898701151
2.59219158201063
2.04812961600709
3.68014350700108
4.0001549620019
4.32015477200309
2.91218264500159
2.91216642200354
3.77621740000578
2.5921507600053
2.59217595900552
4.86420906500484
2.59216460100475
4.22411484300511
2.91216521700477
2.59218969200958
3.45619449100809
2.59215942701019
3.23213547900991
2.59214124601215
4.54419236001513
3.45617742800641
3.77617952700859
4.44814934100091
2.91215764000441
3.45617115900332
3.77620489700448
2.59215372600252
2.36812453100299
3.77617680100428
4.32009899000718
3.77618766200527
4.64018589000759
3.7761880510061
2.91217215301032
3.77619869900769
2.91217638800845
3.45619777700534
3.77619132601126
2.59219175300984
2.5921688080075
2.49609318601074
4.00014877800459
7.13633695700366
3.77621550200402
2.59216616500879
2.91212303500998
2.59217327700156
3.77618474100316
3.77618889600129
2.59216250600147
2.91215372500631
3.23214268301086
2.91214641600845
4.96027123400467
4.09620041900283
3.45617454100378
2.91218387300773
5.31220627900453
2.8161086640015
3.45612064400136
"n_200_d_35_tr_10_a_42x42_idx_6_p_abba2"
515.818327480002
415.936523787002
365.788742366002
353.717387194003
442.942176402003
370.569719912005
664.574207187005
355.047434127005
470.659027422009
497.081954177006
713.101765707009
453.66932988501
312.813827209002
387.359107560004
532.783039900007
460.305622281005
411.559937977003
555.613133126005
423.628192789003
617.544096584005
512.796334801003
624.819210244006
378.455736633008
442.593848052006
359.817495343009
401.091733052006
386.477907706002
428.361275050003
387.402554260007
549.683913505007
377.684407424006
450.099627581011
495.913557860014
516.193247006008
443.522246347001
426.083652412004
492.260714807003
460.956017825005
640.069215791009
396.543508431009
666.688167634007
366.201278704001
356.386532847004
367.113193504004
359.469345680012
570.106943051002
370.914464353003
600.852437762004
741.030469165004
575.983933824006
492.652921392008
386.15997619101
648.486437956009
377.994595390014
528.565259976013
292.542934614005
381.058172382005
501.626614412004
456.969757772008
392.48661927801
462.693385886013
491.663782660003
443.904481557006
362.299901037005
363.733230863005
354.349549251005
530.168224200011
509.120180296001
505.290624582003
472.284711029005
455.592164551007
375.477671135009
377.246967332006
516.168582568007
528.284771142001
478.673848088002
655.723626300004
538.744557800005
452.384198458006
647.126148405007
431.664997570017
345.027269577002
424.458840442004
361.081540716004
346.136046335005
502.736633547006
512.421063432008
606.324624808003
832.409618207006
465.22664518001
290.887415298009
444.103442306009
323.346613228011
612.199297478007
693.335148587002
428.414842336004
339.652816728002
650.654518869011
511.445385976003
354.808994230003
"n_200_d_35_tr_10_a_42x42_idx_6_p_flooding"
2.5921317160007
2.59216782100147
2.91215621700136
2.9121656720017
2.59212604800219
2.59214378300143
2.59214667300078
2.91213845100202
2.91215502900144
2.91216606300182
2.81613196100139
2.59217042400195
2.59215456300232
2.59215159800164
2.04810953100321
2.048123176003
2.91213150600278
2.91216168400332
2.91214249000404
2.91213340700303
2.59213897000521
2.91214792400396
1.7281156320017
1.72811745100176
2.91213365100162
2.91215341000495
2.5921428370026
2.59215668600277
2.59216116600314
2.04812884400241
2.59215529100487
2.59216661100226
1.72811537400364
2.81612108900475
2.91215504400455
2.91215050200577
2.91212583500311
1.72812365500619
2.91215032300585
2.04811014900486
1.7280957510053
2.91213376000599
1.72808813600511
2.91215106300413
2.59214728500368
2.91213499000875
2.9121569450048
2.59215312400585
2.59216804800388
2.91218356400691
2.91215892600505
2.91216093900459
2.81613048900908
1.72811860900879
2.91213835900805
2.59214748700742
2.91214664600403
3.26411644900304
2.59215369700883
2.04812685600331
2.04810739200667
2.59216850300703
2.91214190900746
2.59215827200876
2.59213189600871
2.59215397001356
2.59214426300503
2.912151646008
2.9121403320076
2.04811481200551
2.91213152700465
2.91216365100411
2.04811773700442
2.59215461800721
2.59216361900627
2.04811489501111
2.91216429700825
2.91214255900485
1.72810888400932
2.91213458800854
2.91219222101091
2.59215227001164
2.59215261301193
2.49612894801032
2.91213308400984
2.9121372960077
2.04810502200559
2.91214888900981
2.04809859501154
2.91215069001538
2.91215606200979
2.59213549100679
2.04810959400703
2.59214144301012
2.5921306660095
2.91213816201008
1.72809483001402
2.49611556201046
2.91216244600889
2.04812843001179
"n_200_d_35_tr_10_a_42x42_idx_6_p_mprt2"
2.59213171700079
2.59215765300169
3.7762172410023
2.9121886420036
4.00014626200473
2.5921409610028
2.59216598000833
2.91215550800672
3.68019309100376
3.7761441330062
2.59215887800579
4.22413227400398
6.81613632100664
2.91217797100529
3.45618524600866
2.91215329001204
2.91215824600499
6.49614183500802
2.59217949200519
3.68017649400798
4.09619697100538
3.6801395900099
3.45615435800539
2.91215191200678
3.77620279601132
2.59214109701134
2.59217977301063
2.91213470401175
4.09617403200713
2.59215647600186
3.77618586900219
3.58410857100289
2.91216783400294
4.76814675100456
4.64020907300977
4.86417721100452
2.59215991501094
3.45620575100725
2.91217755300721
2.59215681800207
2.59214333500424
2.91216273001282
2.91218085700962
3.23213638001363
4.86422854601187
3.23216499600321
3.45611382700284
3.23219045800727
5.18419355800859
3.45617351700156
3.77618160000281
2.04812220300354
2.59214413800635
2.81610085100326
2.91217526500986
3.45612661600114
2.91216236100311
2.91217728200621
2.59212217500959
2.91215561200531
1.72812304500169
4.76818275700452
4.73622739900126
3.77618937900159
3.23215654900366
3.23216072400356
3.77619167100463
3.36017708500336
2.81612686600496
3.13612031600741
2.91216312500175
3.45621255300443
2.04812418000699
3.23214271000793
3.5840947730108
3.13610276000986
3.2321277430114
3.23214004800576
3.45618549001614
3.13610072300463
4.09617921300232
4.00016551700144
2.8161095310022
2.59214737200253
4.22408759600401
2.59216517700622
2.36811586600538
2.04812725201009
4.76813332100789
2.36812134100717
2.59215526600265
2.59212565500633
4.32014708300343
2.04811030500096
2.49611584001741
2.91217207200489
2.81608981600456
3.26411381300318
2.91216790900961
3.36015163900782
"n_200_d_40_tr_10_a_39x39_idx_7_p_abba2"
505.072410844001
533.321142904002
279.262874235002
478.479761755002
271.074734941003
394.435033840004
520.33762862601
561.570400360011
365.562481173008
457.368828164007
409.226146131012
408.254466950003
273.283467333009
402.962669888005
464.96349528001
471.788786960012
392.688163476009
385.835337039001
546.056381555003
316.685866006004
490.701332812005
477.949945961004
506.356780687007
426.357961230011
442.847856583008
443.777830367011
413.409087527008
414.477270417009
306.516798675001
553.133006732004
361.899974705004
274.716128376006
367.842799489004
532.002212222002
375.471759679005
371.475772791005
307.671390491006
477.023424625003
365.356487585004
320.024441022003
284.263436254005
340.580477344005
376.157004221007
463.797025575005
356.262394701005
702.77976661901
470.310818609008
346.951385763001
555.730694977001
348.721429156004
523.421297458004
352.334610828002
338.714282608002
415.557891562006
458.70723313001
451.538672073006
326.957299598007
365.225504893004
322.502589995011
345.899701873009
315.516355039009
571.00073780601
402.94659018101
269.443351223003
575.228010065004
475.793009586006
327.273488933002
366.901481034002
608.900211741005
414.136656449003
372.375768330009
387.82655143801
522.904059683004
613.342111330006
507.224965511007
376.394698283008
380.332902149002
267.909141855002
362.245284796007
365.230922978007
412.447585191002
350.516175618003
358.746458141002
465.440011694007
372.867854488007
386.802123891009
504.49745744001
483.815247442003
401.336671008011
366.037683697005
348.682104474008
374.448245395003
268.756875382003
572.215187708004
331.91302700601
432.399342748001
509.298539091006
439.476003750004
325.988895144008
0
"n_200_d_40_tr_10_a_39x39_idx_7_p_flooding"
1.72810128900114
2.91214830000186
2.59213399500169
1.7281169840011
2.9121282580018
2.59214339600078
2.04812795200127
2.04810378700238
2.91213424300096
3.36013433600257
2.91215805100187
2.59214312100298
1.72809898800175
2.59213393800195
2.04811834200314
1.72811894600322
2.04809811300244
2.9121432640018
2.0481181240033
2.91215214300244
2.49612778800312
1.72812761500296
2.59212783200269
2.04811769000557
2.04809503800263
2.91213772700161
1.72811600600298
2.91216392700377
2.59213501300337
2.91214332800394
2.04812568400214
2.59213465400521
1.72811933400396
2.91214163600273
2.91215981400583
2.59214366000649
1.72811719900423
2.91213691800607
2.59212959400301
2.59214189400581
2.0481199370046
2.81610146000588
2.91214528200356
2.91214005300588
2.59214217300396
2.04812166200341
2.9121544440045
2.04812677000632
2.59213139100467
1.72811336800649
2.91214104400694
1.72811384600635
2.04813205000676
2.59213492600452
2.91213388800315
2.048108135007
2.04812425200629
2.49609974600418
2.04810613500683
2.59212931000974
2.91215415800394
2.91213830900716
2.59214872200886
2.59212991700508
2.04812587400482
2.91214360400716
2.91214721301003
2.04811067500543
1.72811428800657
2.04811523200732
2.59214549800646
2.91214324001032
2.59213138001257
2.49612087900886
2.5921661730095
1.728117912009
2.91213372300803
2.04811814700889
2.91213128800649
2.59214392001184
1.72812785400822
2.59212717500645
2.5921393450119
2.04811191900944
2.04811438200636
2.59215194601126
2.91217481201045
2.04812432100709
2.04812223400808
2.59214454600709
2.91213482501007
2.91213327101048
2.91213149100855
1.72810954600777
2.59216457401124
2.59215295201187
2.04812765701234
2.59214844201239
2.04811497800961
2.5921437660088
"n_200_d_40_tr_10_a_39x39_idx_7_p_mprt2"
3.45610787500128
3.13612883400261
2.04812487000439
2.5921573860046
2.59213858500473
5.08815032300447
2.91214557300634
3.58412750900428
2.59214568001198
2.04812496400564
2.91218984200725
3.77619405001184
2.59214324201196
2.81610732100113
2.59215466100216
3.58407083900225
4.32013640400264
2.91215144600265
2.91213845900273
4.32015322800439
2.36812533600528
3.5521576470039
3.2641192220062
1.72812390800559
3.36016067300449
1.72812251200583
2.91214405100959
3.45617068300896
3.68013376400711
3.45612133001083
2.0481220150117
2.592143120002
2.04812615500138
2.91213714500138
3.13611982100248
4.86419822400208
3.13613192300366
3.45612298900733
2.59215506800814
3.80814795700957
2.91216617300449
2.91215421001567
4.32015194001423
6.17618169400913
2.59215013500835
3.45619167300981
3.23216969500084
1.72812522600196
3.13610314501034
3.2321531250048
3.23216219200617
3.77618883200626
2.04813125601078
2.59215936001311
3.23217360600481
3.68011591000794
3.77618704800398
2.04812560700418
5.40815237200221
4.22412536600802
2.49610461900218
2.04812941300503
2.49610503001207
3.23213825600988
4.32024988500501
1.72811556900854
1.72812113400234
2.81612200100412
2.91217747700401
2.59214167300215
3.13611621200494
3.68014095101188
4.54410523200721
2.49612849400194
2.36809680800576
2.91213907000554
2.59214954300191
2.8160943730029
3.77621826800478
2.81609152001039
4.0001627640045
3.1361232270033
2.91214158100672
2.59218347400392
3.45610854400746
2.04811138400274
3.23215035800928
5.9520997150031
2.04812673100463
3.23216216400191
1.72811808300821
1.72811745100176
3.45620713400407
3.13610692401056
2.81609020601081
4.32015145801046
3.68011712400573
2.04810789900201
2.91215241701082
3.36017729200933
"n_200_d_5_tr_10_a_112x112_idx_0_p_abba2"
1468.668953875
1456.167578969
1572.720355544
2102.706088801
1876.175693691
1656.579869444
1362.978603802
1050.899133365
1807.34943621001
2273.23172437701
1590.81039048401
2721.899876763
1901.002736426
2065.59226138601
1460.83664050001
1990.71731902501
1880.19570427601
1600.57526780301
1114.481738374
1944.05438497701
1265.88393013201
1441.72774236401
2022.97063397601
1069.24508885301
2249.21637679401
1631.120569252
2103.99398880401
2344.83326241101
2182.28125902001
2362.67920707101
2387.47075765501
1451.57172801201
2047.14006465301
2245.89888362801
1384.96586877301
1465.31878631301
1379.45079877401
1155.51149201301
1022.60702592001
2308.71645927401
1616.85442755601
2041.49035307401
1515.02190460401
1725.10719871501
1920.71879163002
2041.51408314601
1878.98267326501
1696.86210811002
1776.222946018
1737.710104041
1337.473695213
1920.526745567
1684.621393488
1286.898796628
1028.297218027
1363.677858321
1414.989130348
2110.200747683
2126.01031871
2209.81546565701
1956.231793398
1290.824872227
1193.244139356
1882.53239042301
1700.06722758001
1453.008304314
1382.89754412601
1756.96442261001
1686.32995486201
2250.27405731501
1904.35512596201
1918.88559338501
1873.585066114
1302.090232906
1362.98621747301
1784.48764310301
1199.41031053501
1799.22055867101
2155.59313222001
1566.83309976701
2276.99150691401
1709.13389229901
1314.961927815
1408.228930164
2046.993650333
2235.095475428
1960.30009119701
2029.58136418701
1282.71406990201
1416.846119532
1225.04845084001
1715.677856283
1292.516287552
1250.09183608501
1726.12524942001
1303.55143133701
1897.653125101
2435.82273291001
2277.48450320801
1.18406103000268
"n_200_d_5_tr_10_a_112x112_idx_0_p_flooding"
7.23237875800109
7.77648279600118
7.68043552700171
7.13642739200093
8.8644810280023
6.91242664400171
8.96051801200137
6.91245193300105
5.18430606400244
7.68046429700142
8.86448864700284
5.50432590000405
6.91242371500245
8.09639327700218
6.36838387300287
7.13637726200211
6.04835056500264
6.81634386700303
8.09647175300299
8.64051451400272
8.76839557900411
6.3683752690018
7.45640631400235
8.09650547200391
6.9124235760043
7.23240688700244
8.22434410600437
5.95231759100301
10.048496660005
8.73645473700435
6.04834440900248
6.91245615600522
8.09646262600339
7.23242318700557
7.77644606000649
8.00044078600592
6.91239752700312
8.41644638400396
7.77645149100437
8.0963811280057
9.40840120300379
7.55243544400486
8.00040889200559
8.22437696100664
8.7364397650056
8.32043714500585
9.18453275700415
8.9605048620065
9.50444061000866
7.45642975800465
7.23240319600649
8.54439173400579
5.952334615003
8.64044705800637
7.23241878600334
7.23241886900894
7.77652961700426
6.36832957000877
7.90438787100811
7.23242062100837
8.00044299400327
5.50432201800533
6.36838699600872
7.23242400600554
8.09647642100941
5.50430320800643
7.77639819300902
8.54447562500837
8.41649786900689
7.2324373370094
8.09644709001134
8.4164775270068
8.54444682400413
6.36834491600524
6.68833832100546
8.09643204600974
10.1765626950083
10.0484938110057
6.04839005600866
5.50433726400712
9.18445478600916
7.13641193900827
5.18434006900748
8.64057471601143
7.23236891900569
8.96047181100812
8.0965436560092
7.13639979001357
8.32046533901121
9.08844044901258
6.04835316300978
8.00046951501088
8.86447138100976
8.86449746501228
7.87245966800754
7.13635682701153
8.00043058200828
8.41645034500971
8.86450459601207
8.6405410150121
"n_200_d_5_tr_10_a_112x112_idx_0_p_mprt2"
6.91239545000144
6.91247039600107
9.50450749000176
8.64041630700108
8.00042495100151
8.22441501400206
10.7204538510022
8.09650653700089
6.59229903600256
8.41648029400233
10.4965446950018
7.68032184200251
7.77636538900239
7.55240960100245
6.36837547000368
7.23242596900242
7.456372042002
9.82447322900271
10.2724577400046
9.63243731700203
6.04834414400202
6.81636728800328
9.0564625920031
10.4644675130032
7.456374993005
6.3683356850035
7.55244736900451
8.64041313700525
7.45636691300433
8.09645455200325
8.00040587500561
8.76842328700533
9.18446627900593
8.09645384500257
7.23244055600603
8.86445626300514
9.63244351800441
8.44841466200563
7.77638105700618
7.55239067000701
8.96041970700523
8.64041538100579
9.18446315100496
8.86444067700509
9.95244196900558
10.8164885720043
6.91238507000946
6.81634411800403
8.64040936600574
6.27232138100453
8.86448158600928
9.53639901700853
8.00038451800589
8.86438407900414
8.4164269040059
12.5446091540056
9.08842280600908
9.50446197400368
6.81639058100814
9.40851683700572
8.00039521400464
10.0484354650092
8.41644439000788
8.32046516701013
7.87241079300571
9.72853069701074
7.26434234400841
10.0484782430073
9.28049774800854
9.18442830300847
6.91237997900629
6.04834049001113
7.77646520600683
10.0485061910049
8.73648788201109
7.45637201900706
6.59232038700708
8.19242338000947
8.64039688001128
6.4963795280093
8.0964209790082
8.00041984600597
10.0485862960085
8.9604829790062
7.55242959800739
10.1445267760099
9.08841772100999
7.77644503600783
10.0484781720098
8.86434744101194
6.36839214101315
8.09645808101322
9.05643719900695
10.5926166870134
8.32044965400236
10.4963968290051
7.5843177860051
9.72853713501109
7.77645888300782
7.13634144501185
