"n_160_d_sparse_tr_10_a_100x100_idx_0_p_abba2"
5387.15786599001
5077.23774572601
5065.92953989301
6115.42259884201
5215.91057393501
5679.64878981201
5806.61891735501
5152.969558639
5878.969262634
5555.12080517201
5441.68313497601
5406.73140789601
6243.880535644
5850.02571732601
5073.34242469901
5502.915238508
6170.175356272
5440.59835755601
5502.051536469
6262.982582033
5201.79506709601
6076.79693514701
5531.98972084001
6315.04494603401
5254.04742102101
5625.14721614301
5942.83953584501
6168.82096322901
5680.76543815201
5858.30481939801
5513.72896089101
5783.16412466501
5528.67566053401
5127.69395697501
5653.46318730201
5508.74052398001
5836.14860553201
6045.90585409601
5343.19392006201
6162.83634104501
5585.75217649201
6095.92267324501
6012.97747289701
5542.58505077801
5101.89146078001
5083.74883144001
5557.90705693201
5771.03734145301
5780.97611212701
5385.80636183201
5475.86163635501
5732.77079950501
5751.08236865801
5887.67480536901
5295.89637573201
5186.17768586201
5520.60273183501
5059.42660206301
5903.77438293301
6180.70351018401
5860.73952149201
5017.56485826701
5829.61402356901
4882.93530188301
5616.04476732501
4968.66353382301
6089.68855240301
5225.28321092801
5436.10889764401
5501.11721831501
5624.12374803101
6347.98581971101
6205.40511187101
5730.07133408002
5273.35195693801
6227.11092498901
6083.13735530501
5510.81265588701
5722.92475722502
5698.09404671101
5847.22380048402
5742.88668476601
5349.58611039801
4956.42891610902
5242.20033939702
6454.80200992202
6344.63695776901
5825.17419168401
5550.63896701601
6204.84261355301
5983.09987655802
5551.37864228301
6428.54978473501
5426.61050578302
5866.52287699101
6070.06835735002
5288.53223619301
6635.47283935601
5390.64330969201
5615.80224871301
6161.98342349001
6077.06062125601
5545.81369734301
5211.22884338801
5687.57115400702
5657.61245016301
4194.38878717402
5815.37312907601
5644.96351579501
5463.09169448202
5550.66180629402
5914.76111237002
5521.37855324702
5588.95243806401
5950.66587879201
4988.55634775101
6186.55741334402
4836.72189376402
6019.88850163701
5330.53371534902
5957.67222783901
5262.46579318502
4744.63736640301
5388.30487867801
5692.69112470901
5294.46124637002
6202.99989879801
5770.79643240101
5288.67892761201
5718.28917707101
5042.50192146301
5308.23556968302
5454.90533130003
5551.36049658302
5217.36964860801
5368.33596873102
5488.24117634402
4895.38978384502
5779.58454872902
6169.30316978302
5385.59564575802
5623.89662279801
5160.54064441302
5755.26889767401
5647.19246504602
5212.25485003401
6605.36476689101
4865.21500788501
4802.80721083201
5829.63488188902
5639.00869925102
6792.18441172902
5434.38478836502
4890.10565477102
6038.94822324202
5203.56976264502
5744.03378404102
5569.83682559301
5422.11541824202
5044.52731781502
5478.18169356101
5589.59933816602
5322.91081912102
5967.40198423602
5086.33871322601
5344.66466740702
5555.93043276701
5647.37600822102
5281.25737459801
6416.88940933702
5642.86182928701
5504.82476004402
5476.93790522003
4792.55160443402
6443.70580068802
4798.25508981602
5794.29379007303
5055.91617226702
5472.58359316201
6122.58826183302
6058.21074402003
5683.77352086902
5632.59726487502
5299.33032819203
5497.18926101102
4811.03816962403
5467.90331149901
5451.55789627903
5357.94421019602
5994.67853202802
4969.55287497101
5494.35059893102
6276.23320435602
5395.50002979003
5078.10614170602
5864.24299830603
4418.98082928103
5971.37525184202
5790.25249911902
5600.17229569502
5060.14078751502
5212.29481889202
4993.73331140902
6155.34376722601
5532.91013515803
5906.91857871903
4511.87878491902
5803.66754528103
5583.50174552802
4775.51156889803
5375.37507124301
5192.55821782602
5496.73352542604
6324.85905102303
6575.28546983303
5341.14566225102
5464.28710597601
5868.14559192803
5839.36771107304
4614.68425267503
5453.19005441402
5743.42902288402
6124.71038881404
5992.99038016403
5307.82692152602
6164.22687665602
5783.87427222802
5081.52845103402
5403.84168037403
5020.35805445703
6869.21329734102
5542.73669989303
6299.34772822602
5276.60917937203
5113.13759444502
6014.33519170703
5037.17137632302
5353.98369348303
5532.66902765103
6368.15794154302
6343.98895939103
5672.62702121403
5774.53144237703
6469.18343198104
5801.24082871802
5280.31550114005
5957.71460074101
5526.04167189304
5765.47459633804
5943.62655544003
5435.08665216302
5966.88604479903
5871.29172746404
4418.06669667304
6303.97978345601
5256.42457307103
5699.24666382803
6387.94919918203
5245.21461987703
5440.28157895502
5960.24164245603
5630.88677520102
5869.77867373602
5313.72685792104
5683.58721413503
5105.54127381803
5824.48119597902
5701.66394989704
5389.94998917303
5885.09689338704
5253.85988599902
5311.00763944804
6187.23372209703
6193.87423888702
5966.85298441503
6407.10975647602
6208.85986349603
6347.59679587302
5479.74676517404
4922.08270069702
5542.19227496603
5531.44896062904
6129.20983422802
5151.66007895803
5677.35566002602
5963.29790056504
5893.04191248604
5262.86599860703
6060.16548931004
5519.44858581703
5115.28937108503
5116.11985844803
5467.24554629404
4892.27108764604
5634.15800222103
4832.84579870804
5677.59916237702
4219.65763631204
5899.30903012302
6718.81243674503
"n_160_d_sparse_tr_10_a_100x100_idx_0_p_cds"
2040.028805578
1902.160357834
2037.97238074201
1914.921451054
1999.610098417
2149.67513657301
2257.049978788
2280.294662183
1989.449177929
2183.334488318
2316.437272354
1998.12479724601
2070.07863897001
1620.93480222901
2290.99867201101
1940.465947648
2258.00709791501
2275.80384306301
1954.73770880401
1903.33291687601
1815.279682576
1592.44949480001
2138.733168847
2110.51389967501
2072.03121571001
1601.89766743401
1810.362079684
2356.44365395301
1918.13719719001
2338.88483362401
1986.64169528401
2041.12104888301
2033.05444356901
2418.76230149401
1987.14567093901
1732.61691694901
1953.65244840301
2219.48215306601
2026.02728130201
1915.13047777101
2314.16535071601
1976.024289112
1899.52341144701
2148.21565998301
2042.11350561001
2304.61825601301
1824.14026397101
1908.09238781501
1696.56857625001
1885.97683542101
2349.09328420301
1976.44954862001
2251.25893549401
2059.05959876002
1693.49965922101
2002.96846516301
2137.80965035801
2382.87792356901
2049.92627178601
1723.03457349101
2454.37593070801
1981.87906898201
1898.51743919901
2321.92892254901
1836.43233765701
1734.96188487401
1966.08866626101
2089.54199662601
1819.99740088401
2224.15307063201
1902.26057889501
1966.36238155201
1850.86050570501
2106.48418291501
1876.92286897101
1865.97783552601
1910.81676412201
1900.86168904801
2248.48539033401
1921.65943785101
2164.67725132601
1758.30688349301
1672.40441507701
1897.95646404701
1821.93293572301
1894.63272999602
1850.07557732501
2529.79810317201
1472.55053101001
2062.19180431002
2054.51759537002
1994.10360923301
1996.57105204901
2143.73157991002
2197.69696600102
2350.59915802701
2258.45069882702
2272.40139739301
2130.78332743402
1982.58117234101
2661.66130023301
1849.44868419602
2087.70913517502
2008.29709767201
2274.29632485402
1486.38305052502
1631.95450367601
1825.17303508202
2182.48590224302
2148.96060482302
1793.13239600101
2024.89681401302
2128.77725649201
1878.91540211201
2049.83909567201
2118.83249805801
1944.32846883902
1758.59432366201
1746.19806722801
1883.52556087003
1793.37998070102
1815.23159171101
1795.47221819801
1836.10250215702
2010.49086073401
2134.12326774602
2001.81166099802
1810.79510304501
2155.72528474702
1595.79366275102
2400.02265386201
1940.76649477702
2015.83348663003
2119.12220040003
2006.45189616502
1963.87221034102
2053.52936277002
2082.53111906802
2039.93001729502
2158.80966784901
2141.08866848602
2226.30413913802
1959.37346563402
1853.07434650501
1958.24781520602
1727.46638925602
2424.45519500701
1558.03886096302
2253.38355825302
1974.21183524602
2140.36666449702
2076.85316962402
1936.32649368003
2039.87496245003
2167.29638503402
1429.51590909702
2192.40288304101
1756.66996888003
1938.80729321401
2023.73779299502
2361.59957943701
1923.61191378602
1751.16444398702
1829.83169085202
1978.71766528102
1840.84636530902
2078.53860866202
2215.75171360603
1534.00997487502
2327.97416250102
1759.38961419102
1518.94390907502
1852.78223894602
2414.75904981003
2122.56117100003
2088.89724032302
2035.24084877903
2305.62229336003
1919.40539454203
2123.17484628102
1639.02406128702
1828.48356713502
1773.78918248502
2311.64918995202
2483.13655000501
2412.45806087402
1976.94150934902
2087.55305433003
1946.34952037602
1860.19470160502
1498.08811931003
2382.73134711602
1954.64986603803
2023.47701478102
2084.95234764102
2578.41630259202
1829.85388865102
2253.92458720202
2083.98234626102
2156.63611229202
2059.14189030202
1766.37238891202
1613.28308313902
1747.90534935103
2125.63921234502
2175.12245632302
1833.55874818503
2079.90240447403
1624.83427220802
2056.08457469103
2063.53563107402
2174.11615687303
1700.23136585004
2115.23719584702
1963.52693486202
1786.37178881101
2221.96928048203
2083.11628027204
2113.44995838803
2088.22176883004
2114.83301276203
2167.90209548202
1849.14054452102
1856.82845673003
1997.32662865702
2182.95633365003
2218.46075828302
2316.14332316502
2262.02210072901
2281.80973716403
2019.14248442603
2113.73403578602
1754.39570971801
1942.14643597203
1991.53757020201
1856.24490436103
1742.48606824202
2109.00417296503
2152.18685372002
1868.54673737102
2083.46107283202
2512.76981613702
2284.44887180603
2054.51661664603
2110.69141855901
2218.03643327502
2053.64332522902
1906.79371701003
2143.11409645401
2085.35066792302
1697.67912143502
1698.88078635202
2086.26464574704
1983.96776206403
1693.50862459504
2443.18311779102
1852.52630535902
2338.58628074802
1870.32781995802
1837.54075775204
1660.07769172003
2205.38893887502
1863.73908254103
2025.07014143302
1632.40653817604
2217.72434254603
2048.07729153103
1901.00294031402
2199.82348231702
2230.72751065902
2094.43033223104
2388.28112477202
2215.47546414902
2062.45873294503
2349.82570952204
2033.04033414403
2005.95451609203
1679.23148064702
1621.52579660005
1612.75247374203
1998.68990540006
2051.28236746802
1742.78036653004
2055.53217537903
2158.97989622005
2119.77267151204
2072.17215309902
1911.41074567403
2313.72034451303
2145.18749463903
2213.01619815202
2154.50148213404
2010.18355485303
2007.58176316003
1821.24451769303
2205.44757766103
2073.62666911504
1515.34941584302
1983.19772728902
"n_160_d_sparse_tr_10_a_100x100_idx_0_p_dist2mean2"
211220.644682453
211220.644682453
211220.644682453
211220.644682453
211220.644682453
211220.644682453
211220.644682453
211220.644682453
211220.644682453
211220.644682453
211220.644682453
211220.644682453
211220.644682453
211220.644682453
211220.644682453
211220.644682453
211220.644682453
211220.644682453
"n_160_d_sparse_tr_10_a_100x100_idx_0_p_ewma2"
316.010652237004
314.149548354003
455.567170566002
463.891838809005
465.367963748005
425.010039901004
456.374948300006
531.523207890007
459.996376690007
456.253320003004
467.592210240007
484.253767028005
375.281949367004
283.745789176006
408.211655574004
394.387852762005
481.823991995004
396.600047851006
474.405741154005
480.174060256005
492.361970333004
434.259193608007
524.442249680007
448.716507554007
467.913225537004
431.332242244004
439.592093525007
505.286410258009
440.650275779007
493.932293836004
492.795753799008
374.127879538008
441.68782180801
390.769920734009
302.229625163008
428.217050513005
533.97538613401
427.820328553004
405.925914705008
376.75235846401
506.047253201004
474.591011890013
515.158114860014
370.368281924009
444.964161503009
509.672573361009
412.606592971009
434.669951539007
404.023672132006
427.451279558007
442.667315165011
381.874377448007
480.822174262009
384.759141539007
476.452532042011
374.784470735008
479.462223312012
399.263947893012
510.346365077012
433.848262186011
503.525821650015
415.959074995008
424.53561195601
490.514929644007
481.652433760011
316.317287993009
447.716027480013
465.038171341007
424.44688005201
430.896038114007
463.657828114009
471.055676824008
423.171663453012
408.791395198008
508.61624518101
430.73138200301
470.706558375014
483.843179216009
540.845712628013
537.757918155009
502.387663548014
565.205465973008
457.958867928014
458.805063715012
293.382414944013
518.361229252008
442.782529149014
458.910887820018
396.171657013014
414.07690556801
412.846214486009
415.14182895601
412.446155937019
451.589552894006
352.966726647011
462.170123045013
476.502029132007
540.507196772012
480.537825834006
475.726253774013
334.556023840022
485.218621062018
417.115167576014
518.12036325002
507.42608535802
473.556823264019
344.057065825012
400.13810786202
452.476723158014
307.390035684008
509.199497606019
480.785063573009
566.659213944007
372.745878162007
460.744621333021
429.73444925002
431.231326807008
437.565904170015
509.381490130025
434.855212168017
403.609619748011
432.250979096011
488.14239034202
326.334631390026
464.606595743021
446.538995787009
433.193139324018
421.628448468013
490.535018320017
506.318009510025
408.100382436018
445.78741640602
474.757363170028
341.494321772018
450.764674133012
454.878854471019
426.019538399018
380.078193707021
435.34859487302
477.08030848402
444.523314457015
402.526893035017
417.183155170022
428.738100867022
455.72319496101
494.134926752011
381.731831231022
348.144058397011
522.987553016023
377.867816496021
396.887769270023
455.312730525023
457.729523835013
486.803289247021
387.846013733011
506.682222534025
471.965938315023
411.997315152021
405.737581052023
468.661424670032
446.863846842021
374.41605725202
448.345585315025
513.010985989013
410.847704736014
445.327317912017
578.000278860031
404.35473086302
371.913155947013
443.776230756015
301.402404521014
343.95262858402
397.520786323014
446.826983858017
406.162457327014
496.349564856018
522.260076314026
427.322364993017
532.09257662202
518.908435988024
452.173595712026
381.160117310031
485.618527004021
383.995628600033
473.961063929025
481.415006604024
381.469960257022
404.101507933021
388.992990688024
577.329303228026
538.199580402022
464.196238755022
393.877159866022
528.41019381502
481.399209880024
498.146605638027
453.16745689702
394.333790052016
451.958207662017
438.981268995022
568.450801518026
451.623622405023
422.212958576026
436.300519524025
448.346474077027
435.942905005021
539.118862681022
372.070044027026
420.085429781025
426.377062698023
613.517965142023
379.10060612802
395.738883939018
543.257702690028
451.96611821703
355.65823812702
385.727797947027
476.714124319017
476.941308621036
507.735093394018
491.026868281011
337.078362076028
474.810967165013
452.586144035024
339.576490854029
381.20434909203
469.531715519025
471.305780504025
468.031233372017
457.831991004014
463.141914432015
424.210901709017
433.679096917018
552.959733915031
509.161510237021
359.298633372021
435.625408359016
457.381325693035
481.367356590027
515.703755741015
404.63581181703
474.466224922026
431.781309663023
428.211359249019
479.446010291014
435.385420155029
458.454762781031
364.889231043037
440.711809767038
332.295275184038
478.838678265021
521.60452212803
427.622950736037
533.458344085034
395.92690999504
495.310983010029
474.222259886034
441.401268683023
486.488077261015
388.630902145024
478.111467536024
424.771993956028
427.235638524024
408.018404373024
440.770054921018
348.111091265025
481.384361504041
520.819281907023
476.97666757702
428.067650988027
525.665378273033
459.69312400203
378.785427402022
472.323903801026
440.231971072023
425.32326228303
371.603829192026
378.016930263016
356.914769621028
404.093966013022
397.454369101041
343.860928807032
403.939865809036
436.560029597018
476.916971690031
464.68546618604
295.022586741027
429.405881132027
431.221127038043
507.604438141044
455.96897901504
411.801963285029
496.379190311018
350.912465373028
377.97299526602
528.072060677033
535.11295471904
518.923886711036
519.699573946042
427.594832102045
344.639322574039
"n_160_d_sparse_tr_10_a_100x100_idx_0_p_flooding"
5387.15786599001
5077.23774572601
5065.92953989301
6115.42259884201
5215.91057393501
5679.64878981201
5806.61891735501
5152.969558639
5878.969262634
5555.12080517201
5441.68313497601
5406.73140789601
6243.880535644
5850.02571732601
5073.34242469901
5502.915238508
6170.175356272
5440.59835755601
5502.051536469
6262.982582033
5201.79506709601
6076.79693514701
5531.98972084001
6315.04494603401
5254.04742102101
5625.14721614301
5942.83953584501
6168.82096322901
5680.76543815201
5858.30481939801
5513.72896089101
5783.16412466501
5528.67566053401
5127.69395697501
5653.46318730201
5508.74052398001
5836.14860553201
6045.90585409601
5343.19392006201
6162.83634104501
5585.75217649201
6095.92267324501
6012.97747289701
5542.58505077801
5101.89146078001
5083.74883144001
5557.90705693201
5771.03734145301
5780.97611212701
5385.80636183201
5475.86163635501
5732.77079950501
5565.35828681401
6152.04159052501
5246.10118911901
5026.74869364601
5441.39819569701
5767.87428054201
5778.09057041301
5350.79699856901
5720.78887595701
5737.91784588301
5265.35399640101
5564.37067770901
5066.14378755801
5615.22098516501
5297.33469470701
4841.70378995701
5984.58969523401
6429.95099373002
5265.59174442201
5861.74452533601
5487.25705211501
4940.02442990002
5251.82200181101
5658.12003253801
4869.82074150701
5311.18958641402
5662.76166416002
5028.14871716002
5738.91491816501
5778.30618675701
5750.98280586801
5550.94135117801
5531.71250448702
4964.82899016802
4996.87553684701
5896.86468921002
6160.50282054802
5244.82777219002
5857.71749800301
5900.15264786202
5126.64748699702
6056.43460991901
5679.81318794601
5396.96372683201
6097.81191066702
5093.80659476102
6092.55060034002
5571.83051088501
5123.82968660901
5946.24547863602
5587.50449248302
5436.27820322301
5669.69813826802
5624.25980859402
5918.85374285802
5241.63759951101
6173.06135891802
4580.67128946702
5737.01379445201
5887.53939797101
5259.93084359901
5291.31863907202
5482.90104962501
6286.53855957901
5927.43279251202
5809.99254292003
6275.68956888003
5346.71283881401
5823.91598136401
5702.47471927502
6096.57413051701
5581.59303388501
6175.93067413301
5496.44643836402
5431.19638254102
5738.57185666202
5601.61219344202
5439.90288609501
5485.45439743202
6213.18971809502
5676.99529813902
5398.31269353402
5436.59212145701
5223.26109593501
5941.14593341902
5329.60459904602
5185.19779199102
5638.27052270302
5812.42568307401
5370.15950941802
5624.37885429902
5782.38922942701
5454.67342827602
5477.45216305502
5965.53270881101
4408.06402728902
5254.61577132602
5288.05521224803
5901.01006454402
5553.20134684303
5475.49355262002
6161.91506900302
6350.83580305003
5636.09875962003
5596.83680302302
6130.42800971301
5088.47685146402
5957.16076428901
5522.39951002701
5004.68849919002
5483.17292221802
4632.63006199801
5782.86393331202
5921.78340390102
6147.74029515702
5093.99334530302
5315.64411785202
6145.16413741202
5485.70199218102
5720.24832006203
4939.43711885701
5256.58306216901
4695.70624522302
4795.83394593702
6379.40086512202
5286.43000999702
5404.53219130004
5252.33128548503
5831.31009728902
4749.25498323402
5228.61037103502
5656.43199491402
5131.57316559501
5626.05249197402
5688.31731279502
5311.00214743103
5542.59405936702
6065.20937584303
5307.80533730503
4827.62426967602
4863.01732383203
5783.26389160303
5039.34430992602
5153.18730462403
5701.26214101502
5582.95138130003
5290.04520101702
5592.65010796902
5617.11171223803
5798.02259228003
5512.03569463502
5596.93467444302
5268.42705375901
6282.41555964004
5760.18160187601
6741.43015501201
6259.43350679603
4971.66644014402
5707.16294133203
5622.91244979502
4461.73840275603
5983.93270745703
6097.82993078102
5959.26391803204
4630.04726753601
6125.05331191602
5731.48165565303
5620.12259890201
6242.79589228004
6172.81937976904
5410.64695034402
5561.53822374202
6343.72821805803
5277.54989192403
6201.56523275503
4954.87125473002
5851.87220502903
5942.54383169903
5711.82466060301
5612.85442804402
5584.09727037005
6731.03169463704
5605.53762383603
5838.48032797803
4879.55310084402
5835.34125463203
6159.76186505603
5515.80151361603
5327.62826546303
5089.72222152403
5534.21115086903
6216.32960440803
5541.65084660005
5682.71109764504
6223.77384229503
5461.08519516503
5988.39414231304
4995.10531849703
5802.29405711702
5207.53526458702
5940.76586680603
5215.28241975602
5440.71712070402
6033.69980142602
6213.72356766201
5720.38765241803
5319.73867750702
6212.14701005402
5282.19712326504
5176.48730516902
6155.72950274603
5733.12789504402
5626.02423911204
4575.27947033702
4837.31631086502
6019.01467057402
4925.56296584704
4998.96145324203
5844.14055130304
5196.31067657102
5524.61037967504
5442.52960943103
5697.14674497303
5096.62753409603
5329.51221757503
4343.87591421304
5583.32564744003
5863.63315434704
5390.02313747804
5902.37310257703
5222.08040062805
4583.35790325103
5778.17275410604
5022.57700672703
5495.81949930703
4780.43491832005
6095.28191004904
4763.13924565804
5958.32140277102
6418.19443163604
5457.00309495004
5312.40358689402
5396.91821395803
5192.03497732204
6027.94320089703
5776.54168785304
"n_160_d_sparse_tr_10_a_100x100_idx_0_p_mprt2"
2103.674826189
2174.78015581601
2124.646818586
1851.470872796
1857.43858852001
2490.917329112
2173.74043756501
1752.708779355
1648.462986279
1996.572356015
2176.42990520201
2014.673399519
1873.85117452801
1798.475423147
2042.62376785901
2339.37112271801
2014.211525019
1991.55439297801
1935.95511317401
1402.38311149201
1416.27615680401
1904.501249635
2057.97100569401
2314.41890436201
1724.407487344
2432.251755355
1982.66933519601
2007.168550679
1870.935882003
1944.73664156001
1961.40342087001
1685.164190344
1998.24785796901
1910.15359875501
1926.83297488401
1907.99834362301
2003.20882415801
2063.41369974001
1857.67479205801
2071.45050122101
1526.10918282701
1878.18293650501
2011.58155782801
2256.92367366201
1984.30741230601
1815.62329470201
1974.62878449401
1848.91361332901
1868.06409383101
2290.17594159401
2279.77651862001
1881.87689372201
2154.95746415201
1750.32669475002
2142.88122006401
1604.30488828901
1958.70849801701
1751.90881507001
1953.14195675801
1862.01524112401
1519.49429825801
2009.96845973001
1779.03276425401
1899.91897290301
1760.25752599801
2075.94682277501
1796.04393083701
1647.82029140301
2085.89291636002
1698.07362267501
1928.03359635901
1890.49489807801
1702.08390748101
2013.32089586701
1878.20221827101
1795.77315362002
1535.60803795901
1832.04732884401
1815.34384893401
1921.77172598801
1888.83483287501
1902.28123169901
2157.44488151101
1853.48818150601
2126.74716826501
2181.44708320801
1818.56782768502
1517.55043905301
1957.33334168601
2091.17131550902
1869.95304118801
2054.94383751201
2361.77771243202
1942.70184355901
1922.83495775501
1875.09398718201
1910.75384292901
2247.93516108801
1830.34192289601
1580.91576307002
1808.03707238302
2261.69947263502
2372.99457996201
2180.35265863101
2009.70362186003
2419.04231537201
1618.43850311202
1815.98141832401
1981.51896935701
2075.55186118901
2022.20861004801
2029.29387990801
2149.43740401802
1883.94978644402
2254.14222888901
1611.47413368101
1728.97117968802
1696.12823869801
2153.86050522801
2142.38309606002
1573.45160648802
2475.89237710201
1970.65798042802
1782.88514936902
1799.32979863003
1472.75742740702
1841.34625938901
2064.36753148802
1847.40456569202
1606.99479051601
2207.77343535902
1550.17473354901
1769.06451785301
1707.47092580201
2022.87339182702
2016.79202992801
1750.62049627901
1981.13951160502
2152.78458470601
1992.52659757302
2025.71777750003
2194.93560021202
1986.17468437202
1964.39547723102
1762.16976150302
1987.10283943501
1857.65042963602
1434.61900564502
1765.67844464402
1921.68641395702
1341.23961109802
1745.29455786802
1978.49354564502
2327.81039727301
1670.55657176003
1943.33420291002
1709.23067204002
1603.52667782502
1828.85032337003
1566.58313830302
1518.51617390302
2100.42932998901
1944.97494476902
2016.57681052203
2138.74462176702
2004.68793283102
1910.31528226102
2069.46497767802
2194.77448462801
1685.11627232003
1928.17157493403
2048.69074415203
1318.07444461101
1831.63976425003
2135.22876951602
1730.18977207403
1714.24143546902
2108.47292551603
1940.02316210602
1865.65645332702
1716.73282509902
2088.50843295502
2279.00364030502
2055.96188681602
1899.69954385403
1983.63127367801
1645.28445541302
2394.09521381403
1573.59306837502
2039.49232495003
2266.87129871902
2128.54656489003
1729.77551465802
2006.87188847103
1780.51189565502
2036.12346511702
1915.25040343004
2428.50010598602
1650.99527764102
2093.79159855202
1903.85633553004
1963.18139552203
1637.04388800403
1825.20027708603
2059.23017691103
2056.31527533403
1651.64392572703
1934.54656599403
1980.42396679803
1859.57499009203
2268.24074741401
1639.13345870404
2042.65493600502
2333.85627499703
1890.77253886504
1967.99063581301
1980.47541645403
2022.11183403404
1880.40505851103
2135.91307510401
1848.92742050101
1951.19667215403
1977.28165962803
1860.69663875003
2350.88808473103
1971.22846041901
2088.19163387403
2241.34443392703
2299.09260783302
1487.39946271502
2174.24032681902
1886.92971472801
1692.79521522301
1964.24910531402
2050.54055943302
2008.50816110102
1418.79782837302
2312.29693483303
2453.36133220704
1810.30084616503
2245.08857258502
2566.73118315902
1958.82212857202
2132.20665907102
1868.68390879602
1944.57879313202
1889.94412078904
2109.31281850202
2089.52774706103
1769.12486182005
1873.98032358703
2012.71799071702
1883.03556572703
2312.55137622702
2144.86604618403
2169.85966525604
1839.38258736703
1985.02637543302
2087.71777692803
1886.02466633802
1852.56824829804
2050.79714954903
1820.45995317802
2018.80073354803
1919.51461179602
1762.69704554701
2162.34713745604
2075.15569815104
1905.10900179703
2183.02040578203
1964.31869768404
1940.34066916402
1520.48518510404
1697.15882321702
1861.03454637004
1844.79865622103
1989.95279206702
1849.92777254902
2162.40932038102
1759.65152696102
1892.67140859403
1554.85871008503
1842.55965446704
1741.54834412704
2030.73158553403
1785.46848992104
2357.73594906604
2202.56226877504
1828.62876663103
2067.38496464104
1863.39935919102
2097.73261988803
2104.39788487503
1902.90567089303
1931.02456561004
2188.38003307403
1803.57213648102
"n_160_d_medium_tr_10_a_100x100_idx_1_p_abba2"
3337.788282737
3851.346579847
3845.50978273001
3755.283042049
3570.400286633
3648.423345017
3731.078772227
3642.846698949
3537.51652715001
3999.869071397
3545.76019632901
3878.950111293
4018.19864964001
3958.05597729001
3680.53039969501
3768.244403783
3393.60692715701
3937.53938794401
3470.975819629
3581.72261346701
3314.84354462901
3905.13084606001
3346.45187260001
3471.780484886
3709.211825788
4002.68798082701
4317.62471614201
4115.53043875901
3752.43220197701
3404.04472410201
3531.280059549
3796.13638180501
3824.47325178201
3620.74602622601
3729.56637771801
3529.47394772001
3522.29070760901
3490.35503463901
4135.26189312301
3450.27847082301
3938.77013642701
3990.743077438
3627.19977187701
3802.54583425501
3418.92096421801
3529.26213046701
3853.65013642901
3622.653703305
3773.32296941101
4058.75724549301
3534.59010289201
3730.58144344601
3714.58458256301
2959.26402726601
3501.59620386701
3689.09220128201
4015.28419063701
3536.70887412901
3879.22802282301
3733.27568052101
3868.22555383002
3771.54905063101
3817.29602604701
4071.17528756201
4185.98278838101
3454.19899386201
3379.38827089801
4209.74247141401
3705.26112881401
4027.77759749201
3156.64862332701
4085.64205354601
3900.86605573101
3735.10643454901
4208.65211341401
3581.87473449401
3772.66081895801
3677.49123407801
3422.71875869002
4128.02500288901
3774.10486123201
3775.25552310502
3443.11202379002
3640.00109296002
3994.47958836501
3409.98348234201
3756.13651317902
3514.21983341102
3915.12396214601
3918.66460489801
3566.69874803401
3089.04021237201
3940.57132870401
3607.43217498701
3894.46251714101
4077.99096576002
3512.09929640702
3781.75541223901
3891.03871479202
3200.58542857201
3983.76164303801
4116.28260836702
3439.74438575802
3083.77935365802
3513.56126945801
3832.46858229501
4135.30727582301
3936.79109171902
3466.56827639302
3670.55305248601
3868.54770570201
4030.57269913401
3793.66189159701
3392.11721415302
4023.57336817802
4269.84117812601
4086.99018485002
3883.00485459202
3736.50626806003
3971.93290555502
3983.94545024901
4131.66272606202
3327.74434616101
3642.82030376202
3482.26755492702
3811.83126517402
4196.40999468902
3914.60083077801
3543.29136484901
4018.87420921301
3760.75637508902
3801.18646241003
3865.47726828101
3229.17329118302
3713.55079242802
3738.22840408202
3755.38577139102
4142.01872916502
3730.67101687502
3827.46735920102
3576.36380693502
3257.31769232402
3500.23748986102
3614.55258838302
3337.31195966601
3758.67982215601
3911.02394436102
4238.90642906002
3673.30529747402
3875.45404005502
3723.57219987302
3987.98420187902
4176.24083025802
3416.64615009901
3512.19886456401
3994.67429721003
3582.64018383602
3825.52923161703
3882.35169497702
3861.28845036102
3803.41393665901
4361.48379702402
3668.49964846702
4174.08643464601
3456.41103093202
3340.19781019802
3581.09294788503
3801.59672338301
3963.70554082502
3713.80679522102
3588.44433748702
3971.50336188201
4225.91696930502
3660.57627239502
3367.52962665902
3755.70768180202
3924.50799260702
3615.86060854901
3733.28948774402
3524.34605260702
4141.19077813102
3497.91687420301
4301.76505922402
4000.12164224802
3593.17053409602
3273.04760047004
3818.89863273302
4015.40202100303
3901.04074599603
3749.89923760502
3683.24447288101
3319.49407671303
3311.39588721202
3611.83462928102
3024.48932762702
3389.86982742902
3769.36917907302
3860.68646533403
3918.56130498603
3859.32522624202
3776.19199351004
3522.70787879003
3898.33598588102
3181.26743009003
3592.43985323302
4132.19512575202
4054.93370381703
3323.39405363302
3680.86405149003
3859.07031163202
3242.54765453603
3517.19622766402
4256.09907185603
4166.59186873701
3444.64050955702
3721.21169513403
4020.81046550103
3261.95158974303
3181.84873522102
3710.22959793203
4006.87720061504
3756.19216775004
3191.29373496904
3449.95436399202
3659.09787896703
3739.63924497903
3734.17006375402
3905.79471755902
3306.33386797004
3724.60382577401
3683.50566622303
4018.59141833901
3809.54522843302
3616.55418780703
3521.52632899003
3518.62295297403
3992.98915041302
4422.09354875402
3388.59767206202
3571.99139189504
3583.28473569003
3755.56701920803
4298.30806462903
3193.13282774601
3939.78288673503
3802.56776208404
3218.25996810702
3733.05268211902
3600.63763224804
3640.74058132303
3894.75451708103
4095.54438599102
4692.27131550903
3519.77417462302
3681.18875518803
3835.73729722303
3472.33959199804
3664.98758452005
3828.59646873203
3668.31773949102
3825.47788011803
3926.43536609802
3886.94680779602
3836.81067534602
3956.99624081402
3244.84662989903
3563.10685214103
3766.13030387404
3964.23462018703
4143.49948157104
3557.37066996903
3466.95228655304
3628.75477238003
2899.03562787603
3646.51188264602
3931.96435080702
3698.11051255402
3889.93578357702
3419.18065589303
3747.69257001802
3522.94289998403
3899.61462644203
4104.90158410303
3315.09175164703
3894.46380705903
3894.67808824102
4249.33874187303
3694.88113933903
4073.37017228502
3931.46367807503
4115.30774738702
3933.22373576902
2838.99198976104
3448.26386766005
3647.25024967603
3706.17325306404
3667.97066034704
3657.53595324304
3905.11111029502
3771.85334653404
3635.87541502102
"n_160_d_medium_tr_10_a_100x100_idx_1_p_cds"
1307.002809074
1197.25832595001
1336.57530615901
1107.82925126101
1078.856245665
1249.24893835501
1222.543458695
1360.749284615
1200.913575493
1308.09248272901
1280.193243854
1320.37202122401
1445.011789976
1242.868172093
1135.34479870301
1104.86925609401
1296.78349545901
1136.31094108801
1137.44576081401
1437.47202074401
987.885732010007
1076.74365087701
1378.751903859
1289.68147640801
1265.872004763
1364.58771798001
1184.06756000001
1234.12034836001
1344.910099918
1216.48619793301
1042.06396792001
1114.04344709601
1391.42667476501
1239.85231467301
1119.03173955001
1153.97727805101
1317.12824977301
1222.98189809901
1246.23422757501
1264.85564776901
1442.76941341701
1154.59154568501
1164.08218922101
1409.98002863901
1036.15827152501
1161.60774707301
1379.00628427501
1142.86509042201
1439.19508119901
1102.47814956101
1347.04882117101
1274.89712766201
1285.25154517001
1340.41748584101
1095.62566153301
1601.59263418501
1553.47991953001
994.773654668009
1309.88298964002
1383.29914563101
1209.54349501901
1172.90797965101
1171.77818645401
1376.66828922201
1051.39380829301
1264.37784025501
1225.43786575601
1042.90894030901
1442.19561958501
1305.83645275001
1466.78025813901
1337.86445145002
1307.47466466301
1335.28915680901
1298.55116474401
1164.59277425801
1324.79013726101
1308.55354007002
1115.69000589501
1261.00524618701
1400.76281334201
1130.99581108201
1384.73048740401
1245.63484634301
1216.55737118501
1038.80097776701
1453.70358968802
1364.54722812302
1182.44619913001
1178.75564792701
1192.79736319002
1394.67168405201
1385.64728959501
1135.16869194201
1361.00172415401
1261.20651389601
1120.78690433401
1426.28222326101
1273.31418453902
1294.45300062801
1206.34729039101
1057.35630768801
1278.53574488601
1090.56243074602
1323.57967438502
1207.34448129501
1276.60063809802
1163.71229961702
1266.45128948502
1139.77244639402
1257.00277241701
1288.44432064801
1213.93575683902
1155.22939437102
1275.56815645201
1228.16347195801
1319.78205293701
1367.86154766003
1401.55839061902
1021.87438344102
1392.01486265802
1158.42087799102
1318.42961721301
1169.51418255401
1113.80040186502
1394.23998852301
1235.75817083801
1270.68300145602
1410.50972425401
961.494462557013
1123.74740667602
1074.65258700702
1156.89751188901
1110.07534175701
1346.01209799601
1349.35615739401
1078.27637136002
1293.29686395602
1291.52756826902
1310.79103232202
1220.02205961601
993.643413158011
1112.24008091601
1108.03990571502
1230.02905984002
1079.78241993003
1057.66666773401
1291.96555782102
1058.76963588102
1160.77894120401
1031.54128764201
1187.69096478401
1220.33105164802
1192.02655690302
1292.23678435902
1168.75519895501
1500.83347916102
1069.53798873502
1162.76413031102
1176.31396314802
1563.91037463202
1333.30354829302
1072.83978191302
1341.93152076902
1365.59261798801
1177.83195671302
1200.62918816502
1323.11349757602
1131.29586540202
1224.78321286802
1249.93723991201
1357.67354793202
1102.72848207102
1183.95171559902
1029.45358059902
1307.41461501302
1326.10951979203
1231.79936826502
1336.42756987003
1290.48882912502
1398.89152506302
1264.67790985004
1501.53421471902
1311.08089359702
1247.84160124302
1050.00594130003
1048.28051445202
1119.63182570602
1228.11839745903
1036.11111922402
1292.64423474402
1112.74327781402
1131.21578482603
882.189020638023
1329.00491747402
1250.72177546203
1136.32509793402
1343.29910984103
1257.35548176102
1313.90348272203
1406.66730189004
1109.74479745302
1255.46132204802
1129.88132531703
962.286385971026
1259.30997167602
1071.06213384102
1200.57253140102
1234.07387382602
1114.86174650102
1357.94495823302
1433.61872445503
1326.08800299103
1398.87477724102
1262.14414292804
1348.49756777402
1246.37349430301
1270.80577864604
1387.82869273402
1033.22437994802
1267.56844676203
1158.41495289203
1234.57241153304
1227.61165590603
1358.59048605403
1159.73913021702
1089.17196239801
1109.73006291005
1322.63043627503
1357.12056618704
1010.25951019304
1140.76670565402
1370.20801194802
1031.03007832203
1387.95945603601
1461.64703164902
1193.11703220504
1439.48466399004
1167.16840667303
1232.76439257003
1195.17171051902
1518.44998007601
1385.92728716503
1092.15882769902
1221.43613692504
1025.65164710902
1361.25829126803
1268.98021121701
1398.87244419504
1407.93554786202
1168.77915137903
1247.82399062602
1179.32023570802
1172.46842399302
1346.66860775204
1109.74529839402
1279.13168621802
1332.46253318802
1242.63587392903
1337.36936461202
1095.03739186502
1049.38578685602
1336.39447488503
1467.15080627902
1328.68776047403
1186.06866795005
1265.03554627502
1331.01237542903
1480.29236340403
1442.65794243003
1209.08791738802
1268.13950477103
1103.10138326903
1290.63977337603
1551.21994845004
1172.73494682303
1348.81788684103
1054.28591034902
1432.15553011504
1174.44797882004
1222.39738705204
1327.75687832702
1217.80710725804
1239.79385483804
1314.22472552802
1217.59536064403
1233.52621816704
1292.65270985104
966.365273032039
1071.84146670804
1251.25776294004
888.287203061026
1169.92078886602
1218.05676056903
1133.00594602603
1170.69464223005
1245.86643150903
969.38571220403
1396.00510860603
1035.18450820803
"n_160_d_medium_tr_10_a_100x100_idx_1_p_dist2mean2"
219816.938803085
"n_160_d_medium_tr_10_a_100x100_idx_1_p_ewma2"
331.129761465004
264.050178899005
309.358490231006
260.430368630004
242.346764045003
260.090297176003
263.410703131004
232.019588959005
232.591924277003
271.631798846005
259.579584599006
198.434616520007
230.069844912006
226.245076166006
255.362769606005
254.910428323004
221.845452323006
244.096161060007
214.320984183004
214.944248101006
281.243410477007
235.500151287006
252.373585280008
183.211366195007
184.369269299005
247.212324967009
253.535735366007
181.251177136005
256.428398735004
246.571151294006
222.068872828004
257.629443670012
283.693805496007
244.772883791008
227.753564939007
243.318093789007
201.024548226009
251.657696378004
216.455497328006
306.626145658008
266.701784172007
250.027862955008
249.764526386009
267.86715592101
201.860590264005
216.016255650011
172.315316475007
339.94083447601
218.050564676005
221.128878908011
271.246639435006
282.728715583005
251.236196129007
217.251518149006
231.007215826011
279.493370397006
273.00566236601
184.69023947101
257.587776207011
250.140786789011
237.880341718011
225.01742616101
231.156138858012
260.39240767701
240.218888905012
207.262494366013
205.717404203007
259.731857788012
245.751818038009
296.675039076007
268.73434600801
271.531842348011
231.112544188008
274.840061188009
270.34524156101
248.747471249011
192.476245822007
306.135926427011
220.701689935012
228.729523887012
302.963368679009
228.568439760018
259.406597055012
219.989575826013
203.391848443012
244.892722774011
213.987822625015
231.93001384201
179.505083708008
255.403503758018
259.065801520023
236.009163722017
256.462216010021
232.081126750018
226.35534581002
257.513999791016
276.338635019016
209.993868049011
239.557802876007
183.972102167019
288.478222963008
201.617825611009
225.098473987018
307.615355604014
323.673679001018
230.980078491015
253.506726618014
233.946244490014
229.355574214011
295.613523475012
198.876379206013
239.877191589017
173.84266626901
249.27928415201
253.037971125011
256.300283613015
346.027772808014
195.151586122009
179.94031070802
262.067624015017
291.500786504017
263.001826093017
293.807836058008
212.457727975021
232.138993934015
249.145788378016
195.093788437021
234.089371563016
268.74340976201
231.176820967022
268.824571982009
270.637312698014
294.217496742021
247.548977423023
250.495609401014
163.235916762019
234.756204364018
191.070331250017
162.171162213014
293.418467221016
269.812240497018
232.162247785013
235.279458681021
281.787622443019
241.746546749013
261.815112189012
207.675440560024
248.852423565012
252.313247030031
251.102934814014
281.689890390027
200.23442385002
234.946853446019
276.040214332014
277.426906803015
243.506370215016
162.428481557015
189.007477258016
268.722574309024
195.358730235014
283.17553870302
304.162096570025
286.140465644024
294.819161552013
216.195984354016
254.362743256024
211.645817004012
227.543386213014
320.084896015018
237.523589112016
203.336617582025
222.184853066025
228.937812318023
261.941245557026
244.636421717018
266.900887971019
294.021377405016
261.88439740902
277.772096786023
266.898601537022
220.454552187022
255.376536364025
202.816640534024
210.494512393026
165.900885377027
294.485861371015
230.415036864017
239.335582967016
208.242437039019
230.780922286016
284.954974258028
246.489726526022
260.49976927402
230.103093891017
230.494127907022
263.293934634021
278.980197765023
242.155166575017
260.638852238017
290.372391517025
337.303471526027
263.821518402025
261.85052312502
242.174869330029
243.305081663024
223.643104078022
240.830126215016
251.953690857022
271.874621410035
256.501564012027
236.28567799102
306.065492207026
229.761166191025
282.284592872017
181.851211605021
220.710438649022
244.991158710036
223.308835828021
243.954459647028
217.099311300046
194.621933282036
229.728233527027
199.910898764017
248.194451559016
199.358266580049
213.121198822023
242.640790598017
214.968650064037
263.378254834038
285.258611480032
255.466527527034
253.029730296021
266.711634987018
256.095561398013
269.171112423038
251.417583650039
178.429996417037
231.427543507039
196.304942042019
270.916844980036
170.209239787027
232.871274544038
256.275278044029
236.14663071703
265.895864541022
225.425710363027
267.282054334032
298.99563139702
204.305634033034
270.004308413036
249.869597697028
248.208484866041
218.686683761035
244.488437831023
251.51084102302
224.321213419017
193.900432857021
238.422379320042
220.678872775039
247.923146793028
191.389784576018
238.831749177024
270.66638961503
273.843811964014
292.163894158023
270.944150976021
225.947035035034
270.192725676026
210.499588229027
203.046538181042
179.066833311026
260.102635138026
275.730297703035
276.259273572038
230.696146935031
249.91187606804
294.049241650043
269.538465699043
210.395475498018
227.491364158027
225.841359298016
198.269947023022
309.600419980029
223.725949077021
244.151681592029
186.971763572018
273.240392088042
247.079495232043
205.848897022037
294.405585060048
223.389255847025
311.809628588037
225.801884257038
261.315361697029
266.480260511031
233.431488774016
207.387841560035
211.502674183038
223.662435545037
254.976912499018
254.986093393029
"n_160_d_medium_tr_10_a_100x100_idx_1_p_flooding"
3337.788282737
3851.346579847
3845.50978273001
3755.283042049
3570.400286633
3637.664471569
3664.734380921
3580.066942687
3727.50975048901
4373.43679247601
3547.38980522901
3836.883570996
3224.234817605
3960.80700882401
4061.48572533601
3893.70007135301
3324.66102763901
4108.223847121
4060.045850371
2754.02041904501
3629.79915634701
4011.500842583
3468.82281788901
3803.840701589
3803.70491547701
3714.755899983
3682.03639650201
3691.62552436001
3332.07376428901
3864.29217879801
3479.71627343101
3585.62591765901
3604.29231311101
3833.43008294901
3310.79482512201
3942.21110840801
3469.25158642401
3410.87162145501
4131.86693458501
3778.63138810701
3376.69604670201
3633.80156770101
3994.34281446201
3589.79035205601
3575.55368098201
3539.62191261701
3854.06500658501
3645.24119293201
3580.56661116001
3816.37588008401
3644.56393633101
4199.98018685701
2834.13124387301
3436.51493258601
4226.69484842601
4137.04551953301
3399.22632311001
3183.89520772401
2988.06972961301
3769.22027583301
3930.35707809501
4131.67022657501
3704.23784934801
3093.10244114501
3733.09621530501
3345.56761154401
3516.81170046002
3493.11145398301
3144.98165300701
4531.24053709601
3610.37756208901
3330.37204386601
3982.62140134301
3698.08920148901
4392.94612549501
3802.37220540601
3133.88234424101
3841.87970936301
3263.14827918901
3818.95668775101
3607.60530998101
3744.18835497902
3880.39290314101
3565.46010268301
3357.24693035701
3735.76463862702
3987.42079452401
3675.04468611202
3558.83257251301
3714.54147983002
3885.53140337902
4072.50782756002
3369.29684622601
3937.51205625901
4132.37292909901
3297.84316626501
3472.83468314102
3464.46936073302
4009.74724269201
3684.45141028002
3985.45537013003
3701.58472452201
3881.58865907501
3947.84967590901
3380.46408102501
3800.74799709601
3479.58132728401
3910.02184444402
3832.89499845401
3312.22435933002
3559.58318022901
4348.80003756301
3460.11307465501
4342.56800244002
4245.31051687902
3775.54687214702
3549.47171341601
3583.56044763501
3699.53150744101
3532.99347238502
3730.55281566401
3488.93027107901
3692.80899323601
3980.80556225102
3854.74295192601
3541.06829598102
3780.72346509602
3606.22307852502
4131.11157047602
4384.59375442702
4229.84073392601
3741.99526117101
3385.42421293202
3581.82343446201
4140.78925909502
3463.91601786301
3377.25678104502
3869.22808848902
3634.59833200902
3677.97671989003
3321.96471669401
3614.31014267602
3367.86916744401
3808.16247243801
3991.23799831402
3475.45640643702
4235.51274365701
3854.27038703301
3957.58041813502
3672.79772454802
3404.03914968003
3535.44571102003
3289.16543735102
3638.90077808801
3989.87613505302
3808.11284069301
4134.78730944003
3616.20008696401
3542.68401241802
3704.11117894302
3708.13256719902
3684.85653300301
3621.82617743201
3459.59830518302
3215.29875173802
3231.10337088602
3487.14624046701
3702.27845015403
4387.03702847302
3739.64608827701
3523.83189003802
4591.29960822003
3849.56327353201
3598.55451384801
4289.38271108102
3742.88893873802
3793.12876675202
3447.22794124202
4203.55072416201
2958.84889186202
3874.25569001302
3517.06395637503
3966.05104283502
3302.32790083004
3719.24355656003
3577.36397476003
3498.73696985603
3750.66236954004
4006.13266065602
4000.03296021302
3155.94749874003
4035.50236980602
3439.11610085303
3669.03322658402
3496.61690621802
3848.06546373203
3428.65929333803
3724.97230476903
3694.52697182602
3394.49370135603
3917.19760466502
3572.78146196903
3469.19059554102
3721.83919397402
3609.33630286702
4052.76460823703
4153.14100985003
3055.24764969903
3950.31467030402
2951.36721442402
3622.83472445802
3768.55678172501
3825.72123393103
3813.65202310101
3901.25743319302
3575.47058222602
3601.06053237402
3960.64869175603
3025.97828272803
3657.45679646002
3616.18499607602
3934.95683021501
3625.16411917002
4183.97908823204
3532.63479779602
4095.91488689404
3503.33383376903
3981.68991690804
3577.00247030303
3606.89755011302
3720.45801121502
3291.70528353004
4199.69318517602
3924.13430252503
3724.60233804003
3511.55623562502
3931.76701152203
4292.04113914102
4361.89969567704
3732.28364888004
3631.26646341402
3682.69051915104
3875.13759126702
4051.69685628303
3559.99471848304
3674.35077411403
3931.44839590204
3978.78343645104
3853.74719974604
3725.38809211804
3734.28519706601
3725.26441878304
3899.66055982504
3537.59381462203
3752.63145613005
3541.00032693202
4454.51959558804
3493.57173066005
3483.10848951604
3676.44852058802
3409.42490737103
3322.01418414402
3632.34892541004
3838.38716156401
3933.82003567504
3632.18725790006
3185.13060478702
4255.23268816602
3749.37925497304
3968.27704502303
4079.70343813804
3538.53752297903
3380.52258862103
3487.12132865904
3782.07157240803
3478.98890084502
3695.13755084904
2959.09715483404
3455.83378696102
3440.07836213504
3650.39318571604
3612.81673390104
3686.08502971603
3492.60999215403
4059.67625571404
3424.55294114004
3643.78739283202
3776.89936423204
3219.69848716503
3921.86333401102
3220.08115613903
3275.70320247005
3941.48899616303
3652.39767824502
3463.03584952503
3753.39797237504
3811.78667529704
3386.19454722604
3776.06203376902
3681.40166863503
3615.38449714604
"n_160_d_medium_tr_10_a_100x100_idx_1_p_mprt2"
1415.472028733
1127.81230023401
1145.84449449701
1135.474361577
1245.356896954
1085.388514437
1202.11439580901
1215.637905781
1361.864379886
1204.232582539
1026.55082947101
849.340948509006
1046.34251148601
1169.75096690301
1253.63128396901
1072.621629882
1423.176152446
1073.79182482801
1374.186591337
1254.861316991
955.342396279004
1123.267424689
885.508945242009
1316.32773182001
1349.943398863
1058.466510759
1175.40095742701
1299.717125714
905.434721231003
1425.62526358201
1196.455452462
921.765122916007
1150.39207456301
1168.95397965001
1320.05341006501
1246.761093225
1107.97607173101
1422.749117946
1283.206728488
1251.08706767601
847.494647791009
1184.45418264301
1144.40053173901
1263.74449133901
1152.65410422301
1034.12623979801
1231.31187749101
1210.99467910301
1155.77489621701
1164.08881274701
988.978756560009
1092.99357631701
1147.28184853301
1001.46479180901
1076.66504247101
1157.56912622901
1202.76695130401
1120.34522968801
1393.51576056701
1395.60701624201
1161.58555775101
959.467365683011
1215.58539554601
1030.17534554601
1078.38056615501
1214.00079324901
1143.87737232601
1366.76481233001
1272.54098098301
1090.54730982002
1201.30114378301
1267.16567379101
1163.06894790601
1053.54076088601
1198.22748104201
1106.38793486201
1174.08265767301
973.585831920019
1280.37990004501
1251.41351241101
1258.58121177201
1375.60124189201
1401.86922390501
1082.30756567701
870.06027404901
1158.46525615601
1360.06729073301
1143.56778236102
926.615756275012
1152.05184004002
1198.87242481401
996.663222109007
1088.95302521101
1174.13666584301
1117.32869050502
1082.49904794901
1060.59704008001
1068.80616859202
1061.45002481901
1152.45535541001
1294.99162257902
1163.45982446701
1121.64529344501
1175.63587135902
1287.62408473601
1041.05738495801
1138.37162486502
1221.58958590401
1133.02252742601
1219.18670404801
1262.23952415302
1028.83922316602
1125.10792293702
1280.51105980902
1506.70450590101
1019.59616341202
1289.04922535801
1140.66515178301
1131.32545065501
1244.28004026302
1439.15434195802
1209.68979722402
1166.32464965102
1174.89315426101
1277.90659179702
1069.61267658401
1180.20492247301
1134.93361465402
1137.74556303002
1151.06688025102
970.87428105003
1307.79080796601
1008.49174901902
1028.99404305502
1225.19523754802
1221.63258098301
1057.19755928301
1021.79761500102
1104.21988710101
1414.44698208402
1104.80080828401
1228.18822780901
1160.17737068101
965.669957238021
1109.54055193801
1185.95788643003
1107.10675878602
1110.49552450501
1330.36864130902
1153.81964713201
1202.15743617602
1227.12940281401
911.542838647023
1255.77673715702
1137.09421615202
1287.55251624702
1150.13470915102
894.520486160033
1217.57859517902
1089.18093468301
1107.41297291801
1212.94523679701
1194.73486994002
919.723789400024
1034.83360811003
1256.75160301302
1249.20974664401
1200.62318164501
1249.70360625002
1094.25795144702
964.311739079022
1174.71373439402
1224.54526083902
1366.24504345602
1326.44924717601
1096.70806337502
1065.93878938402
1040.34968111903
1178.54670506402
1213.02033637203
1016.77104658702
1047.21984964802
1191.42778087902
1024.45531859402
1308.12257700202
1029.25734146702
1016.74433289102
1224.81442876902
1231.70371329302
912.246720973016
1320.82494744802
1106.93692229601
907.959414783022
999.157168373017
1055.40741041102
1163.02077867502
856.816379084023
1151.59728101003
1089.37300602602
1230.39241709003
1404.04362244202
1121.56168929903
1171.12019336602
1237.16331084903
1312.29560511802
1066.59741864802
1098.12172761403
997.361082205018
1204.12756166003
951.560084713023
994.274740475021
1224.82489681502
1146.14667509302
1075.86560721603
1152.32304950604
1098.50059503603
1202.01262403901
1024.44004912203
1366.02279916403
979.439027467038
1283.98077271603
1253.98562235102
949.548797548033
1248.65277299904
1042.69037605204
1265.67274103803
1277.25062921601
1280.26733738602
1235.12811943502
1187.89081170902
1253.73112063502
1157.36176798003
1180.11598587003
1246.56746833003
1238.87970763803
1320.98908769501
1171.05908659403
1310.98295589501
1319.19567703304
1293.61082186702
958.369826289015
1131.78411713102
1236.52158775602
1017.15838068404
1261.03505552103
1318.41572300203
862.626657964029
956.078301469034
1097.14908464201
1097.00273950904
1180.83167436902
1064.88984862702
1199.87671748603
1141.90737566804
1120.24085159501
970.069498883021
1197.70651065701
1184.21774468604
1187.97052603404
1080.69015474203
1291.39741511102
1255.40161387804
1058.18997950902
1049.42144391401
1230.76003958303
1127.43453604003
1001.45022035005
1272.01788310802
1199.32437621003
1080.95764734003
1276.62935267404
1198.67595334503
934.938280946028
1215.48870942303
1106.78657157004
1043.17911305503
1246.61734074203
1125.08528366703
1050.01000681503
1262.59654032702
1324.91876666802
1136.47792028902
1448.65779763003
1330.02673115604
1295.87509931403
1181.47802731303
1159.20851530802
1271.66919126904
1135.39432255604
1245.06802601402
1148.21909618303
1284.47611674102
1044.19277104404
1092.34039245402
1292.53508206202
1351.25096642903
1186.89458005704
1358.90131113604
1248.41604931603
1044.36411554903
"n_160_d_dense_tr_10_a_100x100_idx_2_p_abba2"
2025.468333865
2389.759300151
2370.35463178901
2501.651216054
2363.25630377601
2216.92490812501
2298.82552459301
2626.42471744901
2460.014391959
2591.47681177501
2635.76190320601
2418.84326101501
2338.873636075
2610.14781533601
2525.41718950001
2546.91896981801
2161.87514845501
2655.71017436901
2757.086159852
2349.655920989
2560.90571673401
2356.10495624701
2405.483967397
2291.96622173101
2356.210056245
2394.27675817601
2506.85423361101
2258.497741555
2315.44218225901
2241.164504038
2453.49003300701
2246.03216806201
2370.71730946901
2441.27900159001
2540.02604821401
2572.97563043601
2357.04952263801
2205.281705701
2231.00616394701
2356.89114695801
2252.75982137401
2378.14258316901
2625.971771279
2527.66979663301
2490.82491583301
2430.20350969801
2378.13198779601
2331.67075517401
2553.13591347901
2223.58592637801
2294.96333129601
2402.65380712401
2335.48345537001
2649.75820552601
2307.17757694401
2101.42280588601
2529.40870283001
2556.87530545301
2190.69338673701
2279.90826014501
2395.87318046501
2331.20705722201
2477.15698708901
2586.52820649901
2464.62513761601
2277.77977006001
2475.24141110701
2291.80560016501
2325.36944548201
2430.17276441601
2354.30153412301
2133.81662723601
2374.16567329401
2399.88632020401
2466.11514438101
2532.44728626701
2392.36040403601
2790.04425537201
2450.26506136101
2269.62207235401
2312.50004571501
2398.09159238401
2520.36992150301
2201.26813950601
2294.28762756601
2533.23642108002
2719.59447132801
2531.50862995001
2708.00588300702
2501.82876631601
2262.07849446601
2302.51197116401
2099.49549066002
2451.26897377901
2545.58626333402
2544.61586765501
2147.90322527801
2567.82652895002
2395.95640594001
2700.92063973001
2349.07710837301
2308.01989960003
2463.35268808801
2820.62258552402
2378.65023556002
2523.39948900901
2403.49607274301
2540.23319959902
2277.15064612002
2513.38493671501
2560.24295507402
2475.73395212801
2501.72512926702
2361.79062548402
2562.58038935302
2450.05785432501
2475.93672864501
2232.62594999302
2760.04888670401
2470.40496975102
2181.93176227301
2460.98075133402
2468.50191578402
2216.97060403501
2415.32544284301
2416.96939623301
2572.00051660601
2495.54476805902
2781.07471881002
2503.96623622402
2277.82937637902
2518.22137750902
2489.97566830101
2538.53206674302
2255.62917746902
2558.05601092202
2430.13713186701
2296.46602618402
2341.34018192901
2232.12193371202
2581.90851833201
2525.15345199802
2615.77168793502
2533.54358776602
2501.92293157802
2533.10512222502
2276.82407474802
1993.78782118302
2384.44923099003
1994.78594959302
2775.40085753003
2000.25431806601
2769.93162763301
2480.29129154702
2452.68229222602
2245.75178146902
2428.53183490003
2465.47653146202
2410.26855471502
2501.31044896402
2473.58940592802
2334.02783549003
2479.19844256901
2355.87435883102
2377.08051314601
2606.93176745602
2433.31212020301
2564.71636448401
2350.14849432201
2539.44662551803
2506.71308554303
2095.42664297803
2178.83583259102
2396.25944986902
2412.05700504602
2349.83404067702
2787.69079368801
2276.50056450702
2288.01306461801
2221.34803336903
2578.08660076202
2355.77682153003
2296.68070762902
2439.13988880902
2458.18612776202
2534.99141391202
2299.38180960802
2568.42245681402
2657.83039001703
2446.17122417802
2322.93781824502
2137.35929660203
2448.22346434202
2331.19105411102
2453.15264690602
2635.52729438503
2477.05368411403
2237.58568665302
2066.53329240102
2758.97515692303
2530.94355427802
2349.13694276402
2449.58454588102
2709.60327497203
2337.07003125004
2447.36769969103
2783.41620804602
2494.40342230402
2510.30020152302
2500.35982809102
2455.10322384803
2414.26779387004
2144.52358550403
2596.84162592802
2463.90979629004
2457.43494048503
2171.55655974003
2269.95885550804
2377.28285089801
2421.99824049803
2143.58009627404
2452.88855839803
2338.00208396303
2695.08588170103
2558.36702226802
2139.26895433903
2536.61976773901
2460.25960602901
2411.61888422704
2345.18813452601
2710.54293920403
2390.97594143902
2294.54512130502
2110.72616969702
2342.80294597602
2537.21519721202
2389.34389307803
2516.52232521005
2322.32363715903
2215.32613117802
2632.38411462902
2744.23974306902
2528.22168434201
2394.95023091004
2202.91920425203
2459.98315493202
2574.69012640502
2710.94387965104
2474.08449190402
2532.64661967202
2159.75409572602
2137.59534301502
2406.58774075104
2553.49063007202
2473.65002040004
2642.66277779504
2593.39743681403
2305.95980982102
2387.44690025104
2363.25711507803
2473.48895443602
2342.07311974703
2603.21153864103
2419.08758261803
2204.58736939403
2646.37576887202
2337.32811641704
2208.13194343904
2303.51664868903
2753.64719919702
2513.16779249103
2437.36553326005
2435.12908947503
2336.07780031403
2298.58341088104
2200.00601081603
2500.64622970703
2589.09866161204
2370.45839242302
2491.31619251804
2522.83882127702
2087.18508676003
2395.90542896005
2409.79236811302
2657.32953064202
2421.34249664304
2388.21273459203
2565.67024487504
2487.59993345504
2679.56772457504
2400.46028071802
2230.12458570102
2172.14306161804
2273.83559248403
2502.31324109504
2297.53864298704
2304.77898764104
2231.23315725005
2233.49180406603
2262.87821353503
2324.25389801503
"n_160_d_dense_tr_10_a_100x100_idx_2_p_cds"
788.389288779005
714.583215931004
788.390043584005
651.122146387003
626.797192291004
745.827445262005
638.573788078006
670.946182252006
654.979421795005
728.551492634004
717.770631294005
761.623312989006
709.094971531005
787.515675666004
673.667848231005
791.404051671005
738.775566504007
737.347841225006
603.377938749006
732.179910967005
708.428329940009
721.493520342005
670.687898466007
762.350992515003
676.494287040008
755.030011249005
646.237935547006
718.246562802008
749.144632339004
757.349172106004
661.048880612007
880.879456577006
696.268301065004
740.942613251008
703.469224985007
838.360956500011
624.796501907007
757.49117803101
593.522273026011
708.995808268007
664.83974849001
723.920176542009
766.082563768009
779.813123635009
748.910884450012
594.099897119008
777.947206258006
780.971334481009
637.316538900016
880.38052683001
671.263916130009
699.814720785007
737.219899452008
653.987115462009
628.230964999005
727.251735991011
619.584587555011
657.756485475012
661.34872253501
743.796754007008
548.024154667012
758.618246256006
646.787624002009
638.566198418012
677.473070844009
692.596089770014
720.326394535007
705.182044208009
769.086718720011
681.93763420701
772.075852860013
628.722660066011
618.108065927011
662.827200230012
682.770007232008
668.418669246009
654.087745827013
711.931417189014
585.219857057012
690.999322050018
621.647606859014
591.911261636014
730.148776494012
667.088635469014
689.736026306008
718.516683248012
671.086764527018
528.916313828006
839.771513599018
819.117509684006
574.455461187014
755.312363822014
670.552102920013
766.321473873006
588.308225468012
701.869477076016
691.225156886006
710.614021431013
678.473067263013
708.609937653009
768.936227601017
639.868825042015
819.254586102019
784.101465176008
713.79253213901
692.750116054015
724.647449688007
692.07455601601
773.887526496011
776.651634592014
748.897591384008
710.390360249008
675.227783850019
744.99223942702
690.469395518008
718.31687506301
634.676377744015
614.182576225019
610.858844215016
814.043475823013
736.041326324013
706.693745049009
743.191884608009
773.946266881012
637.752139245009
684.595599822018
821.38180468101
600.441672395021
720.315761495016
736.273436630029
736.317412900021
696.84486043802
644.175516320018
758.670057606011
657.353004977011
720.781337670019
658.661558751021
786.615379084012
537.414355222012
780.412317875019
582.403640458011
670.410711771012
657.692445694011
746.487948189014
643.071254855016
790.803237533012
834.024963245014
710.056613334018
716.371975668011
854.549778615024
877.466183533016
645.979279229024
808.490052399023
754.813035538021
662.900927417013
675.645393907018
836.966766701025
729.073995186013
581.827605907023
813.699141649025
885.004334784014
669.762219090032
682.614849665015
814.249614868018
669.047712000022
719.352738343019
670.920691142015
764.938475570034
711.256405944013
650.176565334021
702.00948089402
592.836185439026
790.81686356902
700.964456299019
695.621979422015
572.000626028014
726.22002457102
608.272119284024
604.628183491016
736.528174549022
651.15006293702
741.137965067026
626.883491699019
583.369193878013
703.972699282019
703.65305354602
646.408479644023
626.633727977023
834.621910839019
550.213294668026
659.164567307016
761.007063018027
606.027082487017
664.287411527027
618.300878378022
695.695637539018
777.642106082027
634.602253807017
869.601215578015
850.180144608018
757.362592186027
624.968872173028
673.609791624017
684.655142802029
776.530457818026
793.619816448029
736.436814962019
657.061762792026
650.785290639021
763.243466864026
738.236612987023
788.314336007019
783.371507744022
719.668361286026
612.136076411019
861.064883072032
773.55543972601
826.052997133019
781.009038118015
764.357399660042
651.572967495014
690.63533787903
755.296688123025
577.62372383101
631.69744222202
742.246385320044
632.428630950045
716.790421718031
612.89423727203
670.289419020037
705.089954565011
713.86719854803
617.189020319017
616.331659220037
673.425019052019
694.253920012017
719.975199858027
728.203719056012
598.533342864016
804.683490269014
736.04807576902
639.663356762014
725.873888209037
635.630966636029
702.051053652013
791.705898449038
645.538006145017
676.171120632034
663.728232881027
632.60484645005
634.991911294037
635.015058563027
728.586491193028
649.245079771021
925.22232491703
714.568676587021
888.229545194037
644.11337109803
554.31339709304
670.401109850047
779.22589727703
661.422133571023
649.868223506019
736.645716033024
650.183580614026
691.708742789018
884.741049934036
678.48764907103
803.389108345016
693.872535400033
773.354438900043
778.755386333017
673.228086760048
643.170116761041
771.973486028031
652.78446756102
634.033721434037
690.031868830033
686.480483042033
666.840491689015
755.162076406037
821.620079713028
700.114384578029
729.876964167033
677.031070329036
783.716250648041
703.002885543043
717.261774674029
674.755737721028
690.898798980044
641.920286984032
793.423504253042
690.067203874037
725.849555623029
695.395180406024
763.746792548034
603.346086586043
835.592531254036
761.988305990059
656.064698139033
"n_160_d_dense_tr_10_a_100x100_idx_2_p_dist2mean2"
218062.373135223
218062.373135223
218062.373135223
218062.373135223
"n_160_d_dense_tr_10_a_100x100_idx_2_p_ewma2"
139.597227165005
131.500306972004
130.823930384004
135.538105014003
113.943897520006
150.205450272004
121.358757299003
122.604313633005
122.624373759006
136.122940911005
116.735403443005
109.813696300009
125.282933338006
134.192799712004
146.664371112006
145.528643411005
128.469546047004
115.958821980009
127.766881514006
140.503011027004
158.231894953005
172.977339445005
162.973709459006
141.143479262006
144.758810472005
94.5820895460088
111.092511659002
149.672001046007
109.578525301004
159.470231845006
131.123619116003
129.416957064009
115.004504154008
119.08932933801
128.977127721008
118.779368602006
128.11299896601
148.942893052009
133.726721771005
134.321009069005
123.302907010007
119.626278082009
121.90926931801
138.486389332009
116.356770145011
116.531223295006
142.710674189004
137.581566990015
130.44588450601
130.849215389006
122.000764134008
117.540443706005
118.992764537012
131.576403874007
126.64039058901
147.784555250013
89.1603204210085
107.272434061009
126.786052241009
119.482531357008
144.984058577009
130.029214988006
128.864275644013
123.776406105009
151.82098632301
156.278339657007
125.27187760201
121.741040909008
136.564672491012
136.367372499009
152.532664896007
132.345119929013
135.610395161009
148.031036436009
131.048789571011
122.440203075008
145.438823035008
177.360964135012
113.668813855014
140.001426958008
142.85944124601
179.635971203012
157.325739661012
124.067322472008
149.03045295501
141.851603965009
126.112526975014
114.589959789015
101.416722403016
126.696045181006
142.895176425014
148.348205030018
142.753209060018
131.199034225006
126.779441943015
123.179994938013
173.47124429601
114.152893639016
129.519539705015
120.169277665013
139.140097083015
143.166681226006
114.504807498008
141.562788723007
112.181941000017
113.102536755008
123.246247797013
143.559942313018
120.309087527019
150.447623800019
136.328604729016
131.931141951014
134.300737551015
133.13751030401
153.532274248008
113.094160585021
145.59980200201
134.256477073009
140.788562242008
137.614555211016
117.517388615013
127.853595721021
139.463780523016
130.671181341015
147.94292769102
151.767680471011
143.699027749008
127.965360947016
107.786970272016
134.044531562012
142.209886254022
133.220482894018
129.120347264021
131.184896829012
126.65130200601
146.325258917017
113.399588118014
119.782932117019
129.96905115601
135.014547876011
152.933257103015
138.580774000019
131.254159522015
119.534783695016
146.563126975011
98.1275703790203
103.369544273022
123.162825644016
175.349833897016
136.488138290019
167.614263413014
141.309577042023
139.674375290028
129.587693552011
118.623144544017
121.420006077017
154.179452943012
164.954714506024
137.798723638014
150.185873363014
133.507397240024
122.405796420026
153.84661515003
155.62231623602
130.059865352024
132.816395052018
120.178500838023
117.464232715022
153.135181025021
120.753976433022
147.317970095017
131.695811211017
142.491114291019
145.586526853023
132.77498615102
129.599821889016
119.423552973018
150.385256981025
138.207843021021
111.86854356302
106.262701809015
109.881227383013
153.894884458026
150.007401374026
131.440023076024
110.624857239017
102.834539971028
155.623200979022
125.548036897015
144.802913802025
150.990389893025
151.238191126026
148.739771243015
121.690534962028
95.1443836910215
170.173619101021
106.339827838028
142.657087255017
137.005859422018
119.034919190028
143.042279172022
130.316920171026
151.564956342028
137.359130918028
139.513350741026
103.317483871024
128.035443767018
139.64898459102
130.780591579025
111.12051930202
162.875213346027
138.671930506021
123.716296233027
122.56946824202
140.630220106019
131.548548535022
133.942262334017
135.641746843021
94.6841401500365
134.268182531031
117.244403135032
125.552578245021
130.17255178201
145.726982649023
137.905058816017
157.784825610037
127.012033672031
152.414615250024
164.337016472018
125.891654115037
152.633303609036
135.367172099023
147.474104314028
111.390211914028
119.117002363026
129.239614046014
155.386967046013
139.211524640046
133.728079280047
154.523370259028
107.323525680044
137.765836917026
130.074644086022
132.166602482016
167.056011028023
131.812770701032
116.964778595019
157.674519353037
140.537336542025
99.1265110160384
154.517737930036
131.35050217403
113.484959380031
144.072886951022
156.161206111022
133.842442834037
139.796232080045
128.513814330034
127.348507998022
137.171625631026
147.629070756039
140.847276200049
115.100659339021
130.901815582035
155.169677758039
125.197197600045
126.096044179036
111.259600752021
97.6188935450182
141.101930970052
146.071180453021
129.942270123024
148.036998555028
101.143125429019
126.205124426036
141.89349206103
134.687125771023
107.474397489028
166.13061948604
127.094433023018
112.088340121034
148.714610006039
139.246962484037
125.190663809036
129.976087134025
163.559757016031
121.636518630055
123.862541039017
122.01801798804
172.487164481026
120.620732021024
118.509169241037
120.064449041024
145.605834812017
127.426714934018
142.870094054018
148.353343497035
121.269959259024
149.85162984803
119.576123567043
140.82576390004
"n_160_d_dense_tr_10_a_100x100_idx_2_p_flooding"
2025.468333865
2389.759300151
2370.35463178901
2501.651216054
2363.25630377601
2216.92490812501
2298.82552459301
2626.42471744901
2555.67380618901
2474.368142947
2413.37178020401
2400.49008871901
2394.01871851501
2287.98906955501
2358.476393604
2354.360441076
2483.441320145
2441.18075935101
2317.816467408
2555.152567722
2263.041819013
2448.317300703
2313.59598185101
2235.11490841101
2521.10776064301
2254.63019627901
2669.58499757801
2559.84483626401
2429.52085137301
2370.993049117
2307.41944745301
2294.13460277301
2340.232037113
2522.67705920501
2441.97905902601
2347.28196741901
2146.74749419001
2342.82429924101
2442.88942844601
2466.40139803201
2226.89360000201
2498.09386357201
2214.76604015801
2330.16511746201
2656.32924551801
2582.62214558401
2669.23147711301
2484.34004326401
2397.73498235301
2576.76290113601
2396.34325013301
2391.67213566601
2187.58082014901
2361.13993656301
2320.14566021101
2312.22127073601
2426.84347640901
2478.35038149701
2390.39741403701
2088.93797880201
2507.87550102101
2395.74838906701
2435.82456617001
2637.44098225401
2573.59333183701
2342.20606546901
2417.88639074401
2542.10442564501
2489.05674248601
2323.33835607301
2286.62179881501
2466.62941640401
2381.96134609201
2385.25917127001
2227.28984384201
2255.06929455701
2367.38353246701
2237.16068919201
2755.83046206401
2767.36127995201
2400.75815299801
2612.65586184801
2688.58526548301
2453.11912214301
2583.88534991701
2440.39488370402
2314.21900667601
2699.21689126801
2811.72906775801
2301.25722360302
2247.26579301701
2268.39347687802
2389.56500011002
2402.68325712601
2367.63334464402
2492.07062080201
2260.24012825701
2755.96522746801
2348.23082844301
2561.55767396801
2606.82149243202
2481.41287650701
2199.62885870902
2594.40533769902
2571.35735731701
2334.83645805701
2384.41967742501
2257.93688756102
2562.35546287401
2501.92125602102
2338.35660375802
2616.30343865701
2617.18650209002
2108.43306809002
2364.20031071901
2632.79583763901
2545.68595686901
2313.88481945702
2390.23106407002
2387.50163756302
2102.40791270401
2285.57704589201
2507.22850906801
2092.13527227202
2290.98722182802
2735.24028601003
2779.59937095501
2185.49605919702
2393.22994488502
2450.53062746102
2342.61192423601
2180.29228028301
2505.07304584102
2370.40356636902
2413.82232916402
2612.63835048902
2202.12766338202
2276.75662674702
2447.44374076902
2505.42938723501
2536.96582068102
2297.12615771702
2221.41998600601
2209.64282027602
2530.05876850003
2417.83690018202
2562.73466010802
2547.51144057202
2275.51115289302
2477.35614808302
2322.64134374601
2332.43828050502
2454.22574172302
2631.93358935003
2443.82745881502
2162.35949793801
2733.68481303402
2414.39964393201
2345.49332912101
2116.30895301202
2115.98476771502
2539.41282126402
2526.62705704502
2698.73206240702
2576.64759567002
2481.59284040501
2258.55561745102
2500.69678705403
2588.14549406802
2643.08539717501
2438.98900134302
2436.23639669802
2500.20092402102
2040.57571678501
2271.57381150602
2382.10065299003
2464.97767122402
2441.38184692102
2672.35863829802
2252.16853106502
2688.72916721202
2707.43388146101
2257.88669100702
2252.54995799602
2441.76369094401
2842.53711288802
2458.76230123002
2221.51016755502
2494.89652304003
2419.96977038502
2402.99864392003
2273.81043344602
2551.44238696003
2484.02643930503
2253.85037010902
2559.27996510601
2080.21280883902
2274.67848083302
2204.56658757003
2499.91580196102
2759.59003946302
2515.39202647203
2445.45850262602
2595.21331577004
2339.05933638502
2725.74254862502
2479.10168134803
2530.73934464803
2424.26507709003
2479.95952854302
2473.05526591602
2621.46131579004
2312.24347659403
2455.30275642403
2636.40999105903
2380.67932775402
2716.70079892601
2474.85608747601
2526.87005149804
2374.29584564003
2484.03581683101
2337.15338009202
2278.74857495104
2203.47751415503
2309.98167285202
2583.32981864004
2517.06007318703
2320.84486273502
2571.57009670502
2459.62120290702
2449.77946090503
2294.70090311202
2728.32615032601
2829.49934652703
2121.09152990502
2262.39152541103
2440.94335149401
2499.56780345602
2606.24211189403
2434.26119403802
2506.23890055402
2648.20744896403
2373.79309624103
2149.99624776004
2362.15204865803
2710.09171914002
2505.93479206302
2256.28756749003
2332.30926130403
2396.05828523403
2520.67641432203
2447.22803643003
2369.41819338202
2217.49405282003
2352.80991760303
2338.06461581202
2390.68050680504
2506.37288835702
2322.22356621202
2402.01464170502
2362.65708399202
2402.14829382003
2337.73681288602
2448.66670765404
2522.54803422102
2259.68290299102
2335.75776279804
2552.30395834104
2311.95518775502
2461.98311758803
2671.33434046005
2411.79036348603
2425.20644846402
2300.86996405103
2436.76608588504
2331.27231665304
2530.20912936503
2251.32590851504
2533.31468056803
2529.81109016204
2450.19483931404
2347.80631654704
2262.25569271804
2211.53701962604
2366.19777300203
2611.89194416602
2546.67012826104
2409.41812008202
2752.03521611903
2772.10675759804
2514.86645234004
2595.30463910204
2432.71445288403
2543.61463281103
2380.04908192704
2292.00301079402
2334.58181906803
2407.88403491803
2126.41249512703
2570.27718083802
2423.65475691102
"n_160_d_dense_tr_10_a_100x100_idx_2_p_mprt2"
583.975043053005
563.846766286005
600.942945295003
691.713271539005
619.228959260006
670.185041834003
552.661620008003
588.505337752004
862.292891690007
619.821583271005
632.138692911006
707.542647862006
624.456215017005
627.634539827007
676.359273238006
662.178030954006
630.332164378004
701.603463903005
612.361342391004
568.835423850007
695.304978760007
749.879607652005
681.259338506003
641.862193966006
612.539725741009
670.301163179005
735.738719623008
684.158889090007
593.880750145004
730.309051970011
611.776349045009
669.049741602009
636.840535429009
586.641407091008
682.646542241009
651.808485450012
808.798862548009
564.101376170008
629.743230190009
672.448048761005
668.772996689007
598.952714670013
675.967928487005
651.969925326007
631.711901020012
595.206627877005
692.02180631801
596.372271209006
690.36192630201
586.475078800014
668.135417496011
634.013407778006
641.488483107011
549.401877394011
693.772102889007
682.171571689011
585.955857152008
672.69543749601
558.498007362012
807.634067391007
705.573682087007
585.738003229011
599.232627213013
660.956814184011
548.337494261013
670.038840440014
678.992612727008
691.755873244013
721.641019644011
644.913975602009
580.112192602009
587.071530445009
709.700587072014
515.541656035012
550.622903070014
649.250162596012
695.881648031012
846.992090285013
731.089720723013
666.828932345013
694.227486056008
590.178232108009
667.002151317014
783.90949427002
583.049428129009
604.622776365012
677.584768960017
659.620035516014
741.900322285005
741.679953739009
732.830086305015
680.650033256015
597.808341319009
692.575454733017
867.576334542008
586.633798942017
631.851087320015
611.40966795702
699.330749790022
607.17801166102
626.038846287017
711.878725447008
621.51707306802
636.346796309013
626.778807838008
658.077943403015
584.456239676015
629.907577750018
739.098816170014
673.26762373402
715.45654212602
680.934323998017
708.144179694017
603.463800983008
676.832370689013
790.898276811021
759.643878288017
698.43238888302
670.683709952016
758.335705876021
554.455865434008
573.129396413009
685.197911150027
653.958877438015
611.732960565021
682.280490089013
669.666707193016
545.01341671002
743.085595260027
628.877370272022
775.341328333013
654.21723153402
756.247841303022
757.40817703101
709.226156983021
768.439768687017
569.071028390027
647.431188491012
756.74945260802
570.739428580026
701.281751544016
624.022214988017
626.44171947602
613.375785240024
662.387201428018
686.337246926016
544.221989091014
612.677059230023
710.109929886016
712.097996127014
784.510673537014
740.941207563012
665.640365397024
727.030729435015
670.943081188014
652.910242222021
748.799711673016
652.947356414018
749.882881601025
670.296651176017
624.644164082014
715.993454209013
651.490217573013
673.406955191012
621.687864834016
627.820867024013
658.394843273015
837.453539462018
634.642246046013
559.891322943017
657.208288918014
569.44748752602
684.161650711019
699.451468002025
552.648259572024
874.586859925017
672.519851295021
732.560156365025
614.259011660025
602.393236919013
530.227472453021
657.617910705014
666.664801305018
694.851148572027
797.206400739014
643.507737315019
682.896208121022
764.294762213027
565.238811553016
752.377457480037
480.334686398024
664.77964459402
610.735264032016
688.614544266017
744.998709268017
609.742454165016
595.95314201502
674.137539435023
708.785944024015
647.160081133023
730.724390184022
570.091921330032
639.021362697022
683.198959423024
643.123392661025
562.718451595018
658.419151480032
650.130393331025
652.803108449021
721.496170857023
645.35461118102
743.188572085018
656.833535794021
741.857465326021
568.582170856018
609.052533247024
666.135722381028
604.946089129015
743.205305034024
571.259507543033
775.66545060202
634.108524718016
757.187517521032
663.006312934016
586.589004705019
566.577329238015
746.182403355022
528.079557281018
698.365156997028
685.632066891031
706.068325639023
697.746322211032
725.72484579203
584.575778564016
744.084154488036
758.706157899013
724.224524540034
639.558870381023
572.492442939023
556.125754896016
692.060865929022
572.177032463031
575.123708771031
635.574948534014
553.387436977033
589.827237584018
619.008396340035
685.632750330029
596.660612921028
778.56244544202
570.608971822026
589.926821278027
629.289472773024
746.978245040026
588.77153765502
725.355461490039
800.407990372037
657.489316162014
722.585816037025
610.55915184005
682.581920262038
627.071736347034
590.321146811021
570.815483581015
645.524235036021
679.105477574041
619.680159124016
769.92454041104
642.824676816019
679.520262852037
778.046359164023
636.966474887032
599.15633695104
689.514497471038
730.229120413043
784.273260215031
574.943282570047
662.05410357702
743.860050092024
655.167336551017
612.388262452043
467.696021083043
679.662349498017
669.486914152031
696.416959239031
640.319000750054
770.69030580202
553.944606985027
588.61101637703
613.965318756044
548.819137475022
694.966009102018
621.917037740047
647.554599333034
706.80913937403
677.245719088035
578.357449914023
736.190718216022
555.69813277603
591.588278192035
