"n_200_d_10_tr_10_a_79x79_idx_1_p_abba2"
0.13228833378046
0.13463309489732
0.13214637077319
0.13318208872504
0.13144550048952
0.13370917817419
0.13200020023094
0.13560292915218
0.13301197428398
0.13358666468616
0.13234902190667
0.13178308400484
0.13201212206527
0.13555119485645
0.13408642869821
0.13288434481325
0.13294932910427
0.13254553600985
0.13527441449664
0.1334737246238
0.13421984663119
0.1325709882775
0.13189649422406
0.13150239998339
0.1296001760207
0.13313265034079
0.13250974545332
0.13254239233161
0.13299579412528
0.1329615019408
0.13235211156517
0.13194842997251
0.13234356810958
0.1313918845231
0.13096248135305
0.13025858773556
0.13263492637549
0.13371887234018
0.13123513815563
0.13197727125629
0.13186255852229
0.13088723278281
0.13268049608815
0.13455592556766
0.13205738348689
0.13148528412747
0.13277588956656
0.13333698269349
0.13307375529554
0.13266278686711
0.13311731897708
0.13204863491125
0.13216027518709
0.13306384401475
0.13312032232983
0.13243026128118
0.13325681432387
0.13247999900052
0.13367343839581
0.13313890847607
0.1346308863386
0.13383847856001
0.1319876819331
0.13346773816471
0.13385433046757
0.13194579953825
0.13337406460235
0.13334857328231
0.13211643206185
0.13281144183917
0.13275461744808
0.13351419599036
0.13252928525529
0.13292119697629
0.13273298228564
0.13210709427698
0.13160173826372
0.13333718799159
0.13206526090125
0.13323917520946
0.13159046108659
0.13175086839044
0.13181674594025
0.1327971225312
0.13030774254737
0.1327023671014
0.13003625355354
0.13243510132273
0.13236634916102
0.13120736639828
0.13400824378011
0.13088190501439
0.13361599426096
0.13313955203373
0.13189262494875
0.13323605606554
0.13239347033928
0.13255546221243
0.13119816360323
0.13443087231318
0.1348012206833
0.13230114380624
0.13379647145256
0.13137697219601
0.13438051578022
0.13318831866496
0.13338107107866
0.13475605122696
0.13345443579214
0.13318606629145
0.13338943198677
0.13368412092756
0.13286367049667
0.13441077235218
0.13404816990307
0.134020404446
0.13152793698326
0.13204851495559
0.13086742692284
0.13225315826636
0.13050077233709
0.13359423849297
0.13311355621032
0.13146453449627
0.13151621456513
0.13291512586469
0.1326005445911
0.13409393156772
0.13218447328088
0.13115231165787
0.13329882424539
0.13294051098178
0.13442339063259
0.13147738401064
0.13170620368414
0.13377565747512
0.13164933625275
0.13213115058876
0.13282213609654
0.13397282417541
0.13171022912112
0.13333388262849
0.13362840815966
0.13125391458716
0.13253536975746
0.13448079742249
0.13190228731317
0.13448966195836
0.13198535457695
0.13195122948832
0.13410086882115
0.13199014541943
0.13305682153622
0.13403431565944
0.13328561282232
0.13254273825465
0.1326405003207
0.13435011298508
0.13302878106102
0.13204252665042
0.13396722757632
0.1311752484195
0.13434704624582
0.13349772570048
0.1330028071185
0.13298751488598
0.13155728625951
0.1316536731846
0.13269743055644
0.12980358069388
0.13031990467222
0.13026597154874
0.13216441426375
0.12923186195684
0.1343085264867
0.13242731922625
0.1335618802867
0.13110795950241
0.13322506495254
0.13269214555942
0.13409389722628
0.13387865859862
0.13352992145494
0.12950505478026
0.12991572365523
0.1319593303984
0.13109074015932
0.1293692079854
0.13056127034597
0.13396884811515
0.13410097998755
0.13051133569459
0.13416561014623
0.13192368618358
0.13406390377192
0.13455744885809
0.13428877059327
0.13394647218849
0.12970969052613
0.13371400499163
"n_200_d_10_tr_10_a_79x79_idx_1_p_flooding"
0.13957176124465
0.14117821413673
0.13933749453703
0.1398006587214
0.13929446999566
0.14087502110597
0.13868651434229
0.14065272413922
0.14079467567867
0.14029199710959
0.14096754551381
0.13931891016598
0.13834945261345
0.14049570448507
0.14036177082495
0.14108389659654
0.1412670098158
0.13984195728971
0.14070795940456
0.14079151945239
0.14098547003938
0.14098918362347
0.13868260319967
0.14038415255002
0.13881335434136
0.14100030223295
0.1410051425513
0.14105790288816
0.14109534569808
0.14085872849134
0.13853207874265
0.13965949025107
0.13982934653434
0.13949066011991
0.13971220144977
0.13782373170692
0.14052651043293
0.14012696214883
0.14001279522914
0.14041168800909
0.14027110940642
0.13785201822598
0.14098367883618
0.14059460895847
0.14040903046212
0.14002426245473
0.14093055768016
0.14036206677906
0.14051078974341
0.14079340080141
0.14086699593189
0.14067176400468
0.14004247032619
0.14076927684244
0.13986224445989
0.14095701075286
0.1407227386024
0.14026864323228
0.1405943094905
0.13995969104166
0.14064941917033
0.14079883850784
0.13943001843061
0.14046028612992
0.13997530390813
0.14052239625059
0.1404397859556
0.14059526122125
0.14107948232565
0.1402074199885
0.13995783475548
0.14041216101225
0.14052927569697
0.13988914124062
0.14054358329371
0.14073159199405
0.14090755664481
0.13985289302744
0.13997829586815
0.13950807717138
0.13972623454239
0.14102739288726
0.14054176141243
0.14018616341735
0.13925036777353
0.14114391101531
0.13913623880708
0.14055939388574
0.13911708261325
0.13989007542608
0.14098625270102
0.13937384200034
0.14088932606309
0.13936948642532
0.14006939819041
0.14134781603471
0.14076237491852
0.13999568697897
0.13989857373123
0.14050867511187
0.14162672624997
0.14017511254592
0.13999673344667
0.13982889019655
0.14192864057991
0.13992508459595
0.14128068409151
0.13994374205874
0.14100188213906
0.13993961411989
0.14086164671597
0.14069532955112
0.13973453307347
0.14108612570356
0.13845594363856
0.14056398274294
0.13837929399065
0.13990286655184
0.13978158371891
0.13948327985958
0.13920273879249
0.13777527672115
0.14072030201688
0.13823499545783
0.13747090648444
0.13930501928087
0.13905821825203
0.13857744310668
0.13905773514375
0.13968580362558
0.13838016627924
0.13976940976499
0.13880754511174
0.13984284783326
0.14003158596967
0.13793719685866
0.13832686012513
0.1385542212616
0.13840580221229
0.13794763079374
0.13864971784669
0.14004159331643
0.13738861834511
0.13894981111619
0.13906949698546
0.13914499599784
0.13938765681846
0.13908590117518
0.13888326278536
0.1383402706882
0.14017115388055
0.13860114808152
0.13965985440774
0.14001031225726
0.13962317668734
0.13763201042333
0.13763115099595
0.14070402462369
0.13922790668687
0.13848249244578
0.14012114338
0.13869869645982
0.13750066884101
0.14010164315485
0.13702004190428
0.1366690986794
0.14004632917224
0.13899817374603
0.13986048328798
0.13865162939866
0.13893582563092
0.13880305203128
0.13942208325201
0.13864170689185
0.13993737821818
0.13825604121852
0.13878340772936
0.13878526480352
0.13969776721874
0.13975430262846
0.1404999287521
0.13923887284414
0.13867516377023
0.13867562737979
0.13890552554815
0.13944809636655
0.13956361412566
0.13897457498126
0.13870771784088
0.13843480924484
0.13808449209816
0.13927176641471
0.13894702454346
0.13977706328055
0.14026030382904
0.13627742198521
0.13615978472331
0.14058661407099
0.13594102904611
0.13614436738815
"n_200_d_10_tr_10_a_79x79_idx_1_p_mprt2"
0.12734193829274
0.12699055017219
0.12711817784117
0.12654155519349
0.12767361239721
0.12642783780523
0.12628702025156
0.12654698381656
0.12635727395501
0.12637818993512
0.12738332022317
0.12584385779191
0.1286022814767
0.12682753981959
0.12657654302353
0.12595746069897
0.12766399380447
0.12794641053027
0.12581259182234
0.12682856821324
0.12553634012843
0.12682433842737
0.12589228350949
0.12981668497534
0.12737552259447
0.12750697007031
0.12609618656765
0.12731061790097
0.12609525193397
0.12978217287
0.12652278482335
0.1355235385422
0.12568992781539
0.12629406284254
0.12744205388711
0.13153619555936
0.12564401354791
0.12721474435598
0.12636661615666
0.12812755806038
0.12661590386838
0.12948626181617
0.12805609784689
0.12903812396874
0.12532879060132
0.12811743116885
0.12992817972152
0.12728402368889
0.12513449421759
0.13216650632547
0.12665757071986
0.12665181148429
0.12734680779111
0.13091448323434
0.12644267501537
0.12749030871464
0.12922735187283
0.12636932989184
0.129837144963
0.12980225396933
0.12740908688277
0.12901852058914
0.12782197808512
0.12723147509125
0.12704411564454
0.12822700276112
0.12956863620297
0.12640657630797
0.13130557856489
0.12730341829281
0.12775683628088
0.13172463739328
0.12863768415267
0.12835434663698
0.12967601649389
0.12898918522812
0.12738742764573
0.12910068363984
0.13043817865941
0.12827101290817
0.12933515100188
0.12791121100739
0.12950317537707
0.12747576792425
0.12877201823711
0.12846610589432
0.12976674615038
0.12902565531227
0.12739567667789
0.12711712770141
0.1283023040759
0.12732073961424
0.1270230157113
0.12766038109612
0.13275730392136
0.1276882037231
0.13009804535436
0.12754066091878
0.12712953841108
0.12876396910074
0.12843852818623
0.13098521041921
0.12807119037605
0.12768881938967
0.13296514875678
0.12855373013644
0.12843982301712
0.12728249863733
0.12778650790685
0.12757173003427
0.12691868500133
0.12692049685815
0.12815930422701
0.12739323401966
0.12705492917151
0.12499905429108
0.1290844274505
0.12687456143738
0.12661113761068
0.12484330460096
0.12596339995161
0.12533328857337
0.12776867113302
0.12526847754703
0.12631609121957
0.12671590429636
0.1255864324516
0.12652179868419
0.12583884898357
0.12642810168025
0.12578426250263
0.12720245953669
0.12689186890799
0.12553367161143
0.13035828110535
0.12531557498968
0.12555274722596
0.12647488860449
0.12617569352992
0.12530818651407
0.12577185221169
0.12489450800133
0.13118692605878
0.12630390897061
0.13104814082838
0.12632380492903
0.12796463903151
0.12749878267586
0.12756833826815
0.12861976003482
0.12823282689335
0.12499453194452
0.12711217824119
0.1259396626066
0.12996833459803
0.12653701956577
0.12843300614052
0.13026241987493
0.12599372089904
0.12911477699545
0.13150044379383
0.12475501382676
0.12952228484135
0.12709956006166
0.12593683232134
0.12662472609494
0.1256168872845
0.12587615937141
0.12567723720079
0.12657074282874
0.12557151094927
0.12793521587481
0.13244447230675
0.12475741102614
0.12437568129672
0.12538346149669
0.12651789767513
0.12749879472588
0.12641144747431
0.12847871065005
0.13159260369035
0.12591509807716
0.12716810806408
0.12924911540622
0.12644016302768
0.12581704868001
0.12591196506331
0.12709261711653
0.12591011701294
0.13040794497386
0.12597806475198
0.12568406525625
0.12617719857555
0.13077037586813
0.12761464923683
0.12435904139526
0.12399283279106
0.12899359620075
0.12383427253256
0.12409568151872
"n_200_d_15_tr_10_a_64x64_idx_2_p_abba2"
0.13356256078621
0.13507309696871
0.133780591766
0.13334740753158
0.1323904370137
0.1324425201603
0.13404607045865
0.13420822884252
0.13473190099408
0.13406478560109
0.13347331311929
0.13272739615183
0.13468815772508
0.13287931726551
0.1332458650566
0.13198589437981
0.1337876576583
0.13405252020851
0.13435681922256
0.13397708054779
0.1341858671285
0.13389811916471
0.13403289749896
0.13463915708037
0.1346819044907
0.13401773291436
0.13160032483964
0.13445820905434
0.13409138661337
0.13399385484412
0.13174384936057
0.13396164015051
0.13471964351018
0.13452243212858
0.13046749204782
0.13335031976703
0.13452730957063
0.13046073703607
0.13457607580937
0.13178337131338
0.13099646250966
0.1335096509494
0.13447190202385
0.13487978282658
0.13570709948253
0.13392515356565
0.13046586322986
0.13046667096171
0.13388904897247
0.12941012829763
0.13464440071631
0.13252189625068
0.13127666547031
0.133796022294
0.13391253269356
0.13391253314454
0.13444148428411
0.13207248029246
0.13462762919046
0.13459370674341
0.13356710550667
0.13298035566935
0.13394274148055
0.13433506021187
0.13429178584065
0.13076066711253
0.13095750088835
0.13309802071188
0.13160664020163
0.13075733422805
0.13332730567056
0.13411437263611
0.13263690417608
0.13422241456768
0.13475617673685
0.13375212704853
0.13127213183157
0.13332317260044
0.13462896426411
0.13415090166354
0.13488752566548
0.13541823118932
0.13245832910423
0.13446146287794
0.13380444464016
0.13326511319265
0.13224770331292
0.13285717243357
0.13388749799197
0.13064068584229
0.13547724715626
0.13269375780867
0.13302702644613
0.13368467611476
0.13192365865914
0.13282824675194
0.1310867292729
0.13217307825962
0.13362629850899
0.13289124886147
0.13391941989685
0.13447651730523
0.13251599713516
0.1302612687498
0.13122791143887
0.1304514772624
0.13534510632042
0.13422747615543
0.13373684161939
0.13006675255329
0.13403832220786
0.13443446598626
0.13116636003279
0.13066527521119
0.13422304272316
0.13441521482204
0.13160094222613
0.13445139515834
0.12932409188265
0.13494755392103
0.13385563056393
0.13494252618327
0.13225182156294
0.13213375917577
0.13213355607816
0.13079935815017
0.13320456643042
0.13204205850532
0.13297948903228
0.13311480269177
0.13388759062094
0.13193165950101
0.13270512644513
0.1326104453911
0.13280989152471
0.1325001361464
0.13318736713961
0.13337479832585
0.13291840667155
0.134158600462
0.13294222492714
0.1336981804923
0.13287993161827
0.13322846511859
0.1324929665137
0.1334580456051
0.13283300621558
0.13293018541205
0.13421457672621
0.13347005551834
0.13404152676973
0.13513109333313
0.13219266946772
0.13391834737743
0.13334811096017
0.13484695969414
0.1330930830933
0.13396473148519
0.13373417696259
0.13268802845216
0.13412125226456
0.13301293175728
0.13332838381125
0.13388578928721
0.13366870996311
0.13197735968932
0.13406121040337
0.13344993873238
0.13286293832848
0.13306934055425
0.1336660369059
0.12942530366331
0.13433049784138
0.13479916828953
0.13437541423175
0.13115524279309
0.13194051502294
0.13367796857905
0.1347869365921
0.13379053936629
0.13337244732169
0.13463768152992
0.13402902096382
0.1341907459811
0.13514083420558
0.13573957818719
0.13467668990803
0.13400012098466
0.13447260318898
0.13478529132957
0.13524084658017
0.13589993842429
0.13581201152827
0.13548988937333
0.13544658911635
0.1368948215548
0.13532685404113
0.13505399239239
0.13563501943629
0.13503380363208
"n_200_d_15_tr_10_a_64x64_idx_2_p_flooding"
0.14135559520985
0.14000137390019
0.14110275005627
0.14029439188693
0.13952124375394
0.14049733016616
0.14082671761982
0.14147430833298
0.14179296013796
0.14208574364599
0.14234306163579
0.14020270313479
0.14159884315409
0.13982892953117
0.13991211569509
0.13969482671445
0.14101532627164
0.14071799308215
0.14135324675142
0.14197552638882
0.14288663989719
0.14306518917324
0.1399931374257
0.14168310599926
0.14262982352545
0.13912988772867
0.14034837738342
0.14279348025996
0.14306413754232
0.14090508207914
0.14081750665756
0.1415610431684
0.14287238909957
0.14278408208275
0.13947002437046
0.14073521338991
0.14234706224219
0.13963034261505
0.1427484315751
0.14089520365309
0.13974492425421
0.14180199431085
0.14275529100152
0.14319875511681
0.14294022078734
0.14227346025336
0.13995006538118
0.14005187247837
0.14232870175065
0.13906123477995
0.14228079863979
0.14125241800452
0.13804421633506
0.14200344297907
0.14238199778473
0.14198618611605
0.14304700298247
0.1405247738307
0.14222713791225
0.14136401687927
0.1422049253368
0.14193095121689
0.14107412922891
0.14107781781799
0.14213951735689
0.14002253142955
0.14002829103378
0.14046502911104
0.13892200902378
0.13876865732443
0.14080756991731
0.1403064916998
0.13922682807006
0.14081327516957
0.14200297485114
0.14214173786677
0.13918299060466
0.14234706296259
0.14216158810164
0.14276019947782
0.14170699490517
0.1416544272835
0.13963080212235
0.14169982064768
0.14263054782892
0.14087147643325
0.14032785850687
0.14029388353889
0.14174119509816
0.13947889523221
0.14232015126956
0.139968269662
0.14058231932193
0.14242912789948
0.13984451586132
0.13919733083037
0.13947714821575
0.13913720746145
0.1413131024297
0.14036193679582
0.1430803483995
0.14294721667432
0.13888133773603
0.13893965785582
0.13855160707063
0.13878527978248
0.14322965662719
0.14264885584628
0.14260829380344
0.1389311741688
0.14272105307386
0.14312125884631
0.13868729136692
0.13851477829456
0.14280480264323
0.14288035723776
0.13794294394097
0.1424388849722
0.13834099922144
0.1428464924032
0.14250817310581
0.14266010802312
0.14158238545931
0.13939206107486
0.13939628569595
0.13916760852798
0.1395662340323
0.1412397032782
0.14175915520948
0.13939842834588
0.14201832447996
0.14035188694412
0.1412616211865
0.14015328925605
0.14155487034911
0.14044089051782
0.14044437014128
0.14069119433502
0.14052645320836
0.14211189484961
0.13998482080645
0.14119794134702
0.14098341526335
0.14092756738925
0.14017324388706
0.13935194627345
0.14165714435561
0.14145957766345
0.14264988295083
0.14215928163254
0.14261728984584
0.14299367256598
0.1396379088437
0.1396830991951
0.13889679392162
0.14294869862317
0.14108141477494
0.14317258063928
0.14159509928527
0.14205525631935
0.14120596928494
0.14046466397551
0.14117479961657
0.13821138657594
0.14205235361281
0.1383075895544
0.14299892615022
0.14112223180553
0.14153879766817
0.14179854756309
0.14280370017512
0.13830624530627
0.1428401256309
0.14062720332016
0.14183802400714
0.13945686095471
0.13946409274065
0.14241350086201
0.14225532050874
0.14228473810488
0.14193038447558
0.14193796199994
0.14255540027922
0.14281491035684
0.14404023130554
0.14340224609024
0.14322425247856
0.14224265185622
0.14111776640107
0.14243187006236
0.14375381421184
0.14296105320329
0.14393073670997
0.14355044073461
0.14328244397078
0.14305058251272
0.14253845623136
0.14324972131318
0.14395812030985
0.14042434036861
"n_200_d_15_tr_10_a_64x64_idx_2_p_mprt2"
0.13401616824471
0.13133093033888
0.12745091277837
0.12933515118345
0.12956332440142
0.12814155962469
0.13256692489536
0.1271844869598
0.12756918382397
0.12984448695865
0.12822147148363
0.12849927854146
0.12899534277375
0.12665239633515
0.12639012382783
0.1283637888673
0.12664489236004
0.12943727368336
0.13039056025195
0.12995160375969
0.12651377138632
0.12826252513009
0.12848821836744
0.1305131286223
0.13020815986865
0.12989675627032
0.12804755639847
0.12588977119661
0.12791799359636
0.12926055439037
0.12675408273796
0.12765808823103
0.13081078870722
0.13011773736869
0.12630982262352
0.12722723762919
0.12705178617368
0.1281479576214
0.12899433665736
0.12613816121554
0.13025603961866
0.13106699882724
0.1276034332548
0.13033596506476
0.12860788312977
0.12625136604078
0.12884314730399
0.12642419447744
0.12795339951497
0.12701794561738
0.12885865764712
0.12960383980239
0.12721736518846
0.12605482760664
0.12781249844061
0.12650880995913
0.12866030434814
0.12805099985451
0.12653046066014
0.1311643613605
0.12819179886634
0.13087946804459
0.12987570491922
0.12577457800425
0.12678770873009
0.12569778906918
0.13069933611211
0.12976895015184
0.12940358433541
0.1285415683653
0.13096893562288
0.12811327961902
0.12768217594493
0.13100775553647
0.1294381046599
0.12753984316841
0.12825146189421
0.12903459806275
0.12676877257355
0.12655849187492
0.13056535486085
0.13113185646195
0.12596464825809
0.12765166017713
0.12631407209938
0.12584347834137
0.12922880495043
0.12945606594601
0.12512915650192
0.12926703864752
0.12930973782047
0.12517827682378
0.1262923632426
0.12916352631275
0.12550481723312
0.13045025481662
0.12870772094877
0.12941495349126
0.12970680272703
0.12753578031832
0.1297030822135
0.13178517800858
0.13021038760727
0.13259350065161
0.12680075441147
0.1270315422081
0.12697240266682
0.12694871802599
0.12715517458094
0.12723795691412
0.12750663409356
0.12980885473023
0.12635011091002
0.12861822533804
0.12623305472145
0.12746090711696
0.12795722901465
0.12747031430303
0.12613487811773
0.12760204001909
0.12597001314562
0.13044026250479
0.12613487660425
0.12654238307905
0.12745398203921
0.1280834660912
0.12741470282458
0.12739037764833
0.12872332819557
0.13003845239996
0.12573842971323
0.127690457085
0.12604212465813
0.1277913187884
0.12783077870322
0.13005433036095
0.12876130859733
0.12857672761041
0.12906150239739
0.12833345054558
0.12912579709921
0.13006494795968
0.12752694563723
0.12972378365889
0.12622088916921
0.12641172311035
0.12893499618855
0.12760368819835
0.13051630099283
0.12919996733563
0.13050078494609
0.12723666625576
0.12748251744293
0.12528905786876
0.12859637840746
0.12540858242113
0.12887930388739
0.12744146159579
0.12912058419223
0.128563028934
0.12920962917187
0.12838097785398
0.12960273073642
0.12879663742187
0.12540858220676
0.12999832365271
0.12800932277619
0.12808251118719
0.12933614172349
0.12712576534415
0.12624032603845
0.12653485345636
0.12934155835753
0.12885067721255
0.12934894380328
0.13098195948932
0.1318379008599
0.13009332041359
0.13255822863036
0.13072064897149
0.13002178591867
0.12753567526341
0.13058029080268
0.13096415336721
0.13072343428278
0.12885926293352
0.12580982179177
0.12609500597803
0.12744222359871
0.12599679451309
0.12597958381332
0.12868739369159
0.12858837841288
0.12875311111673
0.12723039890794
0.12548774545367
0.12618658906828
0.13058581173416
0.13118635796867
0.12681897792313
"n_200_d_20_tr_10_a_56x56_idx_3_p_abba2"
0.13451226145982
0.13439948282441
0.13481926098512
0.13555034401162
0.13389622739782
0.13528279979313
0.13510119500207
0.13470258061261
0.13305284915983
0.13436871020727
0.13528209037857
0.13406174406565
0.13593449863893
0.13437932600415
0.13532856834179
0.13458227174652
0.1353454928164
0.13292482931533
0.1356494961977
0.13428668691844
0.13500140028962
0.13624095318324
0.13444575570429
0.13596682127559
0.13490595263663
0.13592362840691
0.13206964117837
0.13341485505123
0.13523653528168
0.13326711398127
0.13297047316497
0.13506321540985
0.13271595487081
0.13322627190727
0.13468933689244
0.13492163257243
0.13567007600007
0.13645837974758
0.13233218925239
0.13559180906007
0.13674697680501
0.13438637693946
0.13498272560084
0.13818316177124
0.13521784304305
0.1314199172673
0.1321429902663
0.13687480454725
0.13425444579015
0.13365771924111
0.13011931551072
0.13529374903416
0.13321781404719
0.13611464303098
0.13765503902743
0.13550381066194
0.13744159808463
0.13080895210739
0.12988109632602
0.1367559268654
0.13286782211753
0.13093949024824
0.13533410309742
0.13203803660712
0.13633468488537
0.13408812062142
0.13575094684185
0.13496159376196
0.13551009221288
0.13292861023106
0.1363880455396
0.13600037268261
0.13550388610461
0.13555830653892
0.13650877351789
0.13590137271766
0.13623211484462
0.13397763215386
0.13648605335609
0.13629946832903
0.13319444030736
0.13614090177655
0.13390002518095
0.13305105142602
0.13596578021465
0.1364310748803
0.13714837774579
0.13460495338582
0.13273205804019
0.13316924165352
0.13354339152308
0.13344433587518
0.13295022586034
0.1314495015516
0.1340785280715
0.13375094441236
0.13403669610517
0.13366149131898
0.13329592891845
0.13252191292014
0.13347691111969
0.13471370766104
0.13348506084268
0.13309235631433
0.13428446758781
0.13251205487018
0.13208643089361
0.13418585860396
0.13499317716208
0.13477590551185
0.13584453512533
0.1345443958652
0.13285330330968
0.13597290880979
0.13147940688456
0.13328349015663
0.13341698743734
0.13244726647199
0.13349236880725
0.13597007931712
0.13453875125944
0.1327731068153
0.13556163924191
0.13651071525433
0.13443115738616
0.13340579251057
0.1334795391424
0.13463438279821
0.13213289663056
0.13386604503593
0.13412261932126
0.13383790325109
0.13376910323955
0.13253302042182
0.13321843708778
0.13445628994492
0.13327843677972
0.13281597704393
0.13525366825371
0.13572108899047
0.13225067272007
0.13518896489438
0.136828335453
0.13339716514372
0.13642666472408
0.13494914559195
0.13650006819516
0.13489034872735
0.13437250578124
0.1370602094668
0.13637990191805
0.13597310815993
0.13604636516557
0.13554590831003
0.13658159801777
0.13607095038011
0.13363056810448
0.13687071784935
0.13587585893556
0.13517807675976
0.13489703402262
0.13653742755276
0.13684000644263
0.13377784393491
0.13485527696525
0.13483401126629
0.13667196560464
0.13389820674325
0.13380112413666
0.13574522262002
0.13443111834196
0.13644224604939
0.13510856030076
0.13259485265659
0.13680083858661
0.1353544234933
0.13533406528709
0.13326876281384
0.1348416795214
0.1320341971937
0.13452249511286
0.13476095366909
0.13513047199056
0.13434446934273
0.13440020716353
0.13322256353276
0.13322501555067
0.13390831040855
0.132608060974
0.13387477519263
0.13202662316672
0.13201005474817
0.13223461425326
0.13133083608967
0.13265724923477
0.13285357666009
0.13228696921352
0.13159983569003
0.13224958010245
0.13370533688055
"n_200_d_20_tr_10_a_56x56_idx_3_p_flooding"
0.14257608520361
0.1420722202853
0.14266080739524
0.14159716917645
0.14181379281573
0.14373602098301
0.14335101970142
0.14302452107351
0.14131190513044
0.14066589599058
0.14312125123398
0.14338352348937
0.14442377983147
0.14112183778372
0.14351182425225
0.14265981864657
0.14386415120844
0.14089162813989
0.14347647650956
0.14330043145384
0.14344531993728
0.14509230048478
0.14295831406921
0.1450186039583
0.1432773672217
0.14448446792393
0.13998704099843
0.14060278018215
0.14361268561385
0.14146461871201
0.14087264472742
0.14357277283966
0.14189489155314
0.14004283281259
0.14222635188817
0.14365627229969
0.14435407669521
0.14512537625364
0.14179502190835
0.14414176769499
0.14503636761289
0.14371712764255
0.14381182010518
0.14563669519119
0.14447631323344
0.13943397889675
0.1410655719766
0.14493955825712
0.14242987251861
0.14126701381718
0.13997491297237
0.14464498091526
0.14254442439171
0.14490747756574
0.14585416110395
0.14419902221791
0.14564363615702
0.14027572303872
0.14011753025565
0.14536642666476
0.13913920729991
0.14090433445454
0.14467724237358
0.1411142182954
0.1454972696855
0.14368698320889
0.14499862605509
0.14303555319548
0.14331651035088
0.14064697474107
0.14435899657334
0.14533220124454
0.14430923957366
0.14415342323032
0.14539204116014
0.14445463364971
0.14519713772321
0.14143010088471
0.14561605911386
0.14521444441824
0.14087452953967
0.14512923030195
0.1430216410447
0.14122983458304
0.1450255549756
0.14506982295143
0.14505156350554
0.14339192369901
0.13990238952273
0.13962477086702
0.13982045984904
0.140161035643
0.13965162072896
0.13933741102333
0.14014494411119
0.14059878604762
0.1404526845091
0.14183400346646
0.14224181720311
0.14128156318591
0.14133969144313
0.14195975069128
0.14070703401088
0.1407060833209
0.14261849349468
0.1409884360335
0.14012734478899
0.14271462968688
0.14352010610674
0.14318059309102
0.14399139954372
0.14254262595465
0.14067678846771
0.14409091859389
0.14038376997909
0.14181458341861
0.14137794294862
0.14144149868085
0.14039277019566
0.14413790607446
0.14349664393565
0.1403569395831
0.14384026467745
0.14454422886293
0.14351728508057
0.13857831097359
0.14105202191229
0.14364792935112
0.13947715611183
0.14221585878588
0.1435404122161
0.14211018819902
0.14348392696842
0.14151262798346
0.14214102679061
0.14348593214881
0.13847947653036
0.14162616516972
0.14436221315772
0.14498880232369
0.14031560431731
0.14231449281615
0.14442227354064
0.14047445717799
0.14465352580485
0.14104715212332
0.14466484117649
0.14290603258879
0.13940658891584
0.14487477060103
0.14468794880721
0.14487656808186
0.14469078485862
0.14476227965865
0.14431011972502
0.14458792120936
0.14122495273863
0.14512066319704
0.14506050204176
0.14364538142843
0.1436281035297
0.14545149876336
0.14527646361286
0.14175662661583
0.14376446691359
0.14347945323244
0.14523440279977
0.14307963759619
0.14297960546578
0.14505330649576
0.14348651110915
0.14486126403582
0.14399332196699
0.1416651809
0.14512479214081
0.14464952156019
0.1446326485156
0.14184602002094
0.14437790263898
0.14063702633356
0.14351824853281
0.14342144962835
0.14317987405324
0.1432622185453
0.14241670142912
0.14217070442167
0.14210135269155
0.14273149132825
0.14129588488755
0.1423803638076
0.14143325232271
0.14123084669617
0.14049283691085
0.1405677740451
0.14069596942048
0.14050550674101
0.140637369742
0.14063775371338
0.13990942040413
0.13778418701939
"n_200_d_20_tr_10_a_56x56_idx_3_p_mprt2"
0.12986119914427
0.12638914595398
0.12650330753967
0.12898905524432
0.12632770323038
0.12825999774861
0.12661690076332
0.12609079622083
0.12666641431015
0.12847892541049
0.13075875520771
0.12903150589304
0.12765209652849
0.12706953405061
0.12929992530932
0.13071478135291
0.127518801669
0.12895198242433
0.12726325771697
0.12936441657942
0.13142142417707
0.12796950686293
0.12939902576772
0.13205059052097
0.12877874820968
0.131400495311
0.12734036018721
0.12739868679764
0.12810773168127
0.12939431796188
0.12800989440011
0.12668270500704
0.12751311791499
0.1284779746738
0.12708293397404
0.13255963890825
0.13158522895489
0.1277638271464
0.13201114082464
0.12955675902377
0.12938232262726
0.12698475692742
0.12853437166099
0.12723648054983
0.13260492287313
0.13106886931911
0.12830520613696
0.1285924556681
0.12661710198534
0.12931948959997
0.1292662321337
0.13045949747514
0.13190893467258
0.13264694812021
0.13228708516807
0.12899026618944
0.12931582476286
0.13052640744868
0.13180577051756
0.12589015896719
0.12973886728533
0.13163362374596
0.13211012544163
0.12697787914105
0.12958141063034
0.13166434115255
0.12790998595568
0.13086852850245
0.12671916936268
0.12739303467995
0.12864862256987
0.12912917357774
0.13042231739383
0.13012630122773
0.12746420795363
0.12756297733759
0.12716351364292
0.1313010731275
0.12730498940013
0.13130742946437
0.13081710396452
0.12941441209949
0.13072638760338
0.13256970498981
0.13111627539876
0.13085448649666
0.13163865217809
0.1294316634245
0.12733891923729
0.12985125260078
0.1311479666392
0.13221835117165
0.1289256242977
0.12988963639216
0.1294079869325
0.13093884657162
0.12803388234316
0.12759615584996
0.12711481705691
0.12942127114856
0.12765539238433
0.12977902186024
0.12656283483161
0.12713478398936
0.13082672702468
0.12993519549644
0.12609549108693
0.12773014360804
0.12645801192636
0.12986231101539
0.12679027432438
0.12657648240055
0.13066739298359
0.13091890074525
0.12882309223581
0.12930668710488
0.13013217561856
0.12990487511887
0.13035889993838
0.12770441599589
0.1273721930993
0.12749833059181
0.13093092645106
0.1317324068629
0.12984617866383
0.13144533730994
0.1270964257337
0.13151056983319
0.12733990593994
0.13115429995718
0.12933178056051
0.12652615929421
0.13113885636863
0.13157154329742
0.13133215270408
0.13093665235463
0.13160006947674
0.130974527495
0.13029017371432
0.12751406873659
0.13193169511979
0.13152747227532
0.13027942454397
0.13712983951519
0.13149151595324
0.13107581668244
0.1278812698008
0.1297336593021
0.12570245128662
0.12736667424448
0.12939884458332
0.12655363185693
0.12901891924865
0.1301488938633
0.1280766032332
0.13085986542082
0.127780344238
0.1281355996909
0.12928789671475
0.1254913509679
0.12838141896317
0.13047327257171
0.13046465314462
0.12679758684464
0.12909384007973
0.12958723603839
0.13106223900914
0.12986169128441
0.12841140217466
0.12883619158506
0.12925670448091
0.13173497007282
0.12832738861329
0.13069337939112
0.12900530877164
0.12926198246152
0.1294577067127
0.13105274195023
0.12900530866436
0.12909633570874
0.12883507606634
0.12738232020521
0.13082275561503
0.12796537005754
0.13061840012531
0.12875136244395
0.13103227280956
0.12756015890645
0.12795553434185
0.12754495766664
0.12684003028591
0.12692317786055
0.12703485825928
0.1271330348917
0.12690525331966
0.12690525339679
0.12648764837735
0.12697284066564
0.13129945385415
0.12495018111823
"n_200_d_25_tr_10_a_50x50_idx_4_p_abba2"
0.13727572367509
0.13648500713945
0.13670627965829
0.13690816613555
0.13584539274938
0.13776670066134
0.13597118747851
0.13576401229479
0.13746025548127
0.13643735335632
0.13651716975594
0.13601942741157
0.13749294454554
0.13567983563545
0.13574188167136
0.13625750612503
0.1349723967573
0.13775548584748
0.13508907020564
0.13784730176039
0.13566605338169
0.13546238127323
0.13409258976843
0.13586228277638
0.13772939382141
0.1380184910732
0.1350752605206
0.13710432317254
0.13595202958939
0.13591665869658
0.13565188856812
0.13330574195089
0.13765294463611
0.13527318645804
0.13427452636129
0.13770638674959
0.13812020724695
0.13505335940738
0.13558837425896
0.1382417108499
0.13461237509875
0.13315340172981
0.13803906622215
0.13588330190928
0.13801302885851
0.13532165514793
0.13876140240284
0.13307864428622
0.13612653496727
0.13694217613333
0.13519643320181
0.13848970818855
0.13600968577294
0.1351941553094
0.13774653186788
0.1346986099763
0.13599349748451
0.13834549412024
0.13764157333836
0.1387879718654
0.13848043095333
0.13696317812466
0.13768284551213
0.13227580319419
0.13527192118557
0.13623602754708
0.13427615049649
0.13731624384864
0.1352351951458
0.13883150719414
0.13582051361679
0.13799878064015
0.13557455628849
0.13490007369081
0.1339469519855
0.13601727384483
0.13813776556868
0.13775926607372
0.1357689004061
0.13736011127754
0.13811612853068
0.13393317778333
0.13282572018867
0.13454608357389
0.13804083311582
0.13319205417802
0.13793173138397
0.13337229942967
0.13237016801946
0.13508646987531
0.13432670041882
0.13682276883191
0.13749585632062
0.1381112206233
0.13390051797708
0.1360652606255
0.13515043696192
0.13798860272356
0.13851619537784
0.1347417096267
0.13875458870959
0.13852146531806
0.13399061196102
0.13751582357027
0.13782702957058
0.1388703806859
0.13719638312633
0.13728153802666
0.13401277654865
0.13422590069412
0.13851471265934
0.13731660650462
0.1358065346534
0.13602101733738
0.13732512367998
0.13393824949284
0.13377798880506
0.13471781511749
0.13549780369295
0.1341697310717
0.13416952789914
0.13494777851833
0.13569937745544
0.13615661055256
0.13623496048
0.13295443656529
0.13408787237844
0.13589981779468
0.13650328374264
0.13345386178032
0.13435384202439
0.13690804782497
0.13642426630331
0.13438164324342
0.13376406242547
0.13401694619085
0.1338781236306
0.1376032877664
0.13331826964625
0.13207364649184
0.13545983433693
0.13242490860172
0.13547609753514
0.13498253031028
0.13424511093592
0.13654993382677
0.1383633996215
0.13323464733655
0.13781189761012
0.13609542295497
0.13365873380689
0.13315595613291
0.13751133953708
0.13708926147887
0.1375900966442
0.13580242473619
0.13711706284564
0.13731534288467
0.13750445707657
0.13542247481354
0.13446366624198
0.13759513594093
0.13650754740046
0.13465212370974
0.13560156508253
0.13670626271333
0.13455017182117
0.13396340840311
0.13542836587217
0.13360445142305
0.1355716732667
0.13486164249292
0.13466440923662
0.13487067956164
0.13604871702
0.1334399962559
0.13507160562137
0.13399231887142
0.13276343819201
0.13455396006436
0.13423705742842
0.13393918373915
0.13499285889577
0.13431796689486
0.13321280797464
0.13332572046461
0.13369575472924
0.13276463593385
0.13356557535404
0.13238442619421
0.13158302023201
0.13311179397994
0.13460046957869
0.13049009672482
0.13145809027427
0.13086761645249
0.13001731140915
0.1299666361833
0.13276252593695
0.133412777822
"n_200_d_25_tr_10_a_50x50_idx_4_p_flooding"
0.14597486111824
0.14495327009602
0.14592827948502
0.14594675114949
0.14434942355474
0.14615853528599
0.1446834111729
0.14535159641033
0.14612625118836
0.14544533539545
0.14591799313213
0.14544741911402
0.14639769155225
0.14466965912669
0.14546062433177
0.14521007295011
0.14384704520924
0.14630347056266
0.14460075004342
0.14655503025992
0.14483065315981
0.14511876811059
0.14361856914597
0.14509850688187
0.14657063433031
0.14636417879909
0.14447335033622
0.14532717599521
0.14440982311265
0.14489138028619
0.14429287578039
0.14314929619698
0.1468107884056
0.14447367061844
0.14266612208439
0.14651318815127
0.14703002295703
0.14433852113755
0.14408087884273
0.14589521355352
0.14391232189414
0.14302110945847
0.14698790464406
0.14405876208035
0.14732954481659
0.14331873086282
0.14757284605555
0.14282836833436
0.14468859001143
0.14534241822729
0.14330306532615
0.14739415492618
0.14269908142815
0.14283731489896
0.14610937196458
0.14346156055104
0.1445652613217
0.14766426407578
0.14712600861781
0.14746367078946
0.14724722314791
0.14568208364226
0.14573677611025
0.14146140002198
0.14317170154104
0.14151737038467
0.14261221178257
0.14622188224863
0.14368332269519
0.14740527743511
0.14421485349453
0.14749634901407
0.14107372630225
0.14451959331068
0.14288266520224
0.14421278057032
0.14663037196852
0.1457787681505
0.14442043005607
0.14644203203376
0.14684828660946
0.14380344576253
0.14105357251117
0.14100826534723
0.14680343182602
0.14157681015371
0.14721786874828
0.14327720482403
0.14076784002514
0.14325648375169
0.14226961827723
0.1445548034228
0.14637557665536
0.14631705088188
0.14241889826282
0.14514625033214
0.14281340597156
0.14710397524609
0.14663620058585
0.14320900627686
0.14750280854593
0.14713324115441
0.14361460233866
0.1456037599682
0.14698449708728
0.14709265298078
0.14666093526804
0.14593757809468
0.14178095316691
0.14169504064462
0.14685475516608
0.14624751244909
0.14474002834023
0.14540740179925
0.14655724052878
0.141547578848
0.14370829072161
0.1441411485529
0.14376917046205
0.14327532441103
0.14327731448326
0.14275557222647
0.14469117033455
0.14497373175819
0.14526082740974
0.14241148252486
0.14349348757843
0.14499817464016
0.14560308421246
0.14193770151627
0.14302599380613
0.14599040299328
0.14607373054426
0.14341772425933
0.14310254344723
0.14280631261231
0.14157756331883
0.14654399908072
0.14253913553626
0.14153616372484
0.14461890917228
0.14285444219927
0.14441639260135
0.14334137778709
0.14138521892807
0.14529157365424
0.14686495949036
0.14254728290177
0.14605358035242
0.14484019180578
0.14286045051732
0.14085143334746
0.1456055916718
0.14560751835843
0.14647192832456
0.14402788702013
0.14564328173951
0.14567467639471
0.14631110445336
0.14434589170103
0.1439155396287
0.14644043626477
0.14498655020142
0.14251740234613
0.14380057943569
0.146143359124
0.14334553187793
0.14193270589251
0.14382450931533
0.14157567324326
0.14370954625632
0.14267649326276
0.1428314245112
0.14266942385196
0.14433934357639
0.14115936332301
0.14112087878879
0.14066481548429
0.14078129879038
0.14286336304297
0.1403977682381
0.14072623356563
0.14077210102607
0.14329612188277
0.14002558732465
0.14173149140468
0.13971597435743
0.13929726835876
0.14074575983666
0.14053884782789
0.14053419979832
0.13991463695144
0.13996456411098
0.1397517152768
0.13946994642273
0.1387589137703
0.13868879260635
0.13844064345178
0.13898309936411
0.13974388092548
"n_200_d_25_tr_10_a_50x50_idx_4_p_mprt2"
0.1367906706442
0.12920400799154
0.13127137909482
0.13103898385098
0.129525224534
0.12950850189902
0.13095292214877
0.13302615617816
0.12954924004723
0.1324120206472
0.1289603105512
0.1305709171362
0.13137774271982
0.12861608928728
0.13002332436841
0.13186640634697
0.13030026650482
0.13062336925442
0.12827746226744
0.12930571014984
0.13057538301758
0.13229130189692
0.13245811064875
0.13139894174789
0.13002919461971
0.13032350920404
0.12990708865043
0.13334717948134
0.12877999560562
0.13162897607341
0.13132922641805
0.13310085201231
0.13100691371499
0.12988058902476
0.12908644814459
0.12886061726451
0.12872226224366
0.12766765997783
0.13165682114751
0.131507917615
0.131363977273
0.12955535371865
0.13259353141285
0.13216702880608
0.1296725531
0.12997061420835
0.12832754469741
0.12755420442774
0.13259145290519
0.12900470330013
0.1314453693888
0.12987152564395
0.13315577716684
0.13024120163903
0.1307416040134
0.13154200288885
0.12860191054999
0.13022212869546
0.12990162360817
0.12918987737805
0.1293469557568
0.13266454173617
0.12848664652274
0.12871002298378
0.12754678974986
0.13074500041572
0.131361319382
0.13205610446448
0.13288044685282
0.13257167516949
0.12863925036366
0.13161478509572
0.13322339207
0.13158537402198
0.13338456950551
0.13228462027356
0.1319655581191
0.1316620640405
0.13220594779981
0.13422643388318
0.12970919233925
0.13058175767416
0.12771010492128
0.12854213606589
0.13212258351437
0.13260502354817
0.13162814078214
0.13064406496661
0.12885726544723
0.13031900458924
0.1303073046263
0.13391185238939
0.13308239816399
0.12991893015384
0.12735828625954
0.12715460892074
0.13154409375667
0.12979218257527
0.13011528254964
0.13078852615851
0.13263843696068
0.13201501772058
0.13099205308991
0.13166715564926
0.13223962847481
0.13281871744722
0.13261992469703
0.13222836032506
0.13011867104632
0.12924567760749
0.13060336691984
0.12920282808603
0.13203077102899
0.12731509192363
0.12963071390304
0.13065011477374
0.13162721090559
0.13019876420086
0.13136294757658
0.13360866297752
0.13269180440873
0.1284255199353
0.13262635861908
0.13005592392143
0.1285491287458
0.13050906481822
0.13275139209354
0.13046345007333
0.12832824866445
0.13005963572211
0.13188838734598
0.12867995174916
0.13201736769082
0.12843493692735
0.12879502370177
0.13010844942136
0.12895348913233
0.13212928166254
0.12720257132691
0.13243840204244
0.1317305656817
0.12899868967135
0.13239386011828
0.12775930048852
0.1307730721975
0.13012714737285
0.13003398663237
0.13324511315465
0.1297658570508
0.12732439206576
0.13215202064613
0.13187586319299
0.12793534280058
0.12783963669685
0.12892466972374
0.12844596423609
0.1298496794592
0.1301134327886
0.12777015021373
0.13111750830635
0.13071257842735
0.13201664247596
0.1318070426789
0.12995257692515
0.12893161079137
0.13311497206024
0.12834397693072
0.13059873265067
0.12873319740215
0.13054582621214
0.12743361891866
0.12818096384613
0.12709286367748
0.1271904935306
0.12869550012788
0.12721276652646
0.1271530576066
0.13175632383937
0.12966938462669
0.12654566238295
0.12965426909759
0.1278977721549
0.13018968766679
0.12641608020229
0.12600722887995
0.12724302375266
0.12785967122266
0.12960876573332
0.1285666800883
0.12712905918333
0.12696099693454
0.12652285439734
0.12659588291351
0.12638856454994
0.12636642249902
0.12575720645213
0.12574374993703
0.12556573241278
0.12590289134324
0.1263367452056
"n_200_d_30_tr_10_a_45x45_idx_5_p_abba2"
0.13455991216053
0.13934935583702
0.13852224989757
0.1388390999916
0.13585560791501
0.13608287936938
0.13855114550699
0.13915141031826
0.13344746942441
0.1391224652311
0.13852141497582
0.13315281187048
0.13362494141704
0.1375781963989
0.13869093075101
0.13905159906822
0.13406748582235
0.13710577919784
0.1351642141631
0.13879593515627
0.13646894449169
0.1317132632347
0.13681628860037
0.13682880616529
0.13943403868413
0.13125087955153
0.13711411699795
0.13830952090833
0.13780293318289
0.1387130741364
0.13349115667004
0.13958898488193
0.13940881671988
0.13885282552903
0.13613323906012
0.13632916126531
0.13946076631417
0.13937225916673
0.13818052595045
0.13947073454591
0.13591817900206
0.1372778665589
0.13708185846554
0.13659993551376
0.13976607674305
0.13958740393002
0.13612359436615
0.13886263258258
0.13766855772673
0.13740421122043
0.13440598646371
0.13969831543962
0.13846699461489
0.13842329831089
0.13818344326821
0.13853728802338
0.13841861340389
0.1401059545511
0.13454072383309
0.13380765081492
0.13744915275995
0.13914175445363
0.13752490820258
0.13626337031885
0.13735635302786
0.13949129373409
0.1393675103242
0.1360283453725
0.1326732718932
0.13669118113432
0.13909030639864
0.14027919451077
0.13905164621646
0.13813280269282
0.13601891461567
0.13683256550622
0.13968175262491
0.13958115570138
0.13932179361807
0.13991968819701
0.13119942819826
0.13404370764663
0.13294427016333
0.13888051494586
0.13910440306323
0.13897837818796
0.13921086495184
0.1375375049187
0.13356185612575
0.13919397152639
0.13890420316792
0.13497668215759
0.13821174151785
0.13643701062481
0.13851529653232
0.13815439681221
0.13924510319697
0.13488740309566
0.13689659950502
0.13486219884413
0.13423442603998
0.13424161248888
0.13391074133668
0.13853067491191
0.1365726599955
0.13726173148721
0.13745377609469
0.13786150926116
0.13763900428702
0.13276940571148
0.13981652490585
0.13490927321217
0.13831407359383
0.13392700063278
0.13587820356462
0.1382115141323
0.13723164833465
0.1349123409466
0.13841004275286
0.13695701060814
0.13523077656311
0.13501422936338
0.13855160564013
0.1384858759489
0.13836464536811
0.13797275721046
0.13458520708944
0.13251377967188
0.13510204700553
0.13778809896399
0.13399355247547
0.1379161667374
0.13806299158561
0.13490030146994
0.13496679308645
0.13562773471142
0.13473253282558
0.13532288870034
0.13445485295816
0.13524000272894
0.13471036175622
0.13449121525749
0.13511184688051
0.13367177047858
0.13410657900511
0.13592065802076
0.13523347167507
0.13489397620004
0.13431515645961
0.13770685205509
0.13466323931242
0.13783957343475
0.137269936255
0.1373815734632
0.13890290629816
0.1316341003524
0.13726570355315
0.13623985832178
0.13126460537862
0.13676532415866
0.13622172118044
0.13818700125175
0.13590234767895
0.13236884082713
0.13165600429745
0.13093040788977
0.13711457130555
0.13640893392061
0.13600029152806
0.13372139021634
0.13371934971322
0.13606340857965
0.1362764067578
0.13271931158499
0.137312450163
0.1351549551964
0.13528335726615
0.13590697764361
0.13725973911082
0.13400132736546
0.1345446501691
0.13484120974429
0.13418109976573
0.13370654318766
0.13505574938205
0.13409583263121
0.13612843327404
0.13539814116371
0.13476890086114
0.13361685823027
0.13340981521797
0.13370844658895
0.13351678015013
0.13471202121141
0.13415005088916
0.13223049769948
0.13154865402023
0.13273630629657
0.13206594560744
0.13247385705803
"n_200_d_30_tr_10_a_45x45_idx_5_p_flooding"
0.1438303092818
0.14779905725508
0.14801001753011
0.14766607547539
0.14449647382681
0.14476840530941
0.14729335607261
0.14786451996422
0.14265600041275
0.14799474673512
0.14725326965102
0.14208092281387
0.14240903312255
0.14651524783879
0.1480032802989
0.14817543096986
0.1425614761896
0.14629823047205
0.14444722760357
0.14788712718863
0.14593566523642
0.14149345733545
0.14610659343013
0.14558315244858
0.14833421314692
0.1410673482129
0.14598756117333
0.14764554891184
0.14708220248409
0.14821225825073
0.14134419020845
0.14824375081479
0.14843555549413
0.14771781382043
0.14559370065164
0.14549398342027
0.14830474389357
0.14837857952589
0.14708660314669
0.14796034245859
0.14521968341358
0.14645082601804
0.14606573515318
0.14549402118073
0.14815780616963
0.14831828056407
0.14461482733643
0.1479937116377
0.14657390874193
0.14559854797691
0.14370054619314
0.14878377689912
0.14772476393152
0.14756695903561
0.14665313378877
0.14803520550882
0.14827046998332
0.14889809630155
0.14398399114278
0.14240912930634
0.14482532591033
0.14853100497244
0.14590518518441
0.14501468988137
0.14436135879783
0.14835036644526
0.14817150902409
0.14393627433436
0.14037592039679
0.14420728417463
0.14808946916378
0.14875939476555
0.14836063716796
0.1475212819836
0.14489850705248
0.14624523309148
0.14855996932181
0.1485809745067
0.14806436054922
0.14855393719828
0.14008170170134
0.14155260520704
0.1405332254014
0.1467501738921
0.14827714956334
0.14810151402013
0.1479199071356
0.14627357640915
0.14273122009722
0.14749720527891
0.1475163386024
0.14391223128017
0.14714689439299
0.14498043853338
0.14693087422953
0.14726813302995
0.14833681234082
0.14382706402947
0.14578236871194
0.14371037102204
0.14356649765287
0.14154543953307
0.14343782875847
0.14755476863662
0.1457252175678
0.14688846867819
0.14595789509596
0.14767077960208
0.14660039521465
0.14136477561438
0.1476260024186
0.14383129376872
0.14730071494549
0.14336945190862
0.14483727987488
0.14710957612886
0.14656534845163
0.14362701262761
0.14731194607862
0.14541765534784
0.1435058136116
0.14408124925491
0.1471117894504
0.14721728170526
0.14714072098827
0.14712129358549
0.14385915496584
0.14198933027449
0.14410024311061
0.14690104424646
0.14295717965634
0.1467511837671
0.14601740366427
0.14320671813095
0.14397270803624
0.14379467052383
0.1421467227832
0.1439640004369
0.1418855270331
0.14242547820086
0.14156464258398
0.14163610671881
0.14312508003252
0.14185265342674
0.14223302846915
0.14446829188469
0.14446602128082
0.14283396184582
0.14281050188905
0.14703120526828
0.14314989813446
0.14680371624646
0.14607832586663
0.14626994095309
0.1468045299768
0.13941686480454
0.14587645714005
0.14519203871308
0.1400137298083
0.14496971501217
0.14467469845981
0.14677889466827
0.14390137529845
0.14053890033429
0.1408790596035
0.14064331511474
0.14550731741428
0.14498679551445
0.14359827359182
0.14299821408802
0.14290048550859
0.1450693723555
0.14489757682452
0.1415595098437
0.14614065711812
0.14268407055863
0.14500199228078
0.14512207328025
0.1449569680085
0.14037931312394
0.14417031252354
0.14433940781064
0.14123031900123
0.14340470051949
0.14321120749552
0.14314594191152
0.1436572794647
0.14286251539754
0.14320325898155
0.14249139619515
0.14311346325595
0.14201581020712
0.14335565581365
0.14061857784442
0.14294285804028
0.14046524020439
0.14016575149841
0.13968174252057
0.13958365351163
0.13878722010496
"n_200_d_30_tr_10_a_45x45_idx_5_p_mprt2"
0.1319170358937
0.13036795621931
0.13003606575985
0.13024008936446
0.13202160147681
0.13014820533042
0.12842018489017
0.13111358819249
0.12806029215814
0.13281622567777
0.12830810312148
0.12938835761532
0.12834267861697
0.12928753288169
0.12912416975588
0.12910295172698
0.13049626352376
0.13121399103944
0.12771705885192
0.13119926266959
0.1328143612773
0.13197497711059
0.12724501093639
0.13118862582375
0.1275831565599
0.13341255306093
0.12960274300924
0.13179744832085
0.12861655839979
0.12812346099812
0.13057199724507
0.13051558386217
0.13256543936119
0.13379112942847
0.12887420364478
0.13239099358027
0.13271923804595
0.13189293035028
0.12909227555392
0.13360556531004
0.13306445798087
0.13007219621045
0.1267134529338
0.12724838244637
0.13293405174426
0.13385179405754
0.13027320233308
0.13312597174395
0.13278209778005
0.12682214529003
0.12888392273779
0.13343946825439
0.12952341247445
0.12651353742371
0.13275982182683
0.13235373349982
0.12767420774324
0.13287152066067
0.13193344695983
0.1268299849245
0.13114918567053
0.1332759944542
0.13329831705201
0.12816879072687
0.12933705652345
0.1334240787056
0.1328922619122
0.13211650102778
0.13151656531062
0.13275960709579
0.13326382449262
0.1326932361948
0.13311938014043
0.13301075132568
0.13245728658175
0.12997323746352
0.13375459633685
0.13359217169247
0.13209298075584
0.13337813139854
0.1275702725764
0.13407025036521
0.1328894265537
0.13081698222459
0.12626846650265
0.12645048682153
0.1306689010662
0.13227448365517
0.13341714683591
0.13249132307522
0.13318115122157
0.12943344715673
0.12568030456598
0.13347670717863
0.13376108410734
0.13292357601728
0.12939995781789
0.13160322446522
0.13325002612056
0.13227475930445
0.13216690351071
0.13249238071119
0.13053328799409
0.13316811230529
0.13295144469228
0.12940649251636
0.12769981833041
0.12950635448322
0.12660778991008
0.12894056627744
0.12971681268753
0.13015964239643
0.12951453324852
0.12909797748258
0.12710116423317
0.12859067806794
0.12951970118117
0.12808069712824
0.12726937936892
0.12954434117467
0.12726235515222
0.12932009281126
0.1278361841444
0.12831933921528
0.13126698947673
0.12906033901887
0.12770139749179
0.12769475590391
0.13127014324576
0.13120641023156
0.12777088710888
0.1316700320735
0.13082994193734
0.12935798839867
0.128962468645
0.13113571731196
0.1278736187641
0.13504721290905
0.12711107617621
0.12817254688016
0.12751911328963
0.12993528283811
0.12928448506978
0.13178126683402
0.12993633954432
0.12880787218683
0.13246184352786
0.12880777621882
0.12867046958204
0.13139854823422
0.1325821055585
0.13270912844866
0.13204279593126
0.12918481087779
0.12962277187425
0.13139763240293
0.1334785388045
0.13169259310921
0.13183176678108
0.12934759568623
0.13165602590268
0.12930248930787
0.12864128538988
0.13026693790482
0.13466440091978
0.13016043793923
0.13562830247255
0.1321529352193
0.13296911113893
0.13306728854141
0.13090300432718
0.12933792541012
0.13073476654706
0.1308501772301
0.1306592326178
0.13267154764544
0.13301702534825
0.13304213488239
0.13304614918942
0.13381100264202
0.13079014250501
0.1334812045545
0.12992336323749
0.13116323717322
0.13393401070967
0.13023072811868
0.13328919390509
0.13255384989127
0.13114715371574
0.12898940674125
0.12917647488828
0.13183001094663
0.12953152236351
0.13081253326759
0.13312871420305
0.13277053185993
0.13193852989022
0.12987105111691
0.13203470964686
0.13491132908428
"n_200_d_35_tr_10_a_42x42_idx_6_p_abba2"
0.13803987227775
0.1337811273222
0.13363096878559
0.13473164265215
0.13710313817778
0.13828027997623
0.1355549887032
0.13768265889134
0.13813819805036
0.1373259771956
0.13920475568801
0.1359542387422
0.13787546301304
0.13697300882041
0.13677349300613
0.13797560834477
0.13958137595909
0.1334544015927
0.13640362464118
0.13637293832883
0.13654757176843
0.13742342139697
0.13769048075044
0.13560672691754
0.13615682049252
0.13678905111826
0.13559188530536
0.13389323141648
0.1359845814341
0.13892598179231
0.13929189575335
0.13912129129965
0.13661666693414
0.13786118878
0.13975414289767
0.1379919467663
0.13892529100754
0.13522518429687
0.13962215394157
0.14000500459171
0.13975901666898
0.13791905968646
0.13982150038157
0.13889559215332
0.13604679406737
0.14042364947437
0.13701966964184
0.13963523694897
0.13178450570966
0.13895474243562
0.13932261258106
0.13835812926646
0.13647771666199
0.1359977893805
0.13416982677365
0.13704694747396
0.13319683284211
0.13319668069874
0.1383975728114
0.13304030414793
0.14098130783213
0.14029658775947
0.14038146137339
0.1390968979927
0.13410468991767
0.14032589998089
0.13951352737688
0.1397206128388
0.13829743653013
0.13163687395816
0.13835322219778
0.13993784608151
0.13701092353372
0.1378377159246
0.13803988002235
0.13506393948448
0.13744994527775
0.14049675908836
0.14034229202676
0.13793538899516
0.14028342481911
0.13379584474438
0.13760570785656
0.13939986885036
0.14098354013137
0.14101604400608
0.1376671387529
0.13823930947267
0.13832914986063
0.13462103740703
0.14025009016406
0.13730894797395
0.13252002362166
0.14038725116791
0.14005791226706
0.1377477447561
0.13580197999226
0.13884091037244
0.13510602655946
0.13606558615465
0.13706090171422
0.13987675560864
0.13933784774419
0.1367054147664
0.14075569178211
0.1398647927119
0.13598962324826
0.14080145918135
0.13544851803274
0.14150957297495
0.13941554370754
0.13802709280637
0.13693154189307
0.13931665089897
0.140161021487
0.13448946012008
0.1391300318959
0.13465888402477
0.14077931452829
0.13753749688786
0.14025751516294
0.13901087045667
0.13367566911276
0.14073128971701
0.13678553767854
0.13441167748441
0.13644829968526
0.13797499045409
0.13789763277768
0.13495914156487
0.13861960985458
0.13653379810655
0.13913998426396
0.13238769127414
0.1367873207782
0.13577737706849
0.13716327906134
0.13962476075638
0.13629627597527
0.1361932458643
0.13789222836257
0.13715269981889
0.13768239352156
0.13563139244845
0.13506499719801
0.13643226871068
0.13682247927595
0.1387350218804
0.13793738137849
0.13661379622387
0.13492365866018
0.13624343058428
0.13863188484891
0.13937267432334
0.13660020197386
0.13410021815057
0.13541138750908
0.13853814978411
0.13478908843673
0.13623849346021
0.13722196923012
0.13913182480632
0.13707481990074
0.13846074738904
0.13932475997947
0.1376167878088
0.13755569210493
0.13722673064719
0.13726103280211
0.13531386811366
0.13564244196474
0.13673601239533
0.13519612253694
0.13782463807794
0.13674394256596
0.13676089390118
0.13606057626508
0.13541988274223
0.13500120132312
0.13495282439078
0.13503573895474
0.13412158875649
0.13480240494479
0.1352415147523
0.13452685757687
0.13432020180027
0.13424985077173
0.13442833867015
0.13365973506929
0.13436265698369
0.13508711495063
0.13379381461098
0.13386813925126
0.13343429739723
0.13416444735364
0.13347963685316
0.13474493504083
0.13392093730319
0.13360451758584
0.13366465265592
"n_200_d_35_tr_10_a_42x42_idx_6_p_flooding"
0.14714476970748
0.14345436189397
0.14341857563262
0.14457138252911
0.14595920671272
0.14732844356977
0.14524875434371
0.14637508096587
0.1471390500855
0.14578118179282
0.1484002494807
0.14541066736668
0.14700407272632
0.14617118538293
0.14616984432212
0.14691215335141
0.14850494395326
0.14269588084291
0.14569225665378
0.14568717663456
0.1453088808713
0.14667563058663
0.14695514398917
0.144795018299
0.14484463479416
0.14534656136125
0.14350153799792
0.14321189355496
0.14503988646553
0.14804329622566
0.1488250550761
0.14804723448176
0.14529271709131
0.14687757941656
0.14844093396732
0.14729092449464
0.14834284290667
0.14384080286694
0.14846171239218
0.14886350632476
0.14907198545713
0.14697853477353
0.14941297094666
0.1481127724205
0.14555124497408
0.14926769520397
0.14571708460009
0.14826415875069
0.1418926411937
0.14754528086226
0.14748030775212
0.14775267475114
0.14437080056514
0.14303273277489
0.14332992471061
0.14552280183438
0.14218642299141
0.14228499011783
0.14728267222642
0.14143992460327
0.14966591544436
0.14933446481842
0.14949653679098
0.14837335844084
0.14289038865329
0.14972469123964
0.1489065633517
0.14899839033875
0.14691571740881
0.14158647423005
0.14761465307673
0.14928906274445
0.14453828517095
0.14732670316452
0.14643895018835
0.14231794577495
0.14653434434431
0.14959334929401
0.14997257441275
0.14703742492439
0.14982395007422
0.14144989404632
0.14610368690219
0.14822169623074
0.15033122403472
0.14959014700733
0.14704488391663
0.14741641614711
0.14741022969218
0.14374208507864
0.14945571026513
0.14616462669303
0.14158547875706
0.14946444149406
0.14917531812844
0.14436949715081
0.14494522163105
0.14760636410705
0.14193326304013
0.14544664179907
0.14298106416781
0.14872454935186
0.14838360540061
0.14525001123968
0.14996574915387
0.14786065139487
0.14537098170251
0.14961659639776
0.14433000318006
0.1497464034443
0.1481206726127
0.1465647076281
0.14499159282419
0.14832560153968
0.149443348064
0.14354481350922
0.14787891274423
0.14252482375749
0.14957733177191
0.1469287766403
0.14877844506813
0.14813955830095
0.1411187542612
0.14972627176104
0.14567928225498
0.14238424545533
0.14495657789433
0.14575315529913
0.14650631749064
0.14391341369325
0.14800392973976
0.14527947651539
0.14807383546519
0.14022523875684
0.14571729858232
0.14420390890145
0.14583217513539
0.14870113242591
0.14506056008823
0.14481899261635
0.14707796704072
0.14659180115924
0.14653310119809
0.14547682963638
0.14420224422298
0.14348480227478
0.14582262271823
0.14740837224889
0.14757088739672
0.14315771218257
0.14434809691838
0.14540155896341
0.14757196480721
0.14852279563327
0.14624299835208
0.14278727799599
0.14449762311466
0.14823932171078
0.14290343896197
0.14609604712783
0.14689706980679
0.14821234756592
0.1451473627196
0.14698285691303
0.14803242149895
0.14739148672048
0.14679410320082
0.1449120499023
0.14649281612753
0.14272794441446
0.14524699711745
0.14629901277145
0.14508201291366
0.14692901294108
0.14658128823846
0.14658516105844
0.14612930519516
0.14507128016045
0.14464070090481
0.14482850926799
0.14439138147043
0.14358192095211
0.14444943266483
0.14501955025789
0.14352153946207
0.14182293121583
0.14392825311915
0.14417533310581
0.14350096532599
0.14383759428118
0.14408575735645
0.1433607749769
0.14365158796839
0.14115685161798
0.14336107910235
0.14288811942997
0.14334436240117
0.14313228366722
0.14310502764021
0.14276780545653
"n_200_d_35_tr_10_a_42x42_idx_6_p_mprt2"
0.13565767252458
0.13145984613403
0.1307611719335
0.13057219352842
0.13045822085023
0.13033360726719
0.13048296158334
0.13116564121586
0.13224982473794
0.13023332910499
0.13169297249021
0.13149031102394
0.13198399091446
0.13094906516719
0.13389731766962
0.13064256465322
0.13263184611875
0.13168910514136
0.13111999919311
0.13032277183802
0.13059281740457
0.13131405059393
0.13267023303015
0.13178597061625
0.13271486108819
0.13338900657922
0.1358709769327
0.13298055322751
0.13043356288344
0.13158201855411
0.13202043690559
0.13281034635743
0.1296248059503
0.13161988792239
0.13013966633355
0.13054329026447
0.13034872563192
0.1332529672394
0.13393134664422
0.13382786500676
0.13280052430006
0.13271272443928
0.13049153417271
0.13194934625999
0.13342222252777
0.13201137319292
0.13496121289716
0.13199458999827
0.13292494799785
0.13343098797005
0.13350624985138
0.13199807159187
0.13520775338915
0.13068124079465
0.13286308331682
0.13064569806762
0.12864512189785
0.12849401568994
0.13342302615405
0.13015237707048
0.1291140103451
0.1329451693442
0.12993575553654
0.12935454927074
0.13235478989935
0.13232863666787
0.12974593103595
0.12876009063864
0.13405000580498
0.13458770357977
0.13072460006535
0.1331768764644
0.13092642941427
0.13214870315992
0.13426397125921
0.13383494657624
0.13517831369804
0.12827032244715
0.13467270999637
0.13442815252425
0.12857197058026
0.13169635160691
0.13362511471055
0.13143341477378
0.1333229716657
0.13143212086921
0.13176586196343
0.13243817279496
0.12879337278001
0.13473689220007
0.12901206987991
0.1299022434244
0.13188512947889
0.12845647998185
0.13025230132654
0.12960395353127
0.13436244214112
0.13462195278802
0.13040600508922
0.13398532823372
0.13518515563596
0.1293736228491
0.13407221135171
0.13475203138369
0.13432055099493
0.13490782445951
0.13182217469102
0.13229957208124
0.13221519949304
0.13383230442705
0.13382469666784
0.12964428504743
0.13236093029146
0.12795983344748
0.13440928967938
0.12953268655586
0.12818175044309
0.13433448203905
0.12902782331593
0.1281817505535
0.1329262354708
0.13141068799409
0.13045554036623
0.12776551556481
0.13407571480705
0.12766820502239
0.12794461890229
0.12846642782645
0.13048933924644
0.1306334364115
0.13076022920213
0.13076224773463
0.13078899487422
0.13327200539418
0.13135198055849
0.12905738166568
0.1290977501158
0.12896428130863
0.13338257190483
0.13207753757962
0.12993405856385
0.12890938804085
0.13364758262958
0.13392877569837
0.13137686315674
0.13021511859921
0.13312351639435
0.1285691818909
0.13106082755818
0.13184943174145
0.13729043942763
0.1321428255161
0.1311227554895
0.13057095737464
0.13254495500214
0.13009199136613
0.13141861648731
0.13120016447032
0.13135816903026
0.13109905539324
0.13193379902561
0.1298683692135
0.13163365111004
0.13173158675496
0.13272584363869
0.13274270246034
0.13263197054091
0.13333665056405
0.13102388774724
0.12981863429625
0.13046235443476
0.12999341264702
0.12977178479169
0.12962890921527
0.13201340710338
0.12797404305097
0.13019153380137
0.12926097615203
0.1292949536373
0.12989525767293
0.13015812575832
0.12743128513708
0.12947781297236
0.1295305057366
0.12916592259175
0.12942962914989
0.12759181604353
0.12950038302588
0.12762951900456
0.1291841062763
0.12886602114527
0.12907401510483
0.1268320604025
0.12760665336533
0.12889775177338
0.12880634180575
0.12924425405567
0.12871431128038
0.12866404335353
0.12852469381857
"n_200_d_40_tr_10_a_39x39_idx_7_p_abba2"
0.13842389717102
0.13832494353702
0.13724515522271
0.13826707515295
0.13805603680504
0.13901500667724
0.13927072834194
0.13665958444505
0.13953414398134
0.13748573962849
0.13850626050381
0.13958981603833
0.13648797702921
0.13653557446042
0.13968487781311
0.14012824022302
0.13615923075076
0.13635892043463
0.13626559509319
0.13597077746832
0.13953629987811
0.1359280891412
0.1406406170199
0.13755989916207
0.13940836625092
0.1387616191759
0.14097178016958
0.13851954064126
0.13519239212124
0.14085556128057
0.13882261551255
0.13902633171077
0.14160164289084
0.13917402767592
0.1375822025179
0.13721428873858
0.13456155653201
0.14196632960382
0.14019091327387
0.13740501627242
0.13632942576929
0.13471283799655
0.13848741158326
0.14063353297384
0.1364038395828
0.13492179288059
0.1379006861254
0.1414155813753
0.13698644384058
0.14151517304301
0.14038691323991
0.13471255036288
0.14056818820946
0.13422294119149
0.13541664049784
0.1400967390187
0.13573080170622
0.13597148631077
0.14089932366494
0.13545419271602
0.1409557356495
0.13859246920373
0.14020381965597
0.14084942362459
0.14029287351923
0.141285043828
0.14070203263413
0.14085858091144
0.13848876035346
0.13851189313959
0.13692427588091
0.14130672185784
0.13377651221758
0.139992098827
0.13878619514795
0.1338215250626
0.14089614809446
0.13494747455366
0.13741141495301
0.13614046108824
0.13999033716665
0.1381697692651
0.13710036261146
0.13875699480035
0.13605097280404
0.13936916590226
0.13671261639743
0.14104675266308
0.13802635423098
0.1394131431215
0.14069749601838
0.14017888370319
0.14031852282539
0.1407819944434
0.13386816705098
0.14015154166268
0.13767928372741
0.13269023802976
0.14030841158635
0.14050095326124
0.13756368951463
0.13870788756003
0.14002742150395
0.13504671888251
0.13744500833807
0.13942879145239
0.13860697678188
0.14009729118609
0.13646434508079
0.13887664087918
0.13978861525514
0.13702240821465
0.13653548035241
0.14020896580348
0.13663185824198
0.13818874040573
0.13427185169562
0.13874382275365
0.13973936121386
0.1354213510761
0.13727753070491
0.1382807968516
0.13877783016452
0.14018762893643
0.13603687171821
0.13814728488861
0.13880500103462
0.13735359325
0.13627567415471
0.13556801070629
0.13371890692778
0.13648977258848
0.13342071157107
0.13694117489805
0.13473525735532
0.1378840064273
0.13762419724993
0.13704100406304
0.13683605903965
0.1374439771276
0.13828552844443
0.137482025712
0.13617623547518
0.13687682671725
0.13587430892813
0.13563193697559
0.13670233108095
0.13775063274175
0.13662931201981
0.13567550807601
0.13475898149073
0.1340411968982
0.13414491971865
0.13905965221038
0.13579202038877
0.13839553153701
0.13479987617604
0.13610041355852
0.13538653701759
0.13528663461819
0.1363029225442
0.13385625246116
0.13488110315341
0.13672824425895
0.13434213811705
0.13694763008567
0.13687316509083
0.13914080234271
0.13613428560478
0.13783232187091
0.13530314930048
0.13833978214808
0.13714881573506
0.13857099611882
0.13698251210542
0.13472610162544
0.13800299001736
0.1376893380118
0.13573655026533
0.13300076366347
0.13861037616203
0.13628125207789
0.13361007613265
0.13277282595581
0.13850280577475
0.13787827014538
0.13251608722135
0.13712814001365
0.13839649961106
0.1380385829945
0.13496522889262
0.13590800046973
0.13538867271533
0.13579128402568
0.13504814222824
0.13532615129912
0.13482436910881
0.1340501093963
0.13515378768949
0.13251504993768
"n_200_d_40_tr_10_a_39x39_idx_7_p_flooding"
0.14773029033473
0.1466863859724
0.14665187502263
0.14678257433572
0.14756894463967
0.14829481162636
0.14838298989044
0.14565744572289
0.14779636712687
0.14716670428969
0.14731076225244
0.14878282332763
0.14524560368258
0.14499127930895
0.14924734984993
0.14911311185086
0.14539660718761
0.14531051125231
0.14604627893115
0.14533202519284
0.14933154112159
0.14573897498735
0.14978275073825
0.14619858675606
0.14859599156866
0.14784579367796
0.15000974936751
0.1481827488928
0.14409547610929
0.15003139801755
0.14807928719841
0.14871830648867
0.15059118643076
0.14824173804329
0.14656067257812
0.14556116469811
0.14392894717319
0.15078533556162
0.14867037847643
0.14646030823305
0.14522371439784
0.1439680864977
0.14704779383145
0.14993931610874
0.14565226817441
0.14416550898633
0.14744425824088
0.15087659626402
0.14660082096062
0.15101748128972
0.14991460913305
0.14263559324343
0.14931648671112
0.14367413984533
0.14422253948124
0.14889365256476
0.14488527905092
0.14554207495465
0.15003064052184
0.14498901160892
0.15078887204207
0.14830165356885
0.14953692941413
0.14986859297253
0.14892071003558
0.15043899704968
0.15007071129828
0.1503101255761
0.14799712465176
0.1480306370596
0.14598889323891
0.15038184722642
0.14265625760053
0.14916114399088
0.14738074946701
0.14316648985177
0.1500628529122
0.14439425755793
0.14533747648331
0.1457753852985
0.14928852159318
0.14704018496466
0.14654041634323
0.14804747462142
0.14522090094016
0.14851569853967
0.14505824519995
0.15028575844759
0.14741120162042
0.14882544929669
0.15021093279288
0.14966184093096
0.15007258451768
0.15003567497989
0.14053190384903
0.14952809996606
0.14629375366788
0.14053682136545
0.14988038701778
0.14941196281403
0.1463456570385
0.1476399828387
0.14960751774796
0.14473630644766
0.14583167745568
0.14897769933796
0.14822696445414
0.14924409228304
0.14527104304211
0.14828304608983
0.1489628553756
0.14629495066299
0.14619770414368
0.14915015771481
0.14426143620954
0.14687191787008
0.14416824053715
0.14828282449486
0.14886024402089
0.14437782035296
0.14644263379263
0.14757223954886
0.14805896924981
0.14832708943314
0.14330731095917
0.14797511878087
0.14834728881555
0.14631504762049
0.14575002354092
0.14436735523468
0.14297490489347
0.14374625511505
0.14272137704411
0.14621108174414
0.1443187997256
0.14751523015818
0.14757575283902
0.14641325341868
0.14662465394996
0.14711789613779
0.148105695171
0.14683436610242
0.14555198189531
0.1470785723899
0.1462536144436
0.14529311669271
0.14665488079609
0.14725336370004
0.14621310997022
0.14511170853262
0.14501816883524
0.14450409887119
0.14396717431901
0.14834645775407
0.14583244991833
0.14772100473911
0.14440250713044
0.14601991613865
0.14525495141194
0.14515500049476
0.14582015745674
0.1440198939246
0.14397676782122
0.14648347572477
0.14435711873363
0.14630071229227
0.14687088872376
0.1481040162087
0.1457799173219
0.14684223408458
0.1442664718637
0.14676247370786
0.14579253439642
0.14784280962127
0.14592668595184
0.14150423940875
0.14640634768065
0.14661213381116
0.1442850450776
0.14126185932046
0.14691834060498
0.14425876823434
0.14244326698267
0.14239114028953
0.14766993635721
0.14629418166035
0.14225207680744
0.14651825647275
0.14764424741138
0.14656868301874
0.14388184502826
0.14479590922254
0.14432447056348
0.14187223651036
0.14388809918185
0.14309984761417
0.14348124975859
0.14201308634556
0.14292701876265
0.14083291048997
"n_200_d_40_tr_10_a_39x39_idx_7_p_mprt2"
0.13449088156146
0.13073098703901
0.13094086429678
0.13560894296906
0.13235060475439
0.13285541442236
0.13283443947273
0.13116084379026
0.13188311279592
0.12997256441934
0.1347188496762
0.13284839941339
0.13040105669889
0.13181665659685
0.13370387743528
0.13175012578327
0.13385961176307
0.13161525008696
0.13121328219787
0.13223824890625
0.13363052701092
0.12967965969219
0.13086828526015
0.13390453182801
0.13060723129407
0.13189549742519
0.13028132807142
0.13279299012873
0.13075840754102
0.13065495194949
0.13051296323423
0.13331578006639
0.13457696696212
0.13340897923106
0.13253644227271
0.13057069575602
0.13087071944573
0.13096050488493
0.13001466128012
0.13059406223527
0.13397270421531
0.13071096219927
0.13257460126284
0.13198723662005
0.13342309491811
0.13547331843394
0.1328487401782
0.12960578181768
0.13701439628751
0.13364008485576
0.13029230951519
0.12877139049177
0.13285043993775
0.13290637412367
0.12964316466091
0.12956704195568
0.13356431891483
0.13423636564766
0.12969144294163
0.12885894572861
0.12967611149089
0.13386296570593
0.13613002180726
0.13392154821203
0.13507220610047
0.13397866582133
0.13382780286172
0.12939806230379
0.13337910423773
0.13149200417821
0.13429682957285
0.13508158569227
0.13212447177568
0.1347362873279
0.13456807604997
0.13159873727461
0.12935127965639
0.13482579973525
0.13434715514056
0.12868275676458
0.1328460372708
0.13448320498518
0.131199200126
0.12861580029979
0.13475738071138
0.13238502021438
0.13315426726295
0.13079727865402
0.12937872567369
0.13334625319632
0.13464224672039
0.13064890817513
0.13117845705279
0.13221871414932
0.12966464358384
0.13266201158774
0.13276062033011
0.1361562795045
0.13279116866368
0.13177243543196
0.13031509456395
0.13242339102245
0.13462844538235
0.13388867733667
0.13291873383699
0.13401257265787
0.13438697421906
0.1367337831821
0.13059940933269
0.13266487491938
0.12702312778597
0.13378020068789
0.13337585765292
0.13377861227228
0.13526318433383
0.12692495151582
0.13262260813691
0.12943373986669
0.12767080711327
0.13041508448729
0.134672588883
0.13141808702462
0.12749877165912
0.13035526057822
0.13129094139675
0.13336471448521
0.1338346245561
0.13161187882334
0.13373792392705
0.1335236970942
0.13174566081127
0.1329683526206
0.13130137763691
0.12985237834918
0.13197925522152
0.13323464794866
0.13282555463275
0.13133677173206
0.1321648913064
0.1331724341137
0.13134980975768
0.13127571863412
0.13278905051693
0.13097761070769
0.13167581691637
0.13101401296429
0.13062449049452
0.13157403390333
0.13203154569848
0.13110823325657
0.13027409909667
0.12988657090869
0.12962553861591
0.13288657666153
0.13080769522128
0.13249958651799
0.13118859636775
0.13044520214733
0.1304448189553
0.13105638338197
0.12939131304993
0.13138673150711
0.12980209011383
0.13138168594329
0.13174796796724
0.13372856839702
0.13076500301174
0.13190441717921
0.1297016033674
0.13170312054871
0.1309772005422
0.13251553045126
0.13194881456123
0.13136090516478
0.13155522460368
0.12971090343578
0.13187972008014
0.12978642722158
0.12834318589073
0.12832329363318
0.13294331151248
0.1313060134446
0.12810695367427
0.13243498637189
0.13307464178427
0.12983534969477
0.12907024127585
0.13204159457523
0.12997600986387
0.13074983814316
0.12805548998064
0.12969295634044
0.12898527319218
0.13097959122621
0.12825912294947
0.13011700663936
0.12886104503829
0.12984491136665
0.12718062078571
0.12959971877734
"n_200_d_5_tr_10_a_112x112_idx_0_p_abba2"
0.13199479648849
0.13310086192099
0.13229821393549
0.13163898568334
0.13160504599903
0.1319220373044
0.13373007889268
0.13054370594942
0.13098958706983
0.13125374027219
0.13078131199496
0.13275599074425
0.13275376942615
0.13214284125329
0.13188445110687
0.13188785548146
0.13139878072932
0.13005525494455
0.13073486865812
0.13315843359988
0.13318077425836
0.13255226493578
0.13182757645029
0.13276391089293
0.13270462295236
0.13150151895279
0.13417099297773
0.13362090586339
0.13340887975233
0.134146198248
0.13265095298338
0.13422952237363
0.13286550571338
0.13044674451896
0.13573150579886
0.134316729872
0.13115648392109
0.13416989121574
0.13158577995721
0.13581943837453
0.13601887302208
0.13286745603293
0.13279884704554
0.13052524750826
0.130945519646
0.13141406678918
0.13084405411856
0.1341821817604
0.13272267797398
0.1335613433371
0.13102814920334
0.13283883915273
0.13250302498987
0.1304051871689
0.13261118000054
0.13357393518721
0.13391640476912
0.13544196274829
0.13249846292336
0.1340588324541
0.13118907656085
0.1308438963152
0.13040942279388
0.13126252824384
0.13027652627415
0.13559377423493
0.13333122778016
0.13173010256948
0.13114140508721
0.13296516979597
0.13066871670093
0.13002136587136
0.13177844859883
0.13109936639275
0.13430485873461
0.13444439087607
0.13382579374342
0.13363467963759
0.13413465477825
0.13351645919705
0.13360931245937
0.13297849055531
0.13289767711739
0.13342072167323
0.13262968318261
0.13230316971124
0.13323322044752
0.13076946115708
0.13307097203415
0.13419186592765
0.13256156393679
0.13210346690865
0.1338461709873
0.13105959308307
0.1312855190593
0.13040326918164
0.13041843835217
0.13524335312804
0.13491707205303
0.13017486663211
0.13296489329614
0.13477305475502
0.13661410104496
0.13223058565472
0.13220147983519
0.13232420250537
0.13272356285952
0.13282371753748
0.13330113405659
0.13194122596612
0.13152814330551
0.13315877649226
0.13289201394369
0.13323887299421
0.13003615258732
0.13294860551957
0.13512240812613
0.13601359106112
0.13156435055828
0.12994112217972
0.1331350501129
0.13443283756057
0.13445171305393
0.13403494499363
0.13114756292994
0.13174497776387
0.13231343490567
0.13521473679907
0.13285797974107
0.13359060604136
0.1325153510292
0.13448391846742
0.13443734783433
0.13162643438294
0.13437570898468
0.13118672924195
0.13299637525271
0.13249623136004
0.13369390483358
0.13453442202742
0.13182856083038
0.13401984340161
0.13444578659469
0.1310307378335
0.13300219897582
0.13318134719679
0.13470953936377
0.1350393919635
0.13106989149337
0.13245733089294
0.13371535227205
0.13244891667184
0.13163033180791
0.13320018542386
0.13278928675998
0.13485132557241
0.13403244572473
0.13157383413153
0.13023685689634
0.13342623540723
0.13011703282023
0.13011431030768
0.13388014883709
0.13461440655057
0.13534535293484
0.13414535975525
0.13238598705911
0.13347903172671
0.13519738237936
0.13405610001081
0.13564053790148
0.13435712841203
0.13393763105595
0.13562804588634
0.13155445577244
0.13541223306168
0.13412310845582
0.1345947847029
0.13501147003128
0.13076516745784
0.13471556335174
0.12870342014966
0.13338730419524
0.12907575217587
0.13289834048068
0.13270805826516
0.13564844883029
0.13547687942928
0.13302428302911
0.13454418439225
0.13159890095622
0.13268635218956
0.13358295387515
0.1320540558824
0.13181583041555
0.13318026889602
0.13234532508368
0.13273006594047
0.13438390045983
0.13490649670418
"n_200_d_5_tr_10_a_112x112_idx_0_p_flooding"
0.13755598140656
0.13840995937726
0.13744112806827
0.13810695546105
0.13843684304309
0.1387340083546
0.13879177910994
0.13820549999393
0.13762764772078
0.13761195356388
0.13796645378809
0.13875003344718
0.13786483623978
0.13829617887589
0.13725555385344
0.13809503481391
0.13849811085829
0.13758583311773
0.13888088087321
0.13865324688075
0.13887086710034
0.13770994505476
0.13841073738868
0.1378967176626
0.1382954317337
0.13842660385293
0.13888322301958
0.13708299771214
0.13887733167949
0.137180293228
0.13894360298552
0.13839496494195
0.13870146960699
0.13861322202622
0.13749315475936
0.13833655256765
0.13775801259102
0.13858678211285
0.13841944203048
0.13774077251612
0.1380010137549
0.13791449383422
0.13809957397744
0.13773743199235
0.13805239933347
0.13868554698424
0.13758141937073
0.13663886894129
0.13847558404787
0.13788747006843
0.13791081239923
0.13794451163462
0.1383908759035
0.13784432198716
0.13708035291292
0.13773564991906
0.13813152982924
0.13749122500488
0.13734105672173
0.13742550921726
0.13774601643493
0.13789628303746
0.13833253636296
0.13853696609297
0.13795059244948
0.13722853522297
0.13769487845327
0.1382147192221
0.13879694171443
0.13854240298733
0.1384510598862
0.13839536582158
0.13869986422625
0.13716610822043
0.13768902953564
0.13675430995566
0.13718494424229
0.13739220112291
0.13695435477248
0.13723162998222
0.13584610712002
0.13746808987295
0.13798021865434
0.13750033856007
0.13760374945065
0.13785453402377
0.13835746206222
0.13792655443577
0.13731049803176
0.1370775860917
0.13815914982431
0.13801851316432
0.1381039592284
0.13835566186255
0.1382683460257
0.1382655168827
0.13856352339229
0.13733126248814
0.13703709378696
0.1375940311919
0.13698746660312
0.13759492238365
0.1377988181006
0.13779117103102
0.13754516176148
0.13791437916922
0.13807883620539
0.13807630098609
0.13816592745216
0.13815799801886
0.13834599201009
0.13862237393699
0.13790861720206
0.13796734005106
0.13791776097045
0.13755101101992
0.1381570595706
0.13834272595361
0.13738351053441
0.13789186877543
0.13738619053346
0.13765497109274
0.13696576023348
0.13677234690457
0.13739587737794
0.13818013625998
0.13735250817987
0.13784798353249
0.13778138745134
0.13671225436157
0.1372097094826
0.13682070350041
0.13794090017327
0.13773602857625
0.1367123105532
0.13801530015913
0.13763805044683
0.13718124353219
0.13649710040871
0.13630296981269
0.13649803681233
0.1382580215363
0.138607565664
0.13789670433015
0.13864321145696
0.13845810031301
0.1379076748621
0.13719299848673
0.13782703440048
0.13788770447371
0.13780711870552
0.13804633577714
0.13853834730141
0.13843933773963
0.13614858816432
0.13614755588356
0.1368669289646
0.13723429664687
0.13685409854999
0.13736760838245
0.1371141983508
0.13747721198338
0.13782885660361
0.13673384429902
0.13714571788957
0.13707409100076
0.13772228523911
0.13669845067379
0.13653006665592
0.13834109406285
0.13657607454367
0.13644597843342
0.13688191864051
0.13698995327004
0.13619649440495
0.13565780058829
0.13727971220056
0.13676415202312
0.13600212995617
0.13654108030122
0.13680930487909
0.13653435949148
0.1364250087564
0.13621681790642
0.13656318960609
0.13621738999671
0.13587501386999
0.13581127206094
0.1379849932971
0.13662447842347
0.13662588169691
0.13788358600449
0.13686923867801
0.1371691578357
0.13686747868127
0.13638900704847
0.13599652151541
0.13666456536499
0.13645168456547
0.13615358285002
"n_200_d_5_tr_10_a_112x112_idx_0_p_mprt2"
0.12503498615642
0.1298398423962
0.12484168345138
0.129762618994
0.12807629727669
0.13014669036099
0.12502804371618
0.12497723322951
0.12728715607222
0.12616430559226
0.12807835070049
0.1300249395377
0.12666402807441
0.12473531288746
0.12910509055435
0.12532985935931
0.12843375176067
0.12907087626212
0.12802423236652
0.12716632652622
0.12746203828243
0.12637371459208
0.132506600575
0.1259773201959
0.13056586287405
0.12917597276271
0.12968586266965
0.1272170986288
0.1253086436335
0.13339786530426
0.12583691792178
0.12988335242809
0.13308621808229
0.12902786600193
0.12549575913797
0.12921374862685
0.12607110350407
0.13116158027904
0.1289122181612
0.12666735877377
0.12686947824237
0.13181164353813
0.12529773671812
0.13066417636951
0.12897041921161
0.12620198856056
0.12633932110906
0.12963020984555
0.12605223896391
0.12634628684218
0.12644342271104
0.1317489507832
0.12707723047853
0.12653805904755
0.12936950626744
0.13115345803776
0.12915367782734
0.12687705147014
0.12712693561005
0.12525480706325
0.12713432395991
0.12459541124597
0.13298855835445
0.12477489983474
0.13034408747745
0.1266574010563
0.12725671439599
0.13050785427347
0.12620487094748
0.12836984916699
0.13306326882521
0.12996400781775
0.1287164684451
0.12916850403277
0.13419752915428
0.13142105768371
0.12572589509924
0.1296582449865
0.12484525495599
0.12474153221472
0.1252391191241
0.12625364121777
0.12400996295519
0.12921026665913
0.1292383270621
0.13000502501539
0.12691526867781
0.12539777808312
0.13439676019089
0.13340152304331
0.12562266406473
0.12534956060442
0.130667944306
0.12651905113139
0.12865349525916
0.12899484250723
0.12776352777066
0.12535370348664
0.12570024312454
0.12584121910399
0.1270612706005
0.1305016466061
0.1288125204174
0.12584000497087
0.12575063490629
0.12575006070278
0.12829275119275
0.13346514757987
0.13468850596447
0.13110940706652
0.12547686637033
0.1266860185433
0.13029351120962
0.12998139036454
0.125838893512
0.12528448966179
0.12624907062014
0.13098608271172
0.13093754577813
0.12451781821736
0.12842164598316
0.12752748565898
0.12848925575494
0.13517778512598
0.13011832960678
0.12483667943871
0.1252818325183
0.12451781985419
0.126400544602
0.12576340900795
0.1271285757868
0.12434549939974
0.12622467243857
0.12512129909203
0.12493485528446
0.12434549937285
0.13332596579102
0.12824133404634
0.12608018631447
0.12695441605365
0.12454155650259
0.12591126009402
0.1264614608815
0.12921571517157
0.12794745177167
0.12910048992993
0.1292954409654
0.12593176051558
0.12606039803859
0.12822380464829
0.12635778787789
0.13163924579045
0.12674632190998
0.12997699598443
0.12402332882139
0.12840973871156
0.12412150490921
0.12444976723127
0.12696547036232
0.12474426101651
0.125524235877
0.13097889669564
0.12952362011548
0.12699361023684
0.12492097462735
0.13463646836327
0.1245035872086
0.12449383508712
0.12517143705798
0.13060805708086
0.13027344735701
0.12425478647469
0.12719940037705
0.12676486646878
0.12402368067199
0.13247577909764
0.130259974453
0.13002206636637
0.12403892563209
0.12807891783226
0.12797799976585
0.12670426141107
0.12518141351839
0.12662032117718
0.12410496098365
0.12400678487094
0.13393366650621
0.12381113658649
0.12836020843956
0.12442628228095
0.12442627954596
0.13294170502994
0.12444102592623
0.12461069456208
0.1254224979735
0.12411577668243
0.12379904011421
0.1243662749511
0.1240944695685
0.1240405137996
