"n_200_d_10_tr_10_a_79x79_idx_1_p_abba2"
935.224563402001
948.994514441003
753.733551101002
872.666771562002
1287.753450399
1197.431348456
999.895438316006
1262.53595351001
1018.878985981
822.905239786007
1043.023084308
1513.42598678701
782.27006630101
871.811601572006
1077.69211907401
630.174078676006
1306.70921799001
1470.24075942701
1303.51806926001
915.239788080003
864.131988575002
1584.55982162701
956.469700393008
1458.14451541101
861.428245186005
823.626675621007
757.258470242007
480.845625745012
1504.01962995101
1012.617269225
1090.780546191
1589.330565844
727.365382860002
1071.492519703
1239.244879992
883.877479154004
1109.537834683
1045.421605419
845.837668488002
610.808265357004
892.996298361002
845.517668488004
943.300585586005
1074.471237672
771.496814003004
1067.90278851101
1071.172519703
708.282869255004
786.759306805006
1435.63553013001
845.837668488006
790.618335221005
1322.66151847201
851.375921658004
978.835769495007
961.976157679004
905.185429035008
845.341480448006
1272.62418142401
1226.94352130701
1087.87067970701
1101.48012671301
1273.87500053301
842.337924601004
980.111673248004
701.695143439004
1112.45047571901
1000.49473895501
828.505614956008
1367.44637615901
825.160813024006
1216.19149740301
1360.82646037001
1014.47802098801
811.152701174009
1127.13759516501
885.223430231008
1175.12866828201
1034.70107405801
1211.24089566601
1265.65638659701
822.948604940002
1367.078354189
761.094826372002
913.719319659002
794.853644772004
1440.060279384
942.445979781006
831.494040871007
523.306174978011
966.24833805101
1452.36370092801
1161.01772992701
1003.40909979001
1234.469888537
1111.4973311
613.376684914003
1244.852299174
950.561080844004
951.201080844008
"n_200_d_10_tr_10_a_79x79_idx_1_p_flooding"
4.64026480100088
3.4562179050015
4.64027838200121
4.32028954500119
4.32028382400063
3.77622110400111
4.32028559300157
4.64025709100113
4.3202780660021
3.45625310600184
5.18429249800256
5.50431416600183
5.50429069600256
4.64024951000397
4.32028303600163
5.50431710600208
5.18428345300315
3.45620508900346
5.18427512600361
4.64026390600303
4.64024485800252
3.45620008200243
5.18428754600464
3.45619583500323
4.2242481320045
3.45624062600436
3.45624126600441
3.77619340700264
4.32025550800219
4.32025891900523
4.640264650007
5.18431610200309
4.64030225200318
5.50429261400254
5.40829192300407
6.36833946700577
5.95231664900453
4.64028483900591
3.77620879500284
3.4561682970029
4.64026067000844
5.18429957800493
5.5043501560057
5.50434613200323
3.77620516200494
3.77619882300451
3.45619990200419
5.40825908400677
5.18433977300603
3.77620083000707
3.45624978000814
3.77616733000963
4.64025160000858
3.45625591300802
3.45622973600257
4.64028944700345
5.50432999400385
5.18429138100629
3.77623333800869
4.640264650007
5.18427509600627
4.32026247600703
4.32024972600686
5.50432497100672
4.32021641501024
3.45623445700483
3.36018323100973
5.18429326300662
4.32028210800439
4.64022037500911
5.18430009400817
4.6402494070108
4.64020395500597
4.32022871500948
3.45621599100809
4.6402713300111
5.95227399100651
4.64024263200713
5.50429696100707
3.77624246800679
4.64023768201116
4.3202590900151
3.45622494400999
4.32025212401044
4.64028750001688
5.18431935201136
5.50430826300641
4.32025226901089
2.91217794100618
4.32030506900816
6.04832924700816
4.32024313300872
4.44818956700743
5.18431771500616
4.64031679700838
4.32023367500989
5.50429650800766
4.32025407601344
5.85624854900857
5.18428498600798
"n_200_d_10_tr_10_a_79x79_idx_1_p_mprt2"
6.59225263000174
4.64027547000612
4.86420237900376
4.09623824400107
5.82433626300105
5.18436012700185
4.64026136700113
5.40828678200178
5.72831522800143
8.41647793000355
5.40828784100178
5.82435654300184
7.77626356800454
4.73619167700434
7.3603217180036
4.41625826200465
3.77623815500527
5.72827878100313
8.00036697400586
7.68035843400483
3.68018790100422
5.2802850090039
6.59234315900648
7.00835758800622
4.96023067000806
3.77624141200528
4.96029177700663
7.00838846200469
3.68017387000918
6.49628742500852
5.40827911300568
6.17629045900969
5.82430399500566
6.27235863300513
4.32026211300496
4.00018357100862
4.64027516601107
4.96027526700971
6.59232770701124
4.96029913301044
6.04829108200988
3.77624387800779
6.81629362500757
4.00016594301178
6.04830512001797
4.86423772500189
5.82436913800244
6.59236277800801
5.95222926501293
4.86424184900258
3.45624652500476
4.32017788000749
5.08830998200693
4.86422357600702
5.72829557700771
5.40831470900116
9.21634723700393
5.72827816600352
4.2242109300048
4.76818539500812
4.96028963200956
6.91233973001459
7.13640501300183
6.59222314300223
6.14434820400334
4.64030099600876
5.50431529200779
5.50429394500895
4.32027456101025
5.28025916501207
4.64028935100913
6.81627391100115
5.7282786760009
6.08024976200205
4.54424529200281
4.76816478800401
4.86423651400258
5.72827391100361
5.82430535700595
4.09625607900566
4.09623875200538
6.27224980200936
8.12824475500662
5.72826507700341
5.63222088200632
4.67220109401012
4.54420658300592
3.77622035500735
3.77622494400498
5.40830080900889
4.32018541200563
4.32031410601041
6.14431554400596
5.31223673601033
6.78433159100678
4.64028061300148
4.96027360801321
4.99221627400459
4.96030492801225
4.96029755500516
"n_200_d_15_tr_10_a_64x64_idx_2_p_abba2"
619.776623257001
600.867678627003
756.434258932002
691.357262311003
593.971440891004
754.482166772004
1037.42572588201
906.840019496006
549.163919244005
564.459935443004
691.997262311006
660.261523449009
983.471653640009
855.539116272006
601.06955045601
1107.04327075001
641.001535174006
1203.41717804701
848.452167471002
612.612693333002
666.395356593007
493.733181835005
970.416663422007
694.52346784901
819.400508174006
934.42389131701
600.430269144006
967.695395666006
667.343588639007
1459.88726911001
788.925483519002
800.939818732001
1064.797690026
781.769710951002
725.759662691004
578.727669767005
609.128029470007
954.88076820601
966.537472504008
855.659516664012
646.685031644012
981.755710804002
802.956450786002
755.587775400006
678.818619317003
633.586459143004
610.881936593007
1089.28141837501
1010.77942573501
1089.60141837501
832.84929364401
710.592613180005
1125.44533575401
991.814605293005
518.112710843006
821.796650329006
648.057176305006
982.224941236005
956.277661114008
884.993203679009
637.052979239009
633.693169007003
612.223825446009
940.437313174009
633.053169007013
1297.072819972
571.900197718005
707.529942408005
871.097739145004
1286.13008602001
707.529942408009
1166.42736302201
867.317449422004
884.803490049001
722.314974041003
890.183341104002
911.074376293003
990.375493803004
693.055443933005
1131.87430020301
907.668011015005
650.591442005005
1112.06998279201
576.726591574003
934.248941523002
511.206173227009
934.248941523009
774.724976981013
650.787494079012
787.019579193001
886.391874840008
1024.152052841
895.105408420008
726.405285023013
750.412357968003
639.481290053002
863.581880740003
621.966031947004
872.727329319012
931.741627660017
"n_200_d_15_tr_10_a_64x64_idx_2_p_flooding"
2.91217021300127
4.32022477500116
3.77621636000214
3.77623274000172
3.77622788300158
3.77624011900224
2.59215049200101
3.77618681200254
4.22424430700197
3.7762364420022
3.45619239400285
3.45624991700255
3.45621325700129
4.64024993700285
3.77622468800176
3.45621662700246
2.59218432200292
4.64025809100299
3.45625321000398
3.77619934300277
3.45619028900401
3.77622769500263
3.77620873500462
4.32024103500339
4.32023824700423
3.77621623400159
2.91218418900385
3.77619074700419
3.456194676005
3.45623471000422
3.4561769280046
4.64024131700214
4.64027309700299
2.91217026000723
3.77622278600498
3.45617446000546
3.77621394300576
2.59217684100577
4.64026212400626
3.45622800200474
3.45618038600648
4.64025866400419
3.45620085200338
2.91216817400652
3.45621445900335
2.59215281900538
2.59214081400572
2.59217129200451
3.77616741700493
2.91218432200679
3.77620915100607
3.77624147800404
2.59215885300534
3.45623853900889
3.45623004400863
4.64025092700382
3.45619478800785
4.64024349100356
4.32024939200915
3.77619809500374
4.64026824600694
3.45623048200849
3.45622850400673
4.64024310300459
3.45623022401043
3.4562021110105
3.45622926900546
3.45618816900384
3.45619722400414
3.45623117200944
3.45618553600957
3.77616691501004
4.32026156800447
5.08826431900644
2.91216566900943
3.77623852800468
4.54424635600503
3.77619179600686
3.77620897900499
4.64023315400652
4.64024549400932
3.96023456900707
3.77622650901088
2.59219369601027
4.54418581001192
3.45622096700993
2.5921502830073
4.64025543801228
4.6402251060087
2.59214966500565
2.59215407501046
4.32024376900841
4.54421411600947
3.77622662600885
4.64024449701128
3.77623320301268
3.45622383400723
4.32024677701293
3.77620070001683
3.45619140600917
"n_200_d_15_tr_10_a_64x64_idx_2_p_mprt2"
4.00018037700089
4.4162401190011
5.31224306400269
5.82432959800272
4.54424207400272
4.09624031800249
3.68016980200281
9.4000611770042
4.0962070570032
5.81602425400263
4.41622638800609
3.68017839100432
3.36016599600697
5.18424700400288
6.81617612400487
4.32015511700712
4.86421152800887
3.77624134200261
3.77623402300387
3.68014886000623
6.0482564990032
4.96028845200414
4.00016820600513
2.5921883560045
4.54425417300541
4.64026744900536
4.00016782400314
4.64029387600817
3.23217930601061
4.09624973800504
6.90406117701059
5.28027993301095
4.41620207200799
4.09624070500314
4.86419272800376
3.77625754800448
3.77624031900581
4.09622331500969
4.64024978100497
4.64026741100554
3.23218422200711
4.54422993600101
4.5442344240012
4.09624921600127
3.58412141600084
3.77623006800221
3.77621797500538
4.64018324300497
4.72806117700486
3.5521594620036
5.72831872600688
6.59236168001343
4.86420014400579
3.1360931010056
4.54423271101234
5.72830851601225
4.2242352670101
4.09624284900101
4.96027052500381
4.09624834100697
4.44816575500795
3.45623030101194
4.3203045880027
4.41620837600709
3.77625259600123
3.36018894700274
4.09622975800517
4.09624367400596
3.23215813001099
4.86425535000379
5.18424043600341
5.63225043800308
5.72825261400212
3.77624663600429
6.04828451800188
4.54420986800486
5.3680611770055
5.63224072701018
3.77624987600456
4.96030587601126
4.09621923700598
5.53629788001331
4.54420459100646
3.23216258600922
4.96029675500864
4.86423666801272
4.32014049300733
5.53614957900805
4.64028029400509
4.64028873101086
5.21630115300553
4.54422926500797
3.77624253200182
4.3202729090055
4.64027535200628
4.00017690800425
4.76815039900913
4.64029417200607
4.41620487900174
3.77621079100976
"n_200_d_20_tr_10_a_56x56_idx_3_p_abba2"
436.517203613001
786.474260667003
609.035511310004
442.062093375004
534.202975804007
446.764812997007
499.796724804007
508.212410743006
616.682657601011
640.136157784006
629.904122805009
1029.04092355901
522.890785217001
461.722430535003
489.944989057005
514.417371232003
862.917389616005
474.072494983005
509.127771637012
678.587852545007
353.111954857002
799.641735150008
595.413855993009
353.076121125007
596.06676113701
698.099389048002
522.177803360005
437.515440500007
576.072020606006
991.82084360001
634.179573660013
655.442839367002
662.922850834004
839.720420030012
567.33291780801
654.802839367008
794.035684557006
743.728365418002
727.257982489002
783.897936753004
727.287984839006
533.441753777005
660.038199351003
474.847816666006
793.299648399007
955.148394679007
534.401753777004
659.718199351005
700.486831247005
727.305325184005
847.703150308007
561.349918420014
736.06738924201
609.813635939002
975.571035339003
822.392236247005
692.748463463005
960.396332277003
606.007666928008
865.611975627004
739.042887488004
971.141543202009
739.042887488012
923.941068448009
598.529407193001
561.138959194002
450.604884773004
584.276690993008
608.882168886005
552.689231213009
584.276690993008
473.404242648002
681.653761900005
393.418184080012
383.494134529009
656.116188241002
574.669840949007
683.60060540801
422.289540499005
583.567933667005
511.720878100004
436.645973616002
610.134727591003
696.262174173004
706.980445427007
958.129561930008
769.16463679801
340.705673467006
1055.09787722201
482.517173703002
544.873961670007
786.668809023013
751.194580997002
795.197447540012
660.219607720004
681.208167826002
823.997731994002
757.617948249003
758.499443717003
786.022584205007
"n_200_d_20_tr_10_a_56x56_idx_3_p_flooding"
2.91215672600131
2.91213685400127
2.59213761200083
3.77620971400106
3.4561834780007
3.77621124600225
3.45621779500149
2.91216054000287
2.91218818700223
3.77618956500214
2.59217990700122
2.59214881200265
2.91213924900191
3.36018390500215
3.77618801100255
2.9121590670016
3.45622441600213
2.592143441003
3.45622913300225
3.45622604300289
2.91215620500296
3.45621970500432
2.91217221600348
3.77618748800401
3.45619454200374
3.77619239300486
3.77619750400271
2.91218294100304
2.59213644700296
3.45620002700286
2.59217940000767
2.91213046000394
3.77622195400562
2.59217180200366
2.59218887200419
2.5921685120025
2.59215873600382
2.59217873000495
2.91214935900541
2.59219138000688
2.59217582500426
2.91216504400538
2.91217630700658
3.77621595700361
3.77619637800564
2.59214432900379
2.5921475250037
2.5921475540045
3.45622105900389
3.45617795800379
2.59219556300394
2.91216615100609
3.77621857700916
3.77620744200868
2.59217490300756
3.77619330600254
3.77620024001146
2.59217990700478
3.68018385200486
3.45622502900511
3.77619276700614
2.91215893100372
3.77622832900926
3.45622189300343
2.59216525400774
2.59214551300602
2.59213355900556
2.59216052500477
3.45620297600391
3.77621932600647
2.91213343200525
2.59217740500617
3.77619459200673
2.91214784500937
3.45620381001055
2.59214947400466
3.45621127900841
3.4561918420053
3.77620002500834
2.91217462500981
2.91219233901074
2.91213795001255
3.77620733200956
2.5921610580113
3.77618807200975
2.91218390501058
2.59218461600597
3.45618684100657
3.45623122100847
3.45622184001115
3.45618256300639
2.59219138001043
3.45622507001053
3.77619085401193
3.77623618101097
2.91217216901174
3.77622995200966
3.45620800401036
2.0481287530103
3.77622864601079
"n_200_d_20_tr_10_a_56x56_idx_3_p_mprt2"
3.13612755500081
2.91219168100199
3.68019143600229
3.77623316800246
5.72816108500263
3.55217260100282
6.27224041300423
3.23219397600383
3.23218506300549
2.9121491380053
4.86422723900404
4.00016856700347
4.86422206201098
3.23214024500107
3.77622930100152
3.45618400900172
3.45612077000368
3.36018390500215
4.00018140400249
4.32018255600397
4.32017997900402
3.23216057100595
3.68018042600582
2.91218279300409
4.0962442660053
4.44817990800317
3.77625444200547
5.36805739800528
4.89614819100481
4.73619042500673
5.72819521800483
4.22420232300524
3.45619250400375
4.00017480100701
2.59218736400868
2.59219715700709
3.23217348501004
3.77621531900729
2.91218171700791
3.77624566400669
3.45620223900767
3.45619797900554
4.44818221001242
4.09621118400594
5.3122429000183
2.91218754900768
3.45624551700752
5.08819087401235
2.5921734850014
5.95225426100132
3.36018135600114
2.91219334900283
4.73623776000309
3.77624915900299
2.59219593800353
4.86425330600326
3.23218026000305
4.86420566700474
4.09620442400183
4.0962022060036
4.32018095800402
2.36812240000717
4.09620021500245
3.68017431900469
3.23217659400399
4.00018736400654
2.59219556300394
2.91218031800611
4.64017511400527
4.0962215840068
4.00016288400451
4.54422351200634
3.7762285020051
3.58412661900331
3.77624778500518
3.26411996000786
3.23218094800382
4.99223295200579
3.68018330200925
3.77624522200648
2.59214420800902
3.13612796701079
3.36015324300831
6.49616614401083
3.7762247750095
4.41619845201302
3.45624996700877
2.36813108900691
5.18424295700193
3.68017460700543
3.77623877400879
4.0962605640118
4.76818735400997
3.45625285100937
2.91217185800363
3.77624086700479
6.04828036700233
5.6322147390091
3.58411134400427
2.91216293800289
"n_200_d_25_tr_10_a_50x50_idx_4_p_abba2"
408.108013478001
700.702700278002
871.319914321003
676.172879036002
712.999612361003
365.732260848006
481.555838415005
459.705566806008
533.990835998004
773.208919507006
838.643518210013
374.898729001002
369.862178296003
775.521328858005
468.623380028006
519.196107493009
569.577375128013
378.915206545003
523.850886662002
830.403391804003
516.173103765002
524.618886662005
706.55459265101
611.088095075012
685.991971740016
688.524824307009
427.485821177004
581.501961552004
547.912990636004
426.269821177005
507.234575858002
494.418909196002
531.211234549003
472.844948523003
495.378909196003
464.828476055004
490.299333240006
566.244887742005
526.298091175004
376.450471618003
536.088875556004
361.259558661004
473.164948523007
376.130471618005
482.602598294008
835.033042356009
519.280603192009
621.528050717011
435.995681336001
589.264044595001
516.671528365009
655.479878230011
655.479878230011
698.510507024011
452.779470932004
671.123205448005
635.956358883007
561.43305157201
863.115913470011
451.642800142011
567.202160725001
364.833911148002
457.558316706002
625.302383370009
532.18516047901
470.966057199002
653.471223724004
534.596329440006
610.736187028003
491.585494512005
645.482278363005
357.989438799002
697.207829882004
457.282941018008
504.640072415008
358.309438799012
618.833292141012
570.954267134013
694.906280874005
484.602399489003
428.494077842004
655.510949077005
480.858280754006
353.473924936011
427.854077842007
489.321151115007
499.211373518008
732.61474831201
751.621669173012
743.283661998007
518.830452373002
353.127072616005
392.496691963002
884.825279040008
503.961604621002
728.448661899009
618.973932692008
646.133962346006
427.945931436007
604.567188618006
"n_200_d_25_tr_10_a_50x50_idx_4_p_flooding"
2.04811580200115
2.59215295900095
2.91215391900135
2.04811833100127
2.59217260500222
2.91212085100234
2.59214921600126
2.91217868900162
2.59218031600206
3.36015170900161
3.45621059900125
2.59215181700156
2.91215556000246
2.91213116100231
3.36019111700203
2.91217501900221
2.91214468400192
2.91214792100192
3.45619759600346
2.9121312710032
2.59217743500173
2.9121663650038
2.9121525210023
1.72811315500354
2.91213404100432
2.9121901130047
2.91217231100305
2.91214910000548
3.45619157700483
2.59217668500256
2.91217282000389
2.59219111700304
2.91214470600565
2.91217260500432
2.91212683100284
2.59217137100265
2.91214359800307
3.45618771600442
1.72811201500522
2.59213082500409
3.77619615800384
2.59219207800498
2.59213897500388
2.91214449000776
2.91219312200397
2.91218006600502
2.5921922960066
2.91218630000856
2.59215906800492
2.91214468400725
1.72812058300664
2.59214253600604
2.59213081100285
2.59216380700877
2.91216353200952
2.59217807900569
2.59217425001168
2.59213098900801
2.59214770400717
1.72812082600871
2.91213118600808
2.91214231200598
2.59213208200748
2.59214801100427
3.77618636100863
2.59214664001206
2.91213082100938
2.91218476201038
3.4561864670053
3.45619875400871
2.59214784900763
2.59214985100442
3.7761990970111
2.49609364500714
2.59213869400554
2.91216021900453
2.59216553800456
2.91218565300966
2.91215967600778
2.91218313201114
3.77621513001003
2.5921337570054
3.45620929100932
2.91214462100697
3.45619649400675
2.91215874000983
2.59216523001271
3.77619493500703
2.592164655006
3.04017319001559
2.59219111701015
2.59217247001686
2.5921253930079
3.45621028100851
2.91213333500906
2.59213504600808
2.91213338800844
3.77621492501135
2.91218631100776
2.59213714800666
"n_200_d_25_tr_10_a_50x50_idx_4_p_mprt2"
2.8161065980008
3.23215205500116
2.91218413200234
3.68015756800233
3.7762069140026
2.91218860700226
2.9121986940055
3.90424144200452
3.45622872700346
1.72813194800625
2.91217318700632
3.45621050700373
2.59218340700329
4.22413074001327
3.36016459601041
2.91217018500589
2.59217934100775
2.91218340201027
3.77623447600683
3.77624430800161
2.91214646600224
4.09621102100211
2.91216702500208
3.58412304700551
3.23214674700623
3.23218120400526
3.232158511004
2.91215724700677
2.91214674700768
3.23214646600434
3.77622496800711
3.77623393200821
3.23217076500271
3.23215931200238
5.40815253300408
3.7762011140039
3.36017832200497
3.36015553600433
3.23219312200607
2.91218230400503
2.36812231000982
2.91218793501002
2.91217522500631
5.31222652301011
4.09622919301
4.09622868500747
3.26412110401009
3.90412644200921
2.5921884910014
2.59216583800104
3.45610706600219
3.4561172690033
3.45607104300427
3.2321944620044
3.55213711500468
2.59215221600329
3.77619978700494
3.23217759100913
4.22412260600424
3.23215456500492
2.91216176600528
2.81611183000763
2.9121749210077
3.45620228400634
4.86423033100891
4.41620861700898
3.23217665400932
2.91215221601249
2.91213880200125
2.91215827600233
2.59216716400346
3.45609951100556
4.09622542800747
3.23217891100569
4.54420380300746
3.13607777000158
3.45620903700095
3.77618370700183
4.32018453600236
2.91218143000371
4.00016456000429
3.23216406900428
2.91217672500466
3.77621996600297
2.91218020300477
2.59214296600874
5.21617403600771
4.72806157100791
4.00017269900843
4.12816423100537
3.6801911170059
3.23214279200812
2.49612202700433
3.23216207900856
2.91214413200436
3.77620284300662
4.09624719500457
2.91214422301067
3.77622996700566
2.59214837700483
"n_200_d_30_tr_10_a_45x45_idx_5_p_abba2"
352.882066105001
521.641228171003
459.701005879005
398.742696056004
473.289822270008
663.189822542005
356.820702958002
333.960737898002
722.402801115003
407.939284891004
345.304049804003
493.244604349005
888.931892706005
292.805758280011
351.202285597001
526.704392503001
348.506810644002
256.919027881002
352.513855453003
355.666328902004
613.045624295005
675.931870443002
577.003251616006
675.611870443007
393.498100062004
477.810616739006
355.791327133012
397.209645429008
348.280579237002
826.822699841003
720.567321300006
252.519089528004
424.932982611004
365.807557606002
325.855634435003
487.474264307004
490.100682196008
731.916496962008
449.562902254003
545.975876214003
356.035540755006
422.688870421005
453.793267073003
551.074678214007
353.727534048012
349.046691452003
527.715466090008
305.274583256008
305.274583256008
464.596059056007
455.86944157801
348.726691452008
707.935936677003
358.995336681005
459.011371767005
457.668505502006
354.512552641012
669.233285490016
468.528615057011
547.975335489001
499.091888013005
712.35990925301
416.607477852011
617.22385752401
444.872432943004
389.023871059003
470.644809629007
401.343428599006
470.324809629005
372.710487647005
805.158994993008
665.228260728007
508.721178608003
371.262036727003
371.902036727008
636.399354557007
544.486259679005
359.467654479005
434.047141248008
658.430285229002
388.344857497003
448.936079401005
657.790285229005
657.790285229005
658.558285229006
388.34485749701
616.777974810013
585.326277529006
624.653394388002
527.168773110006
448.523232530007
449.42718567701
487.110578796006
364.038684285006
416.816366106005
522.218985979009
524.149093635007
390.657460400014
390.977460400016
495.004019485005
"n_200_d_30_tr_10_a_45x45_idx_5_p_flooding"
2.04812342900151
2.04810886400075
2.91217546200162
2.59217547600166
1.72811477800217
2.9121345020009
2.59216211200197
1.72811350400259
2.91213595800244
1.72811467500189
2.59215438800275
2.91215978500148
2.91214802400219
1.72811019200303
2.9121348530019
1.72812125900279
2.0481021190033
1.72812462100325
2.9121512290029
2.91218867400289
2.59212759100436
2.91218414800198
2.59214191400403
2.91215242800291
2.91216310900211
2.91216645700487
2.59217747800378
2.59214776600203
2.91215657100352
2.91213244500454
1.72812379500442
1.72812253700272
2.59218362700508
2.04812053100412
2.91214216600366
2.91214802400575
2.91215020600433
2.59214548400521
2.04810146200529
2.59214817000597
2.59215086400388
2.04812800600607
2.91216200000832
2.59215572700455
1.72811566300624
2.91215357000851
2.91217905500574
1.72811837800424
2.59214917600659
2.0481246900097
2.59216980300536
2.5921621250049
2.91214699400655
2.91216181400245
2.91214843100818
1.72812573600822
1.72811496200609
2.91214699400655
2.04809838200504
2.59216843600996
2.04811248800496
1.72809847001076
2.59216481900637
2.59215118500578
2.5921621250049
2.04813021900918
2.59214156400844
1.72812573600822
2.59213593600549
2.91214859601041
1.72812932300559
2.91213425100523
1.72812573600822
3.77619457101019
2.5921419220083
2.04812850800806
2.91217831400559
2.91217872600669
2.91213421201064
2.0481005950117
2.59213304001094
2.59214710700917
2.91214672601114
2.59214103201089
2.59213847100881
2.91214723701216
2.59212904100536
2.5921513420073
2.59217398701139
2.04810191701199
2.59213495400701
2.91215742800688
1.72810213700814
2.91213882400854
2.91213249200695
2.91217912001684
2.04812790401121
1.72812208200668
2.91213837500948
2.91213250701361
"n_200_d_30_tr_10_a_45x45_idx_5_p_mprt2"
2.36812481100124
4.0001646850012
3.23215299000346
2.91218876900246
2.91213044100402
2.81607312800247
2.91218483900479
3.68016663700388
3.23215740100835
2.91216326000665
2.91217961400747
3.77623410700778
2.91213570601201
3.68016293901263
2.81612553600752
4.0001328490078
2.04810193800142
3.45610722100176
3.68019165500222
2.49611822700224
2.91219275000287
2.04811125200521
2.91214574800591
2.81610469500393
3.23215649500597
4.32016845800831
4.00014864700893
2.04811607600419
3.45611894501019
3.23215951400613
2.91213471600571
5.40816686901024
2.81612680200993
2.91215337500716
2.91216282300866
2.36812762100236
2.91214097800285
2.91219167700341
2.91214029400422
3.13612379500228
2.91217077800354
3.23217717001256
4.32016157900961
2.36812626900473
3.2321464700118
4.41620102300533
2.91216298900565
2.91218701100604
3.4560999940112
2.59215947001223
3.68019271900089
3.68016307600527
2.49611553700646
3.77620144001156
2.36811971100259
3.4561155470012
2.49610660800315
3.90408938900677
3.23218271500636
3.13610071200543
2.81610425901135
3.13610302701051
3.13612630300319
3.77622271100364
3.23216867200316
2.91218931600667
2.49611835000962
4.00015317900682
1.72812853800508
4.54409641001519
4.00015687601041
2.91216271001105
3.45609255001023
3.68013741201167
3.23215137300181
2.91217881300199
2.59215393000645
2.3681247520031
2.59217961701097
3.23218185400265
3.55216463400509
4.09620720200365
3.90420593900487
3.23216128700565
4.32018890000663
2.59216513400418
2.91214702900788
4.54412582401176
2.81612239001561
2.59216827900133
2.36810732700299
2.91216367700287
3.2321841750047
2.81608838000835
2.59217542900458
4.448173642011
3.90409982200168
2.04813015600536
2.59219203800853
2.81611117800651
"n_200_d_35_tr_10_a_42x42_idx_6_p_abba2"
316.830062072001
380.029214336002
377.051584561002
401.653259656005
310.916034428004
425.591495277004
366.294473164004
414.930127532003
356.14658825201
401.653259656008
388.067319432004
470.123742579005
533.438314075006
350.373935807006
584.423621429011
459.479647851001
447.384250647005
234.852276873006
524.894162051005
446.936250647006
385.796091379007
440.323378218002
380.989214336003
525.077505236005
444.913577791006
367.919695134006
413.885712173006
527.23916122801
265.709859859008
507.318617105003
507.638617105005
567.875444150012
398.966427937005
387.870892120013
445.504766087001
425.984012329002
465.420113827003
382.149785404003
291.757724732005
445.504766087005
427.264012329005
480.385646068008
425.98401232901
483.502221357007
547.013789324001
447.495270364003
374.019940560004
376.947607353003
559.649851684004
534.694596634004
350.001445572005
542.454146340006
543.09414634001
491.159823926012
494.759511496007
368.076359918001
329.407933640006
285.204225483007
452.491171973008
439.033179746005
415.045940318002
444.068686561003
373.036945228005
477.159539637004
415.38393036101
362.792290157001
353.719515426004
368.10852292701
375.870442385001
348.64183289001
526.570425509004
654.11207842201
511.483599913007
748.012581251004
705.661993553004
349.679476124006
430.144421446009
511.126490639002
457.370734444002
622.332149641004
679.669312805004
277.365877701005
417.724477676011
679.029312805007
349.598751555003
439.537450138005
342.982667027009
360.563797199006
496.39977425101
699.859523765007
602.57317597101
702.017549133011
358.967769005012
548.809041272008
609.915412887002
466.271964304006
357.99591988701
449.822190589011
378.154552835007
302.683013249009
"n_200_d_35_tr_10_a_42x42_idx_6_p_flooding"
2.59212798300101
2.04811383200099
2.59213340400155
2.59215738400176
2.59214433800103
2.04812480300198
1.72810347800123
2.59215670100232
2.59215738400265
2.59213256800273
2.59216179200195
2.59213194200214
2.04809819500262
1.72811438200249
2.9121617780028
1.72812794800237
2.91214680400209
2.91215745900253
2.59213550200244
1.72808654900258
2.5921390020045
2.91213893100206
2.91215775300202
2.04812131200427
2.59216168900167
2.04809067800227
2.04811773500424
2.91215836500314
2.59214185100376
1.7281134700049
2.91215104300235
2.91213738000451
2.59213887100529
1.72811304200238
2.91212818600428
1.72812796400379
2.04812139200428
2.91214657000793
1.72810028700354
2.91215860300298
1.72808953800541
2.59213340400422
2.91215507500553
2.91212466400381
2.04811987200415
2.04810938400612
2.04811311000697
1.72810832800607
2.59216394700701
1.72809243100502
1.72809464100609
2.04812075800476
1.72811232900472
1.72811558000774
2.91213738000806
1.72811311001198
1.72811706900688
2.04812047600456
1.72810028700354
2.91216394700911
2.04812363300988
2.59213184200746
2.59213362100752
2.59214651900663
1.72811074001089
2.91214015400953
1.72812676300538
2.59214118000983
2.91212980100397
2.5921330160088
2.59216347700431
2.04811675500594
2.91215724900695
2.04812463400827
2.59213566000938
1.72811383200866
2.5921354050098
2.91213338700658
2.91215859100902
2.91215196700989
1.72811856200639
2.04812900901175
2.9121324520105
1.7281177350057
2.04811731900634
2.59215615800912
2.91214624700586
2.91214715200994
2.912165407011
1.72809221501069
2.04808885001029
2.04810591601046
2.59214300400856
2.5921361820096
1.72812837300995
2.91215518200971
1.72811872300827
1.72812988100901
2.91214084801084
2.04810695500868
"n_200_d_35_tr_10_a_42x42_idx_6_p_mprt2"
4.32013029600142
3.23216877300325
2.91216609800315
3.23216095701184
3.68017135100107
2.91213818500147
4.00016632100275
3.13611773500355
2.81609835200669
1.72812821701029
3.58409865300757
1.72812334101025
2.04811407100536
4.32016048900863
2.59215422001091
3.1361290090075
2.59216355400582
2.81611387600122
2.81611938000736
3.26411985700759
2.91215817800605
4.00016757900801
3.23216396500925
3.23217154800659
2.36810051401193
3.68013910401288
2.81611394500914
3.13607947800154
2.59215655100142
4.54412944800175
2.81610903700269
3.45609647800416
2.59214372100303
3.23216356300549
3.90412720800271
2.49610757800411
2.04812666800436
3.45609005300673
2.49612370400598
2.04812908100394
4.00016004900294
3.23218073300779
3.77618991500839
4.22410757801117
5.63212769800714
2.9121436830053
4.00015588300562
2.49611958800955
2.04811773500779
3.23218345901211
2.04809467700784
2.04813053001374
2.81611308400542
4.67210383500571
2.81610942401045
3.26411525900383
2.59217288800428
2.91215739201078
2.9121764420097
4.32016741900121
2.59217605700179
3.4561178670014
3.13610431300226
2.91216829900165
4.2241144340025
3.68016267700355
3.23218073300424
3.13611049300278
2.81611478400379
4.44817643500528
3.4561043680057
2.49611565600816
2.04812669800702
2.04810904500619
2.36811635600986
2.04812459400472
3.68013188900562
3.13611868500629
1.72811040700793
2.81610170100777
3.13607898900159
2.91217675100164
2.04810183900506
3.13612736200497
2.81612533300546
3.23217968701073
3.68016630601176
2.59218414200113
2.04812794800269
3.23217351000338
3.23218350700216
2.91215369400355
3.68014939500938
2.91217591500725
3.23216911500523
3.23218363600475
4.00015031200596
2.59218773000391
2.04812085700468
4.22410154900632
"n_200_d_40_tr_10_a_39x39_idx_7_p_abba2"
427.114760489001
253.400692293003
643.501785302004
262.031614568002
364.170756935003
363.850756935008
471.084580196006
359.059246621008
554.662566652006
436.730689912002
310.845494107003
387.893063155003
342.930082553004
387.893063155005
310.00720001601
321.810638392009
557.678259600017
697.520093105002
552.667403208002
354.049009449001
469.694253295003
293.900366630005
452.775088522003
352.923101135005
543.749896993006
363.681729116003
417.464204111006
439.383584450013
361.847851486012
300.569376744008
701.376409348004
363.269511086003
507.149577776005
445.261866265007
343.419835922003
386.775187434004
443.254757119007
286.572166888007
519.598347992009
356.015472448002
385.626420322005
464.902868610007
473.268171109005
370.268877269005
472.273506307012
443.650426717003
268.054880263003
464.305848526003
542.845210852004
491.156950014005
574.902174217005
470.026361750008
412.955162931006
266.489558222005
417.453052415006
443.650426717006
329.743328528011
716.25074730801
606.867762341011
575.542174217013
592.931657668004
511.936467841004
346.441758383008
309.30847843301
521.937509686005
366.69961339301
314.608059175008
366.041684390005
487.668960214005
350.882698062009
487.988960214004
548.003602463001
432.653224997011
379.418494334004
400.512394125002
475.213889527005
476.712912142006
640.099339161004
362.320182482003
492.353698386003
530.846575896007
480.761411596006
513.626746111008
454.662847903001
510.372259503004
279.799862742006
351.949976274007
364.98348387601
433.275843477006
637.869082434008
454.982847903011
383.30879090001
545.839270319007
458.256557259006
498.202377398009
527.319140729002
414.221964503003
386.736044269002
360.947111567004
484.73940302901
"n_200_d_40_tr_10_a_39x39_idx_7_p_flooding"
2.49612898800144
2.91214329100153
2.59213422000215
2.04811564400131
2.91214532300188
2.04812565100099
2.04811973400076
1.72809811200203
2.59213955400206
2.9121600450015
2.04813101100143
2.04809153600216
1.72812422300161
2.04813082700284
2.91213966700177
2.5921403450031
1.72811693000341
2.91214567200271
2.91217257400334
2.04812028900214
2.5921380370022
2.91214495500469
1.72812378200149
2.59213670500458
2.59214561600274
2.17611198500478
2.91213877800445
2.59214554400344
1.72810491900321
2.91216013300399
2.04812137300436
2.04812602400395
2.91213413900238
2.04811401100358
2.59215104900434
2.59213438400252
2.9121544730053
1.72812149500601
2.59214424000831
1.72810124500344
2.59213682500459
2.36010742300508
2.5921350260063
2.91213438400462
2.04811555300566
2.91214980100563
2.91215276100587
2.04812560400569
2.04811418900519
2.91213464100437
1.72810824100722
1.72810690800418
2.04812550900613
1.728125651006
2.59212865600489
2.91215597100347
1.72811618400459
1.72810234600718
2.592136967003
2.0481085220041
2.04809262400829
2.91215019600344
2.91213195001205
2.04811618400669
2.91216108200842
3.04013821900639
1.72812765500652
2.91213441800409
2.59213984701034
2.91213176400618
2.04810487300477
2.59213699700922
2.04811676800887
2.59214493600979
2.9121454110097
2.59213325200847
2.59214531500618
2.04811618400669
2.04813082700639
2.59214447601153
2.04810457901061
1.72812648700926
2.04811536600857
1.72811365001024
2.91213764401022
2.59213439400696
1.72810046701244
2.91213683600944
2.91215472400808
2.0481257640057
2.04812881501226
2.04811842701247
2.91214078701074
2.91213428700843
2.59216504601056
2.91214607801038
2.91214439300802
2.04812489401007
2.04812689200651
2.04810689201196
"n_200_d_40_tr_10_a_39x39_idx_7_p_mprt2"
2.49611771600122
2.91219358000205
4.44819580300404
4.32014353600607
1.7281278710044
3.45611472901197
3.23214755300327
2.0481247010018
3.23216401200455
3.23214453600329
2.91217124400589
2.49611258700355
2.04812304001223
2.4961252160054
2.91215095001007
2.91216011600426
2.59218222001323
2.91217456500448
2.9121902970104
3.23216856300945
2.59216300901244
2.91215766400654
2.81610041400882
1.72812565100067
2.04812828400236
2.49613101100188
2.59214085500226
2.8161009990022
3.13610229200378
2.91218479000577
3.45610152300324
3.23216185200437
2.81612496400285
2.91215498900499
2.59216185200373
3.136130628004
3.36015369100551
2.81612781700602
2.91216163700625
2.91215267800737
2.9121816400135
2.59214085500759
3.13610507001272
2.91217154100565
2.81612892001704
1.72812354400165
4.00018673000346
3.13612781700456
1.72813148300577
3.68016790900327
1.72811188100397
1.72812863500837
2.81608854700721
2.91217343200856
3.23216531600679
2.91218030800078
3.23218227300082
2.5921551810022
3.45611918300293
3.5521361730062
3.55215542001019
2.3681248130103
1.72812881501017
2.81608859101112
3.90410201200098
3.68013937800171
3.23217955300237
2.91215142500434
2.3681243980036
3.58412290101029
3.45612549800478
3.45609365200161
2.81613194000307
3.13610935600295
2.91216614400369
3.45612763400638
2.36809977300467
2.91214215900482
2.59216042300636
2.04812935001542
2.36810781201058
2.59215486900644
3.45612812700224
2.59216386700345
2.81610550800693
1.72812409100942
3.23216427101158
2.912137965005
2.91218338600885
2.81608721600435
2.9121519380011
3.23215719200931
2.91217298101287
2.04812532500398
3.45611157500514
2.59218757500435
2.04812297900503
3.13609033600137
3.23213831401148
4.00019085600434
"n_200_d_5_tr_10_a_112x112_idx_0_p_abba2"
1847.001258735
1397.398440812
1301.229535035
2061.502460592
1252.982274131
1472.755483571
1382.122605461
1510.119244832
1117.886909959
1363.67707110301
1814.573836973
2021.760972784
2162.417167701
1511.12559856101
1408.16447242701
1409.12447242701
1988.06554515801
1548.63565794901
1725.627082965
1145.325280219
1234.48975035901
1401.46759343601
2047.57473210201
1054.02804232201
2060.781754672
1440.175352826
1294.777413747
1662.965262237
1778.228907485
1275.654601792
1193.81234654301
1737.205272801
1178.760863872
1934.27280787801
1019.69842891001
1177.58483382901
1596.546481876
1766.424827935
2367.243576433
1709.62725399401
1422.49015547001
2033.74720002701
1626.13801682901
1725.47237556101
1950.29091363801
1783.26507526501
1590.73582817301
2068.70549848301
1002.15800971901
1964.02143101201
1735.92527280101
1330.890280074
1543.699393419
1240.737234721
964.186940807004
1693.930019797
1946.082370388
960.413602648003
1171.162554403
1671.458253552
1899.66834273601
2292.90239588201
1142.54720078101
1612.17868291601
2291.94239588201
1289.64221034601
1345.75258857001
1346.71258857001
1347.16058857001
1474.01668206801
1585.93751441601
1544.268896608
1882.99127147301
1267.00284624001
1584.80825848101
1351.50602407901
1228.963413197
2054.423941039
1468.137588118
1507.65138838801
1719.891283422
1674.36176234601
2072.06190099001
2028.99612546001
2239.42576362801
1671.76073758101
2253.977350144
1926.424828689
2035.00041345901
2015.01247257401
1436.31025574001
1865.133552286
1943.470114383
1671.76073758101
2070.85411377301
2106.43772006801
2020.67868640101
2169.30563879301
2346.887282209
1552.866586148
"n_200_d_5_tr_10_a_112x112_idx_0_p_flooding"
6.81636188200141
9.14442576700125
7.13640057100129
8.00046030200097
8.00028416400167
6.68839462700177
6.04839517600197
6.68833967200122
8.41647649400201
7.77648339000336
8.09650462300127
8.00046852300262
8.73644064800239
5.82430029000314
5.82432049800197
7.45637949700217
6.91243844400269
6.04833887600265
8.64047537200285
8.64050265300342
6.36835614500342
7.55245689700246
6.36838125300443
5.50433166800346
6.04836766400396
9.18453091900417
6.04841078700247
6.27235336100185
7.55242312200366
5.18431398000629
8.000439317005
7.77648309300361
8.09647032100358
7.23243538200435
6.46432669300268
7.13638191600552
7.23242440200522
7.68039789500463
7.7764292600051
8.09643484800304
7.77646059800574
8.09648900700566
5.50430972200644
8.00037795200481
9.53644989000679
8.09647782900669
6.91237605600392
8.09645629100686
8.96051010300525
5.95235100500702
6.91234625300652
8.09642781600672
8.09650245500393
7.23238862800457
5.50436620700623
7.23239995600267
6.04836958500954
8.4165105100098
9.63250501300905
9.72858137001253
8.67236435900764
7.68041884500548
8.00045083300915
6.04838673501007
7.68041285600418
6.91246599300399
7.23244517701005
8.00045160301011
7.13640441400543
9.28044378001402
8.54448715001155
6.91241423101019
8.09645754001309
6.27233143900696
6.81639350700891
6.81638414000929
7.13637636600595
8.8645339640081
7.23242957700876
5.18432893800735
8.00044128300925
8.09649989901118
8.0004283640065
8.7365054500097
9.21641483100899
7.23242975100646
8.86449470800699
8.00044004601119
7.77649164201222
8.8643996800144
5.18431376200823
6.36840028600716
10.592510574007
6.91239101301022
7.23242399500634
6.27229703300713
6.91241452201297
9.40853375001183
7.68039188501035
6.36837178601013
"n_200_d_5_tr_10_a_112x112_idx_0_p_mprt2"
7.58439479300144
7.23244275600088
7.00844019200098
8.32042062900129
7.00838614400112
8.67237638500207
8.73650002200144
10.2405715080014
12.0965856670026
6.14436270000418
8.41650537700289
10.4646200670029
7.77640568200155
6.59236046100276
7.77640359700271
8.96047793000321
8.32032661600479
6.27233942500283
9.40845790900369
5.82431307900322
8.64047698400228
8.54451665200529
8.320496540005
8.41644787100293
8.96047958900326
6.6884093440045
8.73649712000812
8.64042983600655
7.45640462500674
7.23243333000667
6.81637954100722
8.4483548630061
9.60052785500665
8.19241496100886
7.87244645400875
8.83244645400794
9.60054095400409
9.18451482601057
6.46430430001033
7.3603444570054
7.77647513100987
7.55244742401118
8.41651733600912
9.37648525300716
7.45643277701191
6.68837750200879
7.87245614001364
8.0004391940065
8.19242386101138
8.41644342100079
7.23246886900242
8.44835863000171
8.54440372500243
6.04830108800236
7.36031998000364
8.32043857000286
8.19242159900213
7.90428659600195
6.36829999000454
8.3204518560045
8.76845079100264
8.32044822200473
7.3284129670057
8.41636161600334
8.00041984800615
8.09649534200574
8.41649455900395
8.73650783900359
8.86440158100399
9.1844647190058
7.55232108700454
8.416556051003
7.13635450700423
7.36033852600571
7.45640777900292
9.05650734700458
9.18440641900986
9.37647787900886
6.68841626001182
8.22439322500657
9.2163791520079
8.96049462600956
8.96041546400994
8.32038003300539
7.55243582000986
8.09639802400852
8.73654478601082
6.14434513700957
9.05649839801015
8.41650501001112
9.60056958001587
8.00043719200971
7.5524606840105
9.72845977901216
6.36839032800651
9.95255696001607
7.55245171301056
6.62428230300804
9.72841658901302
7.77639297001542
