"n_200_d_10_tr_10_a_79x79_idx_1_p_abba2"
60
58
63
61
60
57
58
59
55
56
57
62
57
59
60
58
59
62
58
60
60
57
62
56
62
59
61
61
57
59
61
63
66
57
58
53
58
58
56
58
61
56
57
60
63
58
56
59
57
58
56
59
60
58
61
57
60
66
61
60
62
58
60
56
59
57
58
51
57
59
57
60
62
58
58
66
61
56
64
57
59
63
58
58
59
57
56
59
59
59
60
60
59
57
59
60
61
62
57
60
"n_200_d_10_tr_10_a_79x79_idx_1_p_flooding"
200
200
200
200
200
200
200
200
200
200
200
200
200
200
200
200
200
200
200
200
200
200
200
200
200
200
200
200
200
200
200
200
200
200
200
200
200
200
200
200
200
200
200
200
200
200
200
200
200
200
200
200
200
200
200
200
200
200
200
200
200
200
200
200
200
200
200
200
200
200
200
200
200
200
200
200
200
200
200
200
200
200
200
200
200
200
200
200
200
200
200
200
200
200
200
200
200
200
200
200
"n_200_d_10_tr_10_a_79x79_idx_1_p_mprt2"
23
24
19
22
23
25
24
23
25
25
16
26
21
18
24
24
21
24
23
27
17
22
21
30
21
18
26
23
18
22
22
29
22
25
21
20
18
28
20
21
23
21
26
18
22
20
23
22
20
26
21
19
26
22
28
24
28
26
23
22
23
24
28
26
26
19
22
22
19
22
23
26
20
25
21
22
19
23
19
19
19
22
24
27
25
21
22
16
21
25
24
25
21
22
28
20
20
18
23
18
"n_200_d_15_tr_10_a_64x64_idx_2_p_abba2"
46
47
47
43
47
47
47
46
44
42
42
47
43
44
45
46
46
42
48
41
47
48
46
48
44
44
45
46
44
43
41
42
43
42
43
44
42
44
41
43
42
46
45
43
42
46
46
43
45
43
42
44
42
41
46
45
49
44
43
46
45
45
49
47
45
45
45
46
43
45
46
42
44
41
47
42
42
45
42
47
48
44
42
41
41
41
41
44
38
40
44
47
44
41
40
44
50
45
44
44
"n_200_d_15_tr_10_a_64x64_idx_2_p_flooding"
200
200
200
200
200
200
200
200
200
200
200
200
200
200
200
200
200
200
200
200
200
200
200
200
200
200
200
200
200
200
200
200
200
200
200
200
200
200
200
200
200
200
200
200
200
200
200
200
200
200
200
200
200
200
200
200
200
200
200
200
200
200
200
200
200
200
200
200
200
200
200
200
200
200
200
200
200
200
200
200
200
200
200
200
200
200
200
200
200
200
200
200
200
200
200
200
200
200
200
200
"n_200_d_15_tr_10_a_64x64_idx_2_p_mprt2"
13
14
17
18
17
13
14
28
15
16
18
15
17
17
14
13
16
16
14
14
21
21
19
11
15
18
17
20
17
14
17
14
14
22
21
17
18
19
21
22
13
16
18
16
15
14
15
14
18
13
19
21
19
12
18
16
15
12
18
12
13
15
17
18
18
14
14
17
13
18
18
17
16
14
21
12
20
13
15
21
18
17
17
15
15
15
15
15
18
20
13
16
15
16
16
11
16
18
15
19
"n_200_d_20_tr_10_a_56x56_idx_3_p_abba2"
35
34
34
35
31
39
31
38
32
37
38
36
34
34
39
35
36
34
37
41
32
37
37
35
36
33
32
37
34
38
40
39
34
37
38
37
34
37
39
39
36
36
34
43
36
39
34
33
37
35
37
40
41
41
36
38
36
36
37
40
34
43
36
35
35
39
41
38
39
34
38
35
39
31
36
41
37
38
39
37
36
36
34
37
33
39
36
35
34
39
38
37
40
38
33
38
38
33
38
36
"n_200_d_20_tr_10_a_56x56_idx_3_p_flooding"
200
200
200
200
200
200
200
200
200
200
200
200
200
200
200
200
200
200
200
200
200
200
200
200
200
200
200
200
200
200
200
200
200
200
200
200
200
200
200
200
200
200
200
200
200
200
200
200
200
200
200
200
200
200
200
200
200
200
200
200
200
200
200
200
200
200
200
200
200
200
200
200
200
200
200
200
200
200
200
200
200
200
200
200
200
200
200
200
200
200
200
200
200
200
200
200
200
200
200
200
"n_200_d_20_tr_10_a_56x56_idx_3_p_mprt2"
11
10
11
15
11
13
14
11
10
13
14
10
12
9
15
13
9
12
10
8
9
9
12
12
9
12
15
11
11
11
16
10
11
13
10
15
11
12
12
22
11
12
10
12
16
12
13
13
12
11
10
15
16
14
11
14
9
13
13
13
10
7
14
10
8
9
11
9
12
12
13
13
14
10
17
9
8
13
10
14
8
8
11
11
10
13
15
9
15
11
11
13
17
18
9
14
15
11
9
9
"n_200_d_25_tr_10_a_50x50_idx_4_p_abba2"
32
31
32
30
33
29
34
39
33
33
32
34
34
33
34
36
28
31
30
34
32
30
34
31
33
32
32
31
34
32
27
34
34
31
34
28
30
34
29
30
29
27
30
30
32
33
29
27
28
27
33
30
30
30
30
31
32
32
30
34
32
35
33
33
28
31
31
29
33
29
31
29
32
32
28
29
33
30
29
30
32
26
32
32
35
31
30
32
31
34
31
28
34
31
31
33
29
29
31
34
"n_200_d_25_tr_10_a_50x50_idx_4_p_flooding"
200
200
200
200
200
200
200
200
200
200
200
200
200
200
200
200
200
200
200
200
200
200
200
200
200
200
200
200
200
200
200
200
200
200
200
200
200
200
200
200
200
200
200
200
200
200
200
200
200
200
200
200
200
200
200
200
200
200
200
200
200
200
200
200
200
200
200
200
200
200
200
200
200
200
200
200
200
200
200
200
200
200
200
200
200
200
200
200
200
200
200
200
200
200
200
200
200
200
200
200
"n_200_d_25_tr_10_a_50x50_idx_4_p_mprt2"
8
11
10
12
11
8
9
9
14
8
12
12
10
9
11
10
12
13
12
15
7
13
10
8
6
9
10
8
7
7
13
12
9
9
13
9
9
12
10
11
6
10
11
12
9
10
10
9
10
9
9
8
7
11
8
8
11
8
9
8
11
11
10
11
14
11
10
7
7
10
8
7
10
9
10
9
11
10
10
9
9
9
11
11
10
7
12
10
11
8
10
8
8
11
8
9
8
9
12
7
"n_200_d_30_tr_10_a_45x45_idx_5_p_abba2"
29
30
33
30
26
28
27
26
23
30
26
28
26
26
26
30
26
28
27
29
29
29
29
29
29
26
28
34
28
29
30
27
32
27
27
26
24
25
32
29
24
30
27
30
26
25
22
25
25
26
30
25
28
31
29
25
33
32
24
28
27
30
29
25
29
28
24
29
24
27
28
29
28
25
25
28
23
31
26
26
29
28
25
26
25
29
25
27
32
27
31
31
29
25
29
26
25
26
28
28
"n_200_d_30_tr_10_a_45x45_idx_5_p_flooding"
200
200
200
200
200
200
200
200
200
200
200
200
200
200
200
200
200
200
200
200
200
200
200
200
200
200
200
200
200
200
200
200
200
200
200
200
200
200
200
200
200
200
200
200
200
200
200
200
200
200
200
200
200
200
200
200
200
200
200
200
200
200
200
200
200
200
200
200
200
200
200
200
200
200
200
200
200
200
200
200
200
200
200
200
200
200
200
200
200
200
200
200
200
200
200
200
200
200
200
200
"n_200_d_30_tr_10_a_45x45_idx_5_p_mprt2"
7
10
8
13
9
6
8
12
6
8
9
9
9
9
8
9
6
6
9
8
8
7
7
5
7
9
11
6
9
8
6
9
6
8
6
7
10
9
9
9
10
7
10
8
9
9
6
9
9
7
11
10
9
6
7
6
7
7
8
6
6
7
6
10
7
6
6
10
7
7
7
7
6
8
8
11
6
6
8
7
7
8
9
6
8
11
7
7
6
8
6
7
8
6
8
11
7
6
9
7
"n_200_d_35_tr_10_a_42x42_idx_6_p_abba2"
24
24
26
25
23
23
27
25
27
27
26
24
23
22
22
26
23
21
23
24
27
26
22
28
24
25
25
23
23
23
23
25
25
24
24
23
23
26
25
23
26
24
26
21
22
27
22
23
22
24
26
25
22
21
24
22
22
23
23
19
28
22
28
24
24
22
26
24
21
22
24
24
22
26
22
24
23
28
24
22
27
21
23
26
26
25
25
25
20
28
24
26
26
22
22
22
25
21
24
23
"n_200_d_35_tr_10_a_42x42_idx_6_p_flooding"
200
200
200
200
200
200
200
200
200
200
200
200
200
200
200
200
200
200
200
200
200
200
200
200
200
200
200
200
200
200
200
200
200
200
200
200
200
200
200
200
200
200
200
200
200
200
200
200
200
200
200
200
200
200
200
200
200
200
200
200
200
200
200
200
200
200
200
200
200
200
200
200
200
200
200
200
200
200
200
200
200
200
200
200
200
200
200
200
200
200
200
200
200
200
200
200
200
200
200
200
"n_200_d_35_tr_10_a_42x42_idx_6_p_mprt2"
5
5
7
6
7
5
6
5
5
4
7
6
4
4
4
6
8
4
5
6
6
7
5
5
5
8
5
6
6
6
4
5
6
5
5
6
5
5
6
5
7
7
9
5
6
6
5
6
4
9
5
5
5
6
5
5
5
7
5
6
9
4
4
5
4
7
8
6
5
7
4
5
5
4
5
6
7
6
5
5
4
6
4
5
4
6
7
7
5
7
6
6
6
5
4
6
6
5
4
4
"n_200_d_40_tr_10_a_39x39_idx_7_p_abba2"
24
22
23
23
21
19
23
24
20
21
20
20
17
18
23
29
20
20
20
24
20
19
24
18
21
23
24
21
21
20
23
26
23
19
25
22
22
26
21
23
24
21
23
23
19
24
23
20
25
22
23
24
23
20
20
24
22
21
23
22
21
19
24
24
26
24
20
23
22
19
21
20
23
22
23
22
24
20
19
22
20
25
23
24
23
25
23
23
24
22
24
22
21
25
24
24
22
24
22
23
"n_200_d_40_tr_10_a_39x39_idx_7_p_flooding"
200
200
200
200
200
200
200
200
200
200
200
200
200
200
200
200
200
200
200
200
200
200
200
200
200
200
200
200
200
200
200
200
200
200
200
200
200
200
200
200
200
200
200
200
200
200
200
200
200
200
200
200
200
200
200
200
200
200
200
200
200
200
200
200
200
200
200
200
200
200
200
200
200
200
200
200
200
200
200
200
200
200
200
200
200
200
200
200
200
200
200
200
200
200
200
200
200
200
200
200
"n_200_d_40_tr_10_a_39x39_idx_7_p_mprt2"
4
7
6
5
5
6
7
7
5
6
5
7
5
6
8
6
7
6
7
6
6
6
7
6
4
6
5
4
5
7
4
6
4
6
6
5
7
5
6
8
6
5
5
5
4
4
8
5
5
5
5
7
5
4
7
7
5
6
5
5
5
5
6
5
6
6
5
7
4
6
6
4
5
4
5
6
7
7
6
5
4
7
6
6
5
4
6
6
5
4
5
6
5
5
4
6
3
4
5
6
"n_200_d_5_tr_10_a_112x112_idx_0_p_abba2"
101
100
101
101
104
104
102
103
104
103
98
95
102
101
103
103
100
103
102
102
104
104
101
95
101
103
104
101
104
105
105
101
104
100
105
102
98
98
98
100
102
98
98
106
97
101
104
103
100
100
105
99
100
99
101
102
103
100
100
101
104
100
101
101
100
97
101
101
99
103
103
101
100
103
102
98
98
104
104
102
101
101
100
103
103
101
102
103
112
102
104
104
104
101
105
101
104
95
99
102
"n_200_d_5_tr_10_a_112x112_idx_0_p_flooding"
200
200
200
200
200
200
200
200
200
200
200
200
200
200
200
200
200
200
200
200
200
200
200
200
200
200
200
200
200
200
200
200
200
200
200
200
200
200
200
200
200
200
200
200
200
200
200
200
200
200
200
200
200
200
200
200
200
200
200
200
200
200
200
200
200
200
200
200
200
200
200
200
200
200
200
200
200
200
200
200
200
200
200
200
200
200
200
200
200
200
200
200
200
200
200
200
200
200
200
200
"n_200_d_5_tr_10_a_112x112_idx_0_p_mprt2"
54
51
45
49
55
52
62
49
46
49
53
52
47
44
52
49
48
52
52
45
55
55
52
51
58
53
58
46
55
50
50
60
53
48
52
59
50
61
46
45
48
46
53
49
50
53
45
47
47
55
46
51
50
51
50
52
49
53
44
52
49
44
50
45
51
52
52
58
52
50
48
44
55
49
54
56
50
50
50
49
60
52
50
47
55
53
53
49
46
54
55
50
52
55
48
50
56
51
60
48
