"n_450_d_15_tr_10_a_100x100_idx_2_p_mprt2"
-0.27463350947406
-0.27464370888173
-0.27428690978149
-0.27407695151469
-0.27393598232312
-0.27481185329209
-0.27467199164877
-0.27476454147223
-0.27485151359401
-0.27472947434354
-0.27354185822143
-0.27428209395487
-0.27402596090022
-0.27386552693718
-0.27423639439418
-0.2747057083555
-0.27478261108549
-0.27429670801426
-0.27467943730204
-0.27455309802595
-0.27482493100845
-0.27427984194342
-0.27468876239296
-0.27456449331289
-0.27461142291573
-0.27483876420183
-0.27339176181362
-0.27373765527302
-0.27329955090691
-0.27327711403076
-0.27335958550475
-0.27328721811162
-0.27437544865666
-0.27421045467961
-0.27367204515333
-0.27344092338233
-0.27438720502064
-0.27417134098067
-0.27290992408809
-0.27467969620068
-0.27355657883408
-0.27456682816185
-0.27464811877175
-0.27478540137716
-0.27464326056869
-0.27278295009638
-0.27361645116062
-0.27472151509296
-0.2735620171412
-0.27465165253892
-0.27462207882753
-0.27262226895874
-0.27310447096468
-0.27403610325607
-0.27427923524941
-0.27447634259959
-0.27414844259118
-0.27457119574951
-0.27421673721522
-0.27439666537519
-0.27259778802793
-0.27465289989635
-0.27380714344937
-0.27296706326397
-0.27465253534055
-0.27336420249591
-0.2728882383049
-0.27464493919005
-0.27448836661012
-0.27237581410943
-0.27382119483578
-0.27461311638566
-0.27425713605886
-0.27423029593527
-0.27462270240557
-0.27217925041605
-0.27464313778514
-0.27220632729078
-0.27430906104234
-0.27393112201017
-0.27200547459114
-0.27464424693726
-0.27453673774251
-0.27464598286448
-0.27345443033288
-0.27364194887983
-0.27464048830536
-0.2746123722374
-0.27423011844692
-0.27426309028916
-0.2742146435357
-0.27472471113247
-0.27439296313359
-0.27146320681105
-0.27150124146495
-0.27472648327878
-0.27151776598119
-0.27354112358764
-0.27414999282113
-0.27177919346939
-0.27181222819058
-0.27462998312868
-0.27469461949229
-0.27151344728481
-0.27143335757237
-0.27472988504438
-0.27470707228786
-0.27470043476353
-0.27462248287169
-0.27399314249548
-0.27244013244955
-0.27185172302723
-0.27097296928273
-0.27234693089909
-0.2727958365117
-0.27438620855979
-0.2705224351954
-0.27413491706854
-0.27392267175466
-0.27241447133898
-0.27480116026498
-0.2723680109074
-0.27145883434678
-0.27461809970074
-0.27088934741817
-0.27461896792315
-0.27039143276626
-0.27460140495443
-0.27289807740526
-0.27469202597512
-0.27462138102264
-0.27447874313504
-0.27439303087966
-0.2706234000377
-0.27195610140858
-0.27305819348
-0.27270816874296
-0.27381549999392
-0.27450174285614
-0.27419835996016
-0.27392938954611
-0.27201239609524
-0.27296142470515
-0.27383714341523
-0.27418440377131
-0.2742749199372
-0.27450996756913
-0.27429155052819
-0.27073824653667
-0.27442764084882
-0.2745584498418
-0.27451105074048
-0.26946891222666
-0.27181330005251
-0.27458281402127
-0.26963138509403
-0.27466532199492
-0.26969508651644
-0.27023718769095
-0.2745137489705
-0.27242495332736
-0.27434450675624
-0.26940524179495
-0.27116695937294
-0.27446981287088
-0.27403244318315
-0.27458817827238
-0.27446439003684
-0.27192913654193
-0.27240912542473
-0.26845875773626
-0.27359877632178
-0.26854872949062
-0.27371980861956
-0.27378063895856
-0.27262390858489
-0.26786470421308
-0.2742256120487
-0.27386820570157
-0.27391339651321
-0.2731324234151
-0.2682845772878
-0.27453044896969
-0.27463235382296
-0.27407872606436
-0.27301512518758
-0.27443275089115
-0.27441587663874
-0.26729003803131
-0.2730849107162
-0.2745586616299
-0.27379182767504
-0.27455972035015
-0.27425169360528
-0.2671085985199
-0.2745125703891
-0.27465569081381
-0.27420783217293
-0.27457924280183
-0.27390419377719
-0.26679670938272
-0.26678244997973
-0.27433073323638
-0.27424509886435
-0.27446323100837
-0.27439182344521
-0.27315323956371
-0.27431308030327
-0.27327337296455
-0.27378205648929
-0.27303776610088
-0.27405657310058
-0.27447657213436
-0.27452115341692
-0.27297096064843
-0.2737639767667
-0.27446066165195
-0.27366737855003
-0.27374412861787
-0.27365712996074
-0.27413021627859
-0.27318965122819
-0.27315174441746
-0.27359209553623
-0.27403581344294
-0.2742247631186
-0.27331724646856
-0.28587087975577
-0.27285100335512
-0.27266499615262
-0.27231261920504
-0.27416426691575
-0.27249924950507
-0.27436159066606
-0.27405516324694
-0.27353915930441
-0.27426282483106
-0.27387774199212
-0.27197865942433
-0.27205566901813
-0.27345150588074
-0.27329422886562
-0.27299407714497
-0.27327647252845
-0.27346124685704
-0.27336599678725
-0.27198185192673
-0.27334861448656
-0.2730866320277
-0.27308726093107
-0.2735042360903
-0.27152504407088
-0.27167930562302
-0.27146878483335
-0.27298135366442
-0.27248171395476
-0.272665416247
-0.27304580943141
-0.27276754360242
-0.27283840971244
-0.27246691050148
-0.27310435818663
-0.27255604437504
-0.27300542126403
-0.27273268433418
-0.27305118374605
-0.27259225992107
-0.27256264623769
-0.27285610413474
-0.27249379353013
-0.27239132273096
-0.27171672944994
-0.27265037824263
-0.27259712783946
-0.27252092737168
-0.27210275379416
-0.27043014432605
-0.27196330344796
-0.2717523592487
-0.27226854443051
-0.2720378068393
-0.27155148338323
-0.26917951048249
-0.27191882465874
-0.27160549076493
-0.27192603315632
-0.27166772074421
-0.27186296070693
-0.27149101699858
-0.26991062482674
-0.26883032749968
-0.26828743765327
-0.26956645671291
-0.26898535166027
-0.26907242424811
-0.26917542319155
-0.26754454390611
-0.26683827183405
-0.267373634336
-0.26734187723672
