"n_300_d_10_tr_10_a_100x100_idx_1_p_mprt2"
-0.0075994455717651
-0.0486936850611856
-0.0486936850611856
-0.101435925906888
-0.109106271378967
-0.13724261505492
-0.151948481721586
-0.166654348388253
-0.181360215054919
-0.196066081721586
-0.210771948388253
-0.225477815054919
-0.240183681721584
-0.240769252708251
-0.240769252708251
-0.240769252708251
0.000309289040461503
0.00123269224962385
0.00123269224962385
0.00216819638667561
0.00245995611315096
0.0180511497817226
0.0268971375154149
0.0357617113428374
0.0446337986662354
0.0535096623251538
0.062387690568655
0.0712670744481127
0.0801473633993008
0.0805004981991079
0.0805004981991079
0.0805004981991079
