"n_450_d_15_tr_10_a_100x100_idx_2_p_flooding"
-0.3503077403745
-0.35044952250927
-0.3462402316218
-0.34678869597431
-0.34565122235586
-0.35085474763752
-0.35118058270785
-0.3514157515483
-0.35160329690252
-0.35089517874259
-0.34399091588801
-0.34421758446022
-0.34376985522781
-0.34600831731748
-0.34810130307192
-0.3517652256356
-0.3517773716231
-0.34588021988823
-0.35164479818524
-0.35022947898374
-0.3510269824612
-0.34986391330365
-0.35176678956423
-0.35233021607659
-0.35177210280457
-0.35142147254945
-0.3402547999571
-0.34489640783365
-0.34204271370161
-0.34323745369328
-0.33972077751454
-0.33998411378657
-0.34591509737164
-0.34767876337481
-0.3452818387721
-0.34348466177349
-0.35063522925964
-0.34298086834397
-0.33861320548639
-0.35139358118688
-0.33995072893044
-0.35232496600427
-0.35233024322062
-0.35023257940379
-0.35233009145218
-0.33739674732546
-0.34103588715549
-0.35233159538118
-0.33943741183293
-0.35082721894843
-0.35192055926849
-0.33561746342439
-0.3370383240732
-0.34110701489022
-0.34991516888638
-0.34650737956754
-0.35044671227392
-0.34511766328637
-0.35027817004998
-0.35077189691505
-0.33510271452378
-0.35081646583023
-0.33939829577262
-0.33558260177299
-0.34910083680303
-0.33707530584213
-0.33534776927859
-0.35234311546931
-0.34671307010225
-0.33375175249224
-0.33926971741065
-0.33972212780693
-0.35176848918539
-0.34957288494611
-0.33785902480621
-0.35047727451777
-0.33692153399092
-0.35191229358761
-0.34242898682833
-0.33311101100942
-0.34431653416704
-0.35234241006705
-0.33489443010877
-0.33119985286072
-0.35062596648661
-0.33812692114725
-0.33036376557009
-0.35233460785607
-0.35176100594382
-0.34357693545959
-0.35233143914382
-0.33588749798782
-0.33346436032143
-0.33649719106811
-0.35221239521118
-0.34770130544017
-0.35045486689919
-0.34970654360518
-0.34361047549495
-0.35234173716163
-0.34422160363685
-0.34394132977058
-0.33792516372327
-0.32780516107694
-0.34742355390073
-0.3266055505379
-0.35233528429561
-0.3281022539294
-0.32680363482825
-0.33576439260371
-0.33985849499446
-0.3260562919302
-0.32580757888182
-0.32950964283501
-0.34745297031762
-0.3520003940957
-0.35172032619664
-0.32522153438933
-0.32560162691373
-0.34848676698795
-0.3338320890434
-0.35200049464318
-0.34770336348986
-0.34929440511574
-0.35184730364735
-0.33748089035641
-0.32779301979294
-0.32929769263154
-0.32860436761289
-0.3255348647495
-0.32374353736554
-0.3309069565679
-0.32727996501396
-0.33143730834006
-0.35037638626348
-0.32218949468561
-0.34154033609605
-0.32977599231279
-0.33770522876579
-0.33467096164021
-0.32875388249644
-0.35061672168094
-0.32767522284133
-0.32393833275612
-0.34760712875448
-0.34964086568184
-0.3223086155139
-0.35166520077581
-0.32089933375448
-0.34726662918406
-0.33178987523216
-0.35166109847097
-0.32831174167885
-0.35166879014656
-0.33278259931499
-0.35064187899279
-0.35049901761131
-0.33761837533569
-0.32117956838305
-0.32564446151882
-0.34066774521774
-0.33187692553357
-0.32796937844656
-0.33702934314248
-0.35088454430731
-0.34969428104902
-0.32880050136887
-0.341156221514
-0.33595187497296
-0.32479263249119
-0.3295974590818
-0.33748297005283
-0.34956444120037
-0.34646452861477
-0.34969948537073
-0.35114541365526
-0.34098283754102
-0.3500009825499
-0.32016512814084
-0.35101225385869
-0.346075412936
-0.35113872281289
-0.31604503748923
-0.32366140599651
-0.35084471663685
-0.34190778709856
-0.33736630112222
-0.31576453882781
-0.34887398053318
-0.33383198469266
-0.33207876924339
-0.31687219026228
-0.31812826698154
-0.34943343832906
-0.34269810938129
-0.32734118277876
-0.34668443127465
-0.33035999130954
-0.31577438046123
-0.330957019083
-0.33015000644212
-0.32997011296614
-0.34125249275628
-0.32042549062981
-0.35025315037132
-0.3264897068058
-0.34259702756815
-0.34930363478498
-0.34785076047872
-0.34084604684346
-0.32204435936153
-0.34602280107833
-0.34367821948402
-0.33848627539653
-0.3268522985843
-0.31142291203112
-0.33317448869626
-0.33491375922893
-0.31285946846278
-0.32772031672428
-0.34695043072275
-0.33067938133655
-0.33878118517187
-0.34027277541693
-0.32618507994673
-0.310370520629
-0.34588130707975
-0.34046548835098
-0.34154943020907
-0.32944990190241
-0.33678652181535
-0.34131214284273
-0.31212750442388
-0.349760801452
-0.34841596378109
-0.34401546500576
-0.32849664202095
-0.34938008845163
-0.3466641505081
-0.30802993537558
-0.34612700957962
-0.32823197073652
-0.34627501225869
-0.34892186433938
-0.32483881994159
-0.33882531879935
-0.34258711904909
-0.34893768539502
-0.34438219330882
-0.30745166274213
-0.34652591243435
-0.34735722269482
-0.34548628335806
-0.3463502284798
-0.34120658967687
-0.30573597567919
-0.30556918792367
-0.34267957167809
-0.34607502560341
-0.34483607843151
-0.34846351788475
-0.3404042651942
-0.33283058449265
-0.32520623804229
-0.33972095837609
-0.3457490527823
-0.3332011470642
-0.32988560493356
-0.34575507565435
-0.32894481687823
-0.34487089253846
-0.32821164623484
-0.33832352886234
-0.33883208775479
-0.32485907085173
-0.34197871814473
-0.34495474796977
-0.34414083551516
-0.32729284589029
-0.33954092375485
-0.34046033447737
-0.34459461884124
-0.33760696111891
-0.32283741192452
-0.32958143492402
-0.33760769709606
-0.33746305520707
-0.34196938372326
-0.33208091990844
-0.32906227411642
-0.32804733702558
-0.31937471596243
-0.33802832829488
-0.32202992666209
-0.34165420550716
-0.34534341796889
-0.31872640778738
-0.337093961946
-0.319761417145
-0.33969751532796
-0.3201661986567
-0.32644461639943
-0.33795449898486
-0.32343060594244
-0.34035667329897
-0.34151547859861
-0.3224440261503
-0.34555567213882
-0.31915136158421
-0.32764813947393
-0.3281496680431
-0.34478686322869
-0.34491172090522
-0.33399398456598
-0.33688714400275
-0.32685728237905
-0.33291263476981
-0.33033329913731
-0.33596870092542
-0.34426342463358
-0.32685622508899
-0.340910729903
-0.34260289739059
-0.32510673964199
-0.34105336347929
-0.3251060180196
-0.32141650997477
-0.32164484222624
-0.3164179865341
-0.31665557995903
-0.34031775388708
-0.32280971997304
-0.32288327704568
-0.33746153886663
-0.33144706263047
-0.33285933915699
-0.33593020653451
-0.3314645600627
-0.32824669219809
-0.33220161033129
-0.33466167488495
-0.33780253724862
-0.33487119865746
-0.32351265019098
-0.33452692693881
-0.33520891601433
-0.33176560439305
-0.33183128104627
-0.31832637394975
-0.31665043808888
-0.33772260911073
-0.33501879800084
-0.33758806771548
-0.31943601584403
-0.31951944360569
-0.31740873153425
-0.3275666146238
-0.3398234917923
-0.33363860045436
-0.33481272066683
-0.32661088845385
-0.32935022803837
-0.33144179971508
-0.33478522293326
-0.33919815654978
-0.33449305047369
-0.31320709705427
-0.33053108788364
-0.33837618671861
-0.32853579771737
-0.3305338853012
-0.33553680796665
-0.33422933771378
-0.32906712180799
-0.31341534210766
-0.31430724841597
-0.33526519876511
-0.32972906454211
-0.33455820793767
-0.33261949845869
-0.32313362103414
-0.32913044664463
-0.33146894211647
-0.30964396680164
-0.33225098576074
-0.32524777809237
-0.33253274866683
-0.3198563251833
-0.32990732167804
-0.32871465684974
-0.33344273307337
-0.33363585048871
-0.33103666351017
-0.32637794929603
-0.33099899158329
-0.33167928754311
-0.31501239722496
-0.33104062406165
-0.32497011435099
-0.3306119031512
-0.32147089187913
-0.33042414497074
-0.32701292755551
-0.32933888252584
-0.32721661656267
-0.3287816482441
-0.32993466056796
-0.32845767808155
-0.3251238290297
-0.32803358995276
-0.31042492341567
-0.32688575831401
-0.32734780911401
-0.32712053116728
-0.32706128487345
-0.32701296372238
-0.32557577374442
-0.32655647968635
-0.31310211247315
-0.32584893570391
-0.32723177591362
-0.31003898473644
-0.3259308193993
-0.30844706934589
-0.31273919359866
-0.31023886267357
-0.31049308758822
-0.32413350347623
-0.32488351429359
-0.31128544312554
-0.32306980718665
-0.3228746537128
-0.3231973570518
-0.32153768343715
-0.32501285823506
-0.32191015633721
-0.30651211463251
-0.30486934638423
-0.30612782265902
-0.30558791312051
-0.32105033502723
-0.31855750560597
-0.31931074866056
-0.31756244142885
-0.32125895076239
-0.3112771252344
-0.31573353353012
-0.31127579215033
-0.3108487683612
-0.31242161959033
