"n_300_d_10_tr_10_a_100x100_idx_1_p_mprt2"
-0.26845458783334
-0.26836109582352
-0.26820475587412
-0.26880379397804
-0.26881563065914
-0.26785214614936
-0.26878507903062
-0.26880065032666
-0.26959411472837
-0.26721221327915
-0.26852909996107
-0.26664530841145
-0.26759102722726
-0.26719978026078
-0.26570237914872
-0.26968991304722
-0.26675247217044
-0.26837599222209
-0.26863956456608
-0.26968681149262
-0.26977018815612
-0.2660510306115
-0.26984329587933
-0.26925091587278
-0.26863002691326
-0.26976794846349
-0.26996282662664
-0.26903242109234
-0.27012713271878
-0.26995164110353
-0.26988009066882
-0.27004752092526
-0.26996031993019
-0.27004912165913
-0.26812220229692
-0.26995191603304
-0.26659403130626
-0.26993482749217
-0.26620922748664
-0.27016026401788
-0.26925733340268
-0.27025175353247
-0.26677076944552
-0.26941312254478
-0.27021426212574
-0.26913866749504
-0.27029968078855
-0.269692396995
-0.26996550521309
-0.26773185907134
-0.27027172579893
-0.2704156944072
-0.27027246685634
-0.27015511117917
-0.2690463936003
-0.27005588106142
-0.2702388825745
-0.27019490823628
-0.26805590785526
-0.27023645075026
-0.26867444606536
-0.27006383964972
-0.26956373164532
-0.2688971291876
-0.26809430631379
-0.26628423339114
-0.27027173219768
-0.2703520800853
-0.26925609724591
-0.27022880371602
-0.27027425031221
-0.26762118818965
-0.26747521440053
-0.27002830456316
-0.26575596188906
-0.26984450011038
-0.27016766293927
-0.27027211759523
-0.26598858642118
-0.2696594161162
-0.26798624412294
-0.26936707475081
-0.26955528692634
-0.27035262792522
-0.26945307728905
-0.26578966451734
-0.26974125949955
-0.2703406400359
-0.26999609469046
-0.27028288685594
-0.27042723529464
-0.26484963632004
-0.27011503246665
-0.27009242779073
-0.26733539782388
-0.27013397155198
-0.27018770499332
-0.27025295428981
-0.26528013980964
-0.27027021787398
-0.26945794193943
-0.26953848181918
-0.27014941443806
-0.26385709970618
-0.2638477537055
-0.27027965599956
-0.27024270096386
-0.27034283605562
-0.26364896585033
-0.26389419620326
-0.26678043331479
-0.27016963637517
-0.2698286329761
-0.26872093411363
-0.27016284501766
-0.27028718516057
-0.26874411445268
-0.27032372889499
-0.26622244899751
-0.27024740800691
-0.26982476712469
-0.27030963856674
-0.26913735836139
-0.26788943231925
-0.26706118669262
-0.26650702833225
-0.26388503891162
-0.26404195582033
-0.26904714846106
-0.26997677739645
-0.26455870188277
-0.27024985632376
-0.26993170045106
-0.27015452959267
-0.27000241519465
-0.27004928379355
-0.2697537107256
-0.26966310611548
-0.26984792362904
-0.26978967929334
-0.27012872322488
-0.26779283992218
-0.26450684652364
-0.26560593897933
-0.26275931535386
-0.26942434673677
-0.26988619746511
-0.26195525830498
-0.2697416167391
-0.269847563648
-0.2699628234402
-0.2696736476282
-0.2696415476689
-0.26870800000753
-0.26563758583631
-0.26156851022477
-0.26917621893634
-0.26523668473707
-0.26452666091651
-0.26862198814879
-0.26917853775331
-0.26922426325656
-0.2697324622211
-0.26963951380505
-0.28133725427378
-0.268648188106
-0.26936121675354
-0.26847402425113
-0.26933090517675
-0.26778072972521
-0.26797054218857
-0.26975707087591
-0.26913459152518
-0.26803564912434
-0.26913296214618
-0.26881768408371
-0.26787041381112
-0.26903405361842
-0.26858825595131
-0.26715673264831
-0.26698964784551
-0.26911847289851
-0.2692123502461
-0.26924355953923
-0.26731693124836
-0.2682350079979
-0.26804272191007
-0.26723668217342
-0.26799565216805
-0.26698428122291
-0.26698585096535
-0.26881155297866
-0.26811032693817
-0.26858254456744
-0.26750394767728
-0.26797808968498
-0.26817341830393
-0.26753811309234
-0.26731677288526
-0.26780980072848
-0.26803159089171
-0.2683584510713
-0.26610207300524
-0.2670618714476
-0.26728338793443
-0.26753062392264
-0.26614873877807
-0.26700469945568
-0.2671923141956
-0.26520113514297
-0.26530252990415
-0.26658296729366
-0.2648389555824
-0.26382059280247
-0.26434350705566
-0.26343764869986
-0.26362585042483
-0.26300669997234
-0.26272424704304
-0.2626116424296
