"n_150_d_5_tr_10_a_100x100_idx_0_p_abba2"
-0.25797823999999
-0.25758362697429
-0.24458625084337
-0.24401997898786
-0.24433178702101
-0.24458625078867
-0.24458625076592
-0.24433178702591
-0.24458625084513
-0.24433178707596
-0.24433178704893
-0.2441884271133
-0.24520628281822
-0.24418842714815
-0.24489447498667
-0.24550017099482
-0.24398234684663
-0.25752628264562
-0.24398234683194
-0.24629761089395
-0.2460771949807
-0.24398234668622
-0.24489805859624
-0.24550017066465
-0.24489805860722
-0.24418842719324
-0.24398234658523
-0.24365620286173
-0.24334081096882
-0.24338202686812
-0.24365620278576
-0.24608436307091
-0.24520628257228
-0.2438766192808
-0.24582273115257
-0.24629761092529
-0.2453675631775
-0.24629761071195
-0.24604314711121
-0.25716340249676
-0.24479412323732
-0.24322612275245
-0.24629761093738
-0.25954945099167
-0.24629761086879
-0.25230260337528
-0.24276557876685
-0.24629761098756
-0.24629761092124
-0.243921419325
-0.2539019633543
-0.24604314719504
-0.2427655787136
-0.24629761109352
-0.24994164341272
-0.24629761108509
-0.2462976110204
-0.24599117880414
-0.24599117881573
-0.25528001139288
-0.24629761088609
-0.24599117883128
-0.24629761085559
-0.25396109870001
-0.25540813871419
-0.24276557874104
-0.24502439539468
-0.25601741873518
-0.24307738673122
-0.25601634902589
-0.24629761114432
-0.24529050731085
-0.24608436323848
-0.24502708334681
-0.24599117894487
-0.24543386731209
-0.24307738680262
-0.24599117896404
-0.24629761103597
-0.25571887697131
-0.24416513085789
-0.24629761122098
-0.24599117900498
-0.24629761105353
-0.245027083422
-0.24629761116
-0.24502708344784
-0.24599117908365
-0.2444769389147
-0.24268118111066
-0.24533172297419
-0.24416513090447
-0.24502708345251
-0.2450270834532
-0.24470434910256
-0.24947841091951
-0.24470434911772
-0.24629761126518
-0.24629761127157
-0.24629761130833
-0.24629761132781
-0.24533172312185
-0.24629761131454
-0.2450270834389
-0.24439254122013
-0.24447693904462
-0.24439254120164
-0.24447693903319
-0.24478874709448
-0.24533172316794
-0.2576443812795
-0.24439254134045
-0.24502708345249
-0.24447693915173
-0.25213684305514
-0.2451193710727
-0.24353972311895
-0.24353972312359
-0.24353972314295
-0.24385153118295
-0.24305409117535
-0.2441633392677
-0.24276020323397
-0.24416333930488
-0.24416333928762
-0.24276020325727
-0.24499841134506
-0.2447063153448
-0.24385153129903
-0.2441633393464
-0.24418305137525
-0.24385153135013
-0.24458625145484
-0.244163339383
-0.24376713347374
-0.24376713356133
-0.24380834963093
-0.24346070166127
-0.24375655549402
-0.24313455773319
-0.25609609379694
-0.24309334178502
-0.24252476689357
-0.25476412671537
-0.25350435074973
-0.25158063874846
-0.25571030260221
-0.24324225145518
-0.25623066749138
-0.2438515314088
"n_150_d_5_tr_10_a_100x100_idx_0_p_flooding"
-0.29568474676766
-0.29568997896054
-0.29568413249177
-0.29569217191101
-0.29568582853209
-0.29540904778173
-0.29568125264373
-0.29568972208953
-0.29569280365088
-0.29569096497693
-0.29511012914297
-0.29454437304648
-0.29429563032706
-0.29542693212977
-0.29412521138384
-0.29464628081116
-0.2937627685512
-0.29546800137876
-0.29347863223588
-0.29513947346956
-0.29541569776897
-0.29542739149836
-0.29281657005767
-0.29542383850006
-0.29365435787381
-0.29516478651359
-0.2951596681691
-0.2916511219139
-0.29491945610333
-0.29515476918523
-0.29132845935946
-0.29149014707537
-0.29253432474675
-0.29425173170727
-0.29517687438228
-0.29050805821122
-0.2937383695507
-0.29374184724189
-0.29516089330981
-0.2951712146554
-0.29326270245465
-0.2900773826906
-0.29299384999041
-0.29325924584661
-0.28976431912636
-0.29281996030663
-0.2931507839643
-0.28820543864331
-0.2922881336791
-0.28764814335088
-0.29395185229823
-0.28736327128029
-0.28926963090385
-0.2876308695688
-0.29345394509611
-0.28547513638207
-0.28742827730723
-0.28742872855798
-0.2893174696096
-0.28597029262223
-0.29296449833663
-0.28981852442608
-0.28613125380298
-0.28873810963559
-0.28575715057722
-0.28994876755696
-0.28949512117789
-0.28877201729692
-0.28755162751593
-0.28937487761338
-0.2844982348131
-0.28428565680038
-0.29008912583506
-0.28587733707787
-0.28381088804314
-0.28462810129254
-0.29144599062603
-0.28695123106654
-0.28933628742064
-0.28499726232887
-0.29011198404787
-0.28450733928541
-0.28690536894308
-0.29070331378323
-0.28441285695834
-0.28606731227991
-0.28613652987701
-0.28667420060303
-0.28277178974283
-0.28470710940274
-0.28757371177744
-0.28891525782277
-0.28411936283697
-0.28780705891435
-0.28955394496288
-0.28412143466253
-0.28579930437897
-0.28204402099512
-0.28477595398302
-0.28210493524593
-0.28919121792872
-0.28327692882339
-0.28337485071537
-0.28457448896689
-0.2812371552254
-0.28419979680904
-0.28676211197645
-0.28586854773725
-0.28804995175566
-0.28587893659416
-0.2857422803748
-0.2862592132543
-0.28600518877967
-0.28537365363364
-0.2850545898847
-0.28384826614946
-0.28481521684442
-0.28521236426392
-0.2846964972191
-0.28163218326268
-0.28239475153483
-0.28220716594142
-0.28314603172803
-0.2827376762208
-0.27833142451519
-0.28513604643587
-0.28443022489764
-0.28376997042511
-0.28209360553582
-0.28468389898271
-0.28415782324647
-0.28132808947548
-0.28504021446798
-0.28362506795452
-0.28077419954373
-0.28110958696705
-0.28057833265595
-0.28321628282365
-0.28014228634323
-0.28340060596432
-0.27930597800584
-0.28003355120733
-0.28285008790489
-0.27862189303579
-0.28145946004117
-0.27453764950387
-0.27684292263425
-0.28063062314304
-0.27785825317087
-0.27648061341557
"n_150_d_5_tr_10_a_100x100_idx_0_p_mprt2"
-0.26352029829272
-0.26336373891632
-0.263438559103
-0.26344060714535
-0.2633662029989
-0.26343247675678
-0.2633592148983
-0.26336207971686
-0.2633627782882
-0.26344178883886
-0.2631832030775
-0.26300197570038
-0.2629869891714
-0.26343194196774
-0.26289982061807
-0.2628468839174
-0.26296514550286
-0.27667646488621
-0.26279670594232
-0.26318289312931
-0.26327388450598
-0.26335401290694
-0.26254046622308
-0.26342923872312
-0.2628150762413
-0.26334469907108
-0.2631848973924
-0.26233392251311
-0.26316970849309
-0.26326375195521
-0.26174906058737
-0.26232174843485
-0.26252901075038
-0.26291728527551
-0.26326606660348
-0.26131993759838
-0.26248116564261
-0.26240540743197
-0.2632666857963
-0.26334145719965
-0.26238855322051
-0.26170224440372
-0.26205726211578
-0.2621517301721
-0.26104739953985
-0.26254762081803
-0.26247488797
-0.26059642830306
-0.2622083896234
-0.2610596572644
-0.26265623554903
-0.26089366959729
-0.26055351880508
-0.26001850032084
-0.2627117807978
-0.25960764884114
-0.25992351404753
-0.25992851549522
-0.26063837086174
-0.26019710742127
-0.2623009652178
-0.26179035729154
-0.26020138395667
-0.26143420306094
-0.25921645891129
-0.26163675578049
-0.26049778528246
-0.26119897537846
-0.26106607719864
-0.26161270177587
-0.25900890754458
-0.25924195058101
-0.26075304579187
-0.27365246504246
-0.2588234038545
-0.25958418671522
-0.26190982118953
-0.25966625189279
-0.26048501356466
-0.25993311019805
-0.26169441941185
-0.25967239705437
-0.25934933439318
-0.26187532632068
-0.25949630666674
-0.2590791979626
-0.25924044092988
-0.25933710538663
-0.25862029794165
-0.25877539292963
-0.25992764040019
-0.26108545665663
-0.25867404156018
-0.26033777568469
-0.26159951174643
-0.25867384824156
-0.26019673471801
-0.25850834123008
-0.25845906666243
-0.25811525937105
-0.26156881569941
-0.25922450963521
-0.25808266372876
-0.25837457423351
-0.25736658707573
-0.25835599448686
-0.25980377635862
-0.26019055509992
-0.26112797909831
-0.25995087281395
-0.25905411209458
-0.2593128860691
-0.25953784316636
-0.25969057819888
-0.2598390139816
-0.25818688741712
-0.25974566081382
-0.25975000276112
-0.258767116485
-0.2586600455808
-0.25764128605338
-0.25876944818893
-0.25912668466824
-0.25781609858392
-0.25667397906722
-0.25933986969139
-0.25906926120849
-0.25938864878748
-0.2586803211326
-0.25884660993537
-0.25881920534457
-0.25809150735258
-0.25934310600993
-0.25863791028267
-0.2570184665707
-0.25703652837852
-0.25805517098064
-0.25894108573196
-0.25764165622807
-0.25879486964057
-0.25744450881389
-0.25650715644918
-0.258609290516
-0.25588669354202
-0.25816214327506
-0.25483068696667
-0.25522875454911
-0.2575692470639
-0.25617687712702
-0.25571545492056
"n_300_d_10_tr_10_a_100x100_idx_1_p_abba2"
-0.25858835997771
-0.25895291400323
-0.24808490324681
-0.24533454635818
-0.24557289286486
-0.24571625324834
-0.24608011388138
-0.24557289355842
-0.24595458617128
-0.24533454627196
-0.24595458466763
-0.24509620881489
-0.24507479804244
-0.24486155234272
-0.24509620949985
-0.24421380053323
-0.24509620929775
-0.24595458927522
-0.24494756506089
-0.24619292030252
-0.24588469205087
-0.24407402451745
-0.25632220129416
-0.24649079552366
-0.24649079493715
-0.24470922547385
-0.24581121790218
-0.24494926358912
-0.24470922672961
-0.24610909435565
-0.24649079410183
-0.24645276648387
-0.24930512743965
-0.25396496843139
-0.24675063931671
-0.24488475079457
-0.24614096027322
-0.24482433980016
-0.2467506350249
-0.25288887239005
-0.24552108619386
-0.24587075698845
-0.24675063916748
-0.24452464149801
-0.24645276869492
-0.24645276802965
-0.24610909416457
-0.24675063667653
-0.24488475014306
-0.24488474994937
-0.24572880200514
-0.24649079151617
-0.24579728388963
-0.2461090936401
-0.24579728385312
-0.2451231061307
-0.24488474977385
-0.24675064332864
-0.24675063350806
-0.24536144266229
-0.25348829629755
-0.24645276985261
-0.246420902585
-0.24512310698786
-0.24579728329793
-0.25348829627747
-0.24488477096364
-0.24573277036015
-0.24675064456119
-0.2554711443096
-0.24488477152444
-0.24675064343728
-0.2461825655388
-0.24675063519876
-0.24559977970036
-0.24359735222949
-0.24488477149454
-0.24468406724578
-0.24587075606288
-0.24559978014497
-0.24651230929904
-0.24587075587231
-0.24651230901292
-0.24416183226662
-0.25348829619405
-0.24474000109986
-0.24396545239612
-0.24675063920366
-0.24643883826472
-0.24505180986253
-0.24675063646487
-0.24579728313574
-0.24328554429917
-0.2446537361607
-0.24328554431227
-0.24644240543668
-0.2459026288674
-0.24869021615038
-0.24675063388657
-0.24335901616816
-0.24359735223892
-0.24348878012121
-0.24636893223979
-0.24675064474528
-0.24488477353801
-0.25331929421545
-0.24675064093187
-0.2465123094758
-0.24644240487264
-0.24440016832197
-0.24536144655976
-0.24675063017243
-0.24440016836253
-0.2459621683412
-0.24643883958531
-0.2444001683363
-0.24675064538539
-0.24646390864817
-0.24592630791568
-0.24594049275269
-0.24295167505924
-0.24675064559703
-0.24536144730208
-0.24675063701879
-0.24675064138883
-0.24488477517317
-0.24675063389421
-0.24643883896515
-0.24536144780371
-0.24404470440137
-0.24273304636896
-0.2531006585657
-0.24463964976321
-0.24596216890041
-0.24487798613342
-0.24455683920059
-0.24536144823978
-0.24428304106554
-0.24521129865812
-0.24675064419012
-0.24457513751501
-0.24675064448514
-0.24561726828403
-0.24596216976082
-0.24435651344094
-0.24249470958449
-0.24455684012933
-0.24596217004993
-0.24596217021842
-0.24596217012817
-0.24356803231778
-0.2441181773446
-0.25262398681831
-0.24404470471277
-0.2453614501361
-0.24651231168332
-0.24453812170654
-0.24521129802576
-0.24643884122874
-0.24559299687756
-0.24411817753954
-0.24596217134847
-0.24411817745443
-0.24559299698045
-0.24596217233942
-0.24442102578628
-0.24411817743723
-0.24596217088036
-0.24559300063098
-0.24444252971271
-0.24536145042251
-0.24596217298797
-0.24622559320848
-0.24442102613744
-0.24404112166289
-0.24411459408983
-0.24411459385578
-0.24596217376901
-0.24444253013606
-0.24512311502128
-0.24596217387255
-0.24455684266868
-0.24800733895461
-0.24567545345747
-0.24795396753006
-0.24572921415447
-0.24831344047851
-0.24810321265455
-0.24440669104065
-0.24475075466718
-0.24536145281756
-0.24536145254666
-0.24667177896838
-0.24572921543434
-0.24697641906977
-0.25541726057678
-0.25495353361356
-0.24440669324599
-0.24572921575745
-0.24408234013447
-0.25012586644528
-0.254476864523
-0.24431174497476
-0.24528798217103
-0.24537705982256
-0.24872454479618
-0.2544410253736
-0.24431174591145
-0.24440669797817
-0.24431174645359
-0.24434218225768
-0.24528798189453
-0.24440669995561
-0.24565574477668
-0.24455008276218
-0.25332190580557
-0.2478442695633
-0.24423827504575
-0.24439417818754
-0.24439417820418
-0.24399184401503
-0.24484846200841
-0.244968142666
-0.24703824310251
-0.25773972835734
-0.2439918550221
-0.2439918444633
-0.24437178655863
-0.24695850767155
-0.24500576280219
-0.24399184875748
-0.24678754951002
-0.24373487388319
-0.24397321052436
-0.24373487393983
-0.24382985312858
-0.24376534137951
-0.24373487379054
-0.24376534146015
-0.24373487401359
-0.243734873769
-0.24376534153481
-0.24373487369303
-0.24373487388525
-0.24357538599839
-0.2435879299465
-0.24357538594559
-0.24374383774547
-0.25379068166151
-0.24467885736741
-0.24376534149679
-0.24365781811253
-0.2435019139431
-0.24373487342043
-0.24352700559262
-0.24375279416338
-0.24304137072716
-0.24374383775642
-0.24467527341783
-0.25371720941444
-0.24360584972709
-0.24373487344231
-0.2435019138199
-0.24375279418611
-0.24373487348676
-0.24373487349855
-0.24373487335268
-0.2435323776634
-0.24366140142498
-0.24373111078016
-0.24366140141391
-0.24393159341996
-0.24297824937762
-0.24262164142673
-0.24262164143658
-0.24324565813703
-0.24282234536308
-0.24282234531909
-0.24242093744023
-0.24282234537178
-0.24282234535708
-0.24403413789365
-0.25331938574555
-0.2431901056298
-0.24342306528704
-0.24334959313556
-0.24272956105259
-0.24272956103147
-0.24280303311407
-0.24272956101263
-0.24280303310993
-0.24280303312915
-0.24266504956436
-0.25602601234481
-0.24591284023763
-0.2427385247777
-0.2427385251242
-0.24266505067624
-0.24266505040624
-0.24266505050947
"n_300_d_10_tr_10_a_100x100_idx_1_p_flooding"
-0.31686038926839
-0.31666902539435
-0.31507012168984
-0.3216115769496
-0.31974699498611
-0.3140337482431
-0.32133300836171
-0.32153204270974
-0.3250707860597
-0.31044069458932
-0.31927893528686
-0.31011441537769
-0.31023029074409
-0.31318294362664
-0.30913166412829
-0.31166202139064
-0.30751298863242
-0.31538197973809
-0.30656413131463
-0.32554419884415
-0.30565654016245
-0.31057359002296
-0.3060027059712
-0.31646142410867
-0.3171034105749
-0.32352478863977
-0.32553098352497
-0.31595264765995
-0.30877402906922
-0.32534063621481
-0.32285092274482
-0.31684303188045
-0.3255243755513
-0.32629683030839
-0.31899627871471
-0.30198997871378
-0.31001209505874
-0.30815357302742
-0.32653242132205
-0.32611886878341
-0.31344833904326
-0.32632454630168
-0.30511069244949
-0.32646255572683
-0.32631616323827
-0.32652387431146
-0.3144622171977
-0.32408547797546
-0.30427275289122
-0.30122264758423
-0.31009443522959
-0.31408521633159
-0.32566601776729
-0.30857397127259
-0.31784089541232
-0.30168376371817
-0.32731718371581
-0.31321117350274
-0.31410534173449
-0.32130310319777
-0.32748406261506
-0.31048094652438
-0.32129168350284
-0.32653714251338
-0.30026046399099
-0.29852476873922
-0.31963918420389
-0.32673274050254
-0.32555055903344
-0.32632392180437
-0.3142827418277
-0.32791247423275
-0.32769544941185
-0.32790884255659
-0.29708913280224
-0.30684258430719
-0.32694896991348
-0.31917847288619
-0.32674289274401
-0.31217597062133
-0.32719969113868
-0.32598266597872
-0.29812472277964
-0.3160662078332
-0.32710877171393
-0.31756983006734
-0.32669966628914
-0.32261524269176
-0.31925798900347
-0.29814650154716
-0.31259550014566
-0.3151482039013
-0.29511175169615
-0.30828389596257
-0.30813130580423
-0.32792527562041
-0.32789839442563
-0.32025278935287
-0.312187391974
-0.32693479418756
-0.32791099951078
-0.31350582039005
-0.31172462403418
-0.32572218979105
-0.30694278236305
-0.31783622693949
-0.32363555294601
-0.32328949816521
-0.32792563188896
-0.30686242201586
-0.30803380815763
-0.32303783307205
-0.31782426607805
-0.3142054854828
-0.32186639719419
-0.32242322342435
-0.32789942657164
-0.31950557448865
-0.31701807615619
-0.32105443550778
-0.30538384265007
-0.31324906690771
-0.32323652076979
-0.32770918062627
-0.32278008242102
-0.32624163390743
-0.31326313777017
-0.32790465739285
-0.30230554110961
-0.32601734713595
-0.32404487115919
-0.30998554075183
-0.31968671308663
-0.31286327872085
-0.3124489564012
-0.31390676415155
-0.32650138607353
-0.32766987016555
-0.3188590579278
-0.32750630985796
-0.30279427894661
-0.32766418771682
-0.32226976634525
-0.31908161134262
-0.32032282086938
-0.32523568569504
-0.32050831622441
-0.31284572629284
-0.29929130438896
-0.29901865542525
-0.30932763551029
-0.32072551710408
-0.32602247211175
-0.31910044970082
-0.32509035666819
-0.32600778868552
-0.31431671856071
-0.29817342765493
-0.29828796352107
-0.30731303934613
-0.3211035624692
-0.32262852773894
-0.31415968052656
-0.3231260937306
-0.32635251851173
-0.31467362399572
-0.32552987015055
-0.30518792257601
-0.32552338918471
-0.32036075724649
-0.3228746982761
-0.31674993618687
-0.31093402069925
-0.3080212212397
-0.30613013346633
-0.29783334006522
-0.297821162704
-0.31647920519916
-0.32437142664417
-0.31907616282663
-0.30017954328482
-0.32526367675862
-0.31577757426739
-0.32513599898683
-0.32333100379985
-0.32497086093627
-0.32412910295717
-0.31447723593777
-0.32133586732032
-0.32122047496716
-0.32168102921175
-0.32373880768461
-0.32414075409254
-0.31037990631973
-0.31236500366092
-0.31472370195083
-0.30068788642736
-0.30365534711991
-0.29555818108829
-0.32016790651837
-0.32404001103847
-0.30926052679958
-0.29349362086357
-0.3222312442365
-0.3216226925674
-0.32243121631292
-0.32251277054672
-0.32049017669857
-0.31574492856612
-0.30421367676048
-0.29214459625714
-0.31900936597646
-0.30656697911241
-0.30235841773318
-0.30093064457506
-0.31581499965127
-0.30588813231222
-0.31702642836017
-0.31799128569246
-0.32216032288937
-0.3217559919294
-0.30771965487181
-0.30813268548593
-0.31431231119733
-0.3191597832431
-0.31596440416181
-0.31850064572023
-0.31026126420343
-0.31107744104811
-0.32077750667866
-0.30678287908391
-0.3066687745265
-0.31687291105017
-0.31095926277063
-0.31687117092109
-0.3089033292908
-0.31594880107371
-0.31076023376887
-0.30641825845473
-0.31637080011049
-0.31313736194946
-0.30878546076639
-0.30621767098947
-0.31733644396542
-0.31739721902132
-0.31279393851944
-0.31646686868538
-0.30916034150686
-0.30429356775336
-0.30404396063325
-0.30308511364519
-0.30236139167011
-0.29816004352094
-0.3096081118382
-0.30806526304473
-0.31101569771962
-0.29788533758836
-0.31082047430129
-0.31060187608363
-0.30728567012237
-0.31343975813682
-0.31096635790282
-0.29395586296424
-0.29349776657814
-0.30787110554327
-0.31246696965533
-0.30862551252216
-0.30885091885703
-0.311396278145
-0.30852602192302
-0.30852128063503
-0.31553712433621
-0.31232336297568
-0.3139535235278
-0.30931345693982
-0.31128167245624
-0.31210014847235
-0.3101878579235
-0.30863038985995
-0.31050639734917
-0.31179504256177
-0.31370046544086
-0.30403498134277
-0.30747553274236
-0.30849079543886
-0.30873372086607
-0.30269161619146
-0.30737889046583
-0.30802259131194
-0.30053082457842
-0.29950401440125
-0.30460165877362
-0.29843082209982
-0.29476626241043
-0.29576169813523
-0.29339365325018
-0.29399226150696
-0.29271293135035
-0.29178156917247
-0.29107425690891
"n_300_d_10_tr_10_a_100x100_idx_1_p_mprt2"
-0.26845458783334
-0.26836109582352
-0.26820475587412
-0.26880379397804
-0.26881563065914
-0.26785214614936
-0.26878507903062
-0.26880065032666
-0.26959411472837
-0.26721221327915
-0.26852909996107
-0.26664530841145
-0.26759102722726
-0.26719978026078
-0.26570237914872
-0.26968991304722
-0.26675247217044
-0.26837599222209
-0.26863956456608
-0.26968681149262
-0.26977018815612
-0.2660510306115
-0.26984329587933
-0.26925091587278
-0.26863002691326
-0.26976794846349
-0.26996282662664
-0.26903242109234
-0.27012713271878
-0.26995164110353
-0.26988009066882
-0.27004752092526
-0.26996031993019
-0.27004912165913
-0.26812220229692
-0.26995191603304
-0.26659403130626
-0.26993482749217
-0.26620922748664
-0.27016026401788
-0.26925733340268
-0.27025175353247
-0.26677076944552
-0.26941312254478
-0.27021426212574
-0.26913866749504
-0.27029968078855
-0.269692396995
-0.26996550521309
-0.26773185907134
-0.27027172579893
-0.2704156944072
-0.27027246685634
-0.27015511117917
-0.2690463936003
-0.27005588106142
-0.2702388825745
-0.27019490823628
-0.26805590785526
-0.27023645075026
-0.26867444606536
-0.27006383964972
-0.26956373164532
-0.2688971291876
-0.26809430631379
-0.26628423339114
-0.27027173219768
-0.2703520800853
-0.26925609724591
-0.27022880371602
-0.27027425031221
-0.26762118818965
-0.26747521440053
-0.27002830456316
-0.26575596188906
-0.26984450011038
-0.27016766293927
-0.27027211759523
-0.26598858642118
-0.2696594161162
-0.26798624412294
-0.26936707475081
-0.26955528692634
-0.27035262792522
-0.26945307728905
-0.26578966451734
-0.26974125949955
-0.2703406400359
-0.26999609469046
-0.27028288685594
-0.27042723529464
-0.26484963632004
-0.27011503246665
-0.27009242779073
-0.26733539782388
-0.27013397155198
-0.27018770499332
-0.27025295428981
-0.26528013980964
-0.27027021787398
-0.26945794193943
-0.26953848181918
-0.27014941443806
-0.26385709970618
-0.2638477537055
-0.27027965599956
-0.27024270096386
-0.27034283605562
-0.26364896585033
-0.26389419620326
-0.26678043331479
-0.27016963637517
-0.2698286329761
-0.26872093411363
-0.27016284501766
-0.27028718516057
-0.26874411445268
-0.27032372889499
-0.26622244899751
-0.27024740800691
-0.26982476712469
-0.27030963856674
-0.26913735836139
-0.26788943231925
-0.26706118669262
-0.26650702833225
-0.26388503891162
-0.26404195582033
-0.26904714846106
-0.26997677739645
-0.26455870188277
-0.27024985632376
-0.26993170045106
-0.27015452959267
-0.27000241519465
-0.27004928379355
-0.2697537107256
-0.26966310611548
-0.26984792362904
-0.26978967929334
-0.27012872322488
-0.26779283992218
-0.26450684652364
-0.26560593897933
-0.26275931535386
-0.26942434673677
-0.26988619746511
-0.26195525830498
-0.2697416167391
-0.269847563648
-0.2699628234402
-0.2696736476282
-0.2696415476689
-0.26870800000753
-0.26563758583631
-0.26156851022477
-0.26917621893634
-0.26523668473707
-0.26452666091651
-0.26862198814879
-0.26917853775331
-0.26922426325656
-0.2697324622211
-0.26963951380505
-0.28133725427378
-0.268648188106
-0.26936121675354
-0.26847402425113
-0.26933090517675
-0.26778072972521
-0.26797054218857
-0.26975707087591
-0.26913459152518
-0.26803564912434
-0.26913296214618
-0.26881768408371
-0.26787041381112
-0.26903405361842
-0.26858825595131
-0.26715673264831
-0.26698964784551
-0.26911847289851
-0.2692123502461
-0.26924355953923
-0.26731693124836
-0.2682350079979
-0.26804272191007
-0.26723668217342
-0.26799565216805
-0.26698428122291
-0.26698585096535
-0.26881155297866
-0.26811032693817
-0.26858254456744
-0.26750394767728
-0.26797808968498
-0.26817341830393
-0.26753811309234
-0.26731677288526
-0.26780980072848
-0.26803159089171
-0.2683584510713
-0.26610207300524
-0.2670618714476
-0.26728338793443
-0.26753062392264
-0.26614873877807
-0.26700469945568
-0.2671923141956
-0.26520113514297
-0.26530252990415
-0.26658296729366
-0.2648389555824
-0.26382059280247
-0.26434350705566
-0.26343764869986
-0.26362585042483
-0.26300669997234
-0.26272424704304
-0.2626116424296
"n_450_d_15_tr_10_a_100x100_idx_2_p_abba2"
-0.258553472
-0.25875495008911
-0.24550311012071
-0.24550311003297
-0.24550311002271
-0.24550311020507
-0.24550311007027
-0.24550311001057
-0.24550311010982
-0.24581491797577
-0.24502106202745
-0.24550311005216
-0.24550311007846
-0.24550311003856
-0.24550311009218
-0.24453363802407
-0.24411072617951
-0.24411072618048
-0.24429530213474
-0.24411072613428
-0.24550311006524
-0.24581491790701
-0.24581491792078
-0.2458149179491
-0.24581491790562
-0.2448454459963
-0.24581491793906
-0.24581491787673
-0.24581491794099
-0.24411072608562
-0.24581491784865
-0.24484544593714
-0.24581491793737
-0.24581491791527
-0.24581491786823
-0.24411072631588
-0.24581491783871
-0.24357312604598
-0.24411072613267
-0.24411072626317
-0.24397990996792
-0.24427917393177
-0.24581491780086
-0.24581491779573
-0.24376845434722
-0.24533286987555
-0.24581491785727
-0.24581491778987
-0.24376845432899
-0.24581491780747
-0.24581491776699
-0.24581491786629
-0.24581491777551
-0.24376845421156
-0.24388493396508
-0.24442253400725
-0.24510707784886
-0.24344784247791
-0.24442253399357
-0.24550310982815
-0.24442253400553
-0.2458149177503
-0.24442253399949
-0.24397990992723
-0.24484544584759
-0.24344784244203
-0.24376845432863
-0.24376845418541
-0.24376845414533
-0.24442253395423
-0.24344784243633
-0.24376845432621
-0.24581491770657
-0.24442253390989
-0.24533286980755
-0.24581491773359
-0.24581491774449
-0.24388493401995
-0.24376845429666
-0.24344784242332
-0.24581491777078
-0.24376845408591
-0.25713677399542
-0.24442253392767
-0.24376845413318
-0.24376845417918
-0.24376845431049
-0.24388493393034
-0.24581491766465
-0.24388493394881
-0.24376845432116
-0.24442253401312
-0.24376845413734
-0.2444225338759
-0.24581491765252
-0.24581491774516
-0.2438849339562
-0.257020294094
-0.2458149176423
-0.24376845422174
-0.2437684540685
-0.24581491768407
-0.24550490181154
-0.24397990979814
-0.24376845408994
-0.24581491764427
-0.24432218199217
-0.24612672561175
-0.24397990978682
-0.24550310970672
-0.24612672563436
-0.2458149176589
-0.24612672560702
-0.2461267256139
-0.24388493398387
-0.24388493406089
-0.24408026201905
-0.24397990974618
-0.24388493395001
-0.24442253383303
-0.24442253389826
-0.24432218195263
-0.24581491766036
-0.24376845419583
-0.24612672556179
-0.24515725369451
-0.24408026205647
-0.24388493395244
-0.24442253378597
-0.24442253387003
-0.24376845411606
-0.24612672554701
-0.24408026205495
-0.24388493378969
-0.24419674177411
-0.24388493403069
-0.24612672554788
-0.24388493382532
-0.24388493397142
-0.24388493393243
-0.24612672561459
-0.2444225338847
-0.24376845409282
-0.24408026205291
-0.24442253380683
-0.24388493405136
-0.24408026192878
-0.24376845416362
-0.24612672549086
-0.24388493382746
-0.2461267254861
-0.24612672557443
-0.24388493393726
-0.24419674176655
-0.24376845411541
-0.24612672548988
-0.24442253383545
-0.24534899768442
-0.2438849339771
-0.24408026207215
-0.24429171767738
-0.24612672554579
-0.24376845412036
-0.25385472605305
-0.24429171767691
-0.24419674181744
-0.24783808606159
-0.24612672547957
-0.24388493393541
-0.24357312611755
-0.24408026188145
-0.24612672554274
-0.24473434171911
-0.24485798961674
-0.24473434173308
-0.24612672561283
-0.24419674179862
-0.24357312609859
-0.24408026185645
-0.24408026192401
-0.2461267254519
-0.24429171761126
-0.24408026193862
-0.24345664612615
-0.2461267254378
-0.24408026200153
-0.24429171760709
-0.24612672557763
-0.2456321336162
-0.24408026189899
-0.24612672546275
-0.24345664619068
-0.2450407736609
-0.25937856538599
-0.24419674171523
-0.24612672554114
-0.24345664611414
-0.24388493385814
-0.24612672548781
-0.24408026189266
-0.2461267254319
-0.2440802618116
-0.2593785653612
-0.24612672536352
-0.24408026189496
-0.24345664616796
-0.24612672538372
-0.24408026200766
-0.24376845405329
-0.24419674171282
-0.24612672543465
-0.24534899760055
-0.24563213358853
-0.24376845404859
-0.24357312597427
-0.24419674175186
-0.244291717612
-0.25110579817004
-0.24357312604692
-0.24439206982207
-0.24357312595649
-0.24612672549825
-0.24612672543107
-0.244392069787
-0.25643699817181
-0.24612672554086
-0.24376845411455
-0.24473434169181
-0.2443920698207
-0.24473434169966
-0.24504077362645
-0.24388493386345
-0.25560640615399
-0.24439206984779
-0.24534899757935
-0.24345664615754
-0.24612672543359
-0.25667264613773
-0.24446195756841
-0.243573126036
-0.24376845407472
-0.24419674168064
-0.2565964861054
-0.24439206972984
-0.2437684539708
-0.24419674171143
-0.24612672545776
-0.24419674164765
-0.24388493391289
-0.2478049340797
-0.24388493394281
-0.24473434164793
-0.24376845404848
-0.25617536618059
-0.24429171761869
-0.24429171758763
-0.24357312609061
-0.24388493380634
-0.24388493374218
-0.24473434162887
-0.24388493375724
-0.24388493391467
-0.2557184061637
-0.24388493397719
-0.24612672551695
-0.24473434162852
-0.24429171758586
-0.24376845400176
-0.24429171761357
-0.24388493389945
-0.24612672550604
-0.25526144616455
-0.2461267255015
-0.24376845404387
-0.24612672550821
-0.24612672550677
-0.24473434166864
-0.24504077359936
-0.24376845405179
-0.24612672554933
-0.24473434164572
-0.24473434166296
-0.24388493380178
-0.25457600616861
-0.24408026192716
-0.24473434165973
-0.25336461415738
-0.24408026191741
-0.24612672554977
-0.24408026190298
-0.24388493386735
-0.24612672557104
-0.25100365414801
-0.24408026188404
-0.24408026181688
-0.24408026191348
-0.24408026179649
-0.24408026183204
-0.24408026183317
-0.24408026179863
-0.24345485400634
-0.24376666184123
-0.24414835762623
-0.24357133366682
-0.24376666178168
-0.24376666177712
-0.24357133369205
-0.24357133373547
-0.24581312561284
-0.25639488620849
-0.24366630964513
-0.24345485412405
-0.24357133370735
-0.2437666619897
-0.24357133385368
-0.24345485406585
-0.24345485408777
-0.24383654963929
-0.24407846973768
-0.24581312562345
-0.24376666191526
-0.24581312562994
-0.24357133375521
-0.24314304615998
-0.24314304611343
-0.24314304622127
-0.24314304605417
-0.24345485400286
-0.24314304611255
-0.24314304616844
-0.24314304616083
-0.24345485391296
-0.24345485390885
-0.24314304618262
-0.24314304613508
-0.24345485388768
-0.24283123828881
-0.24314304617671
-0.2434548539691
-0.24283123832115
-0.24345485410728
-0.24314304617198
-0.24314304624246
-0.24345485381144
-0.24345485406613
-0.24345485407419
-0.24314304621324
-0.24345485408395
-0.24345485388528
-0.24345485400269
-0.24314304619846
-0.24345485373197
-0.24345485388218
-0.24345485397906
-0.24314304622397
-0.24283123833622
-0.24283123834271
-0.24345485403118
-0.2434548540654
-0.2434548539655
-0.24345485416738
-0.24345485414055
-0.24345485382162
-0.24345485393624
-0.24283123833731
-0.24345485415325
-0.24345485395227
-0.24345485382895
-0.24345485374203
-0.24345485409171
-0.24345485384702
-0.24441536568471
-0.24500672564804
-0.24345485388858
-0.24345485411207
-0.24345485384649
-0.24345485402602
-0.2434548539108
-0.24345485377666
-0.24325952585254
-0.24325952583255
-0.24325952584807
-0.24325952583978
-0.24325952585131
-0.24325952580899
-0.24325952577745
-0.24325952570986
-0.24375053364567
-0.2432595257673
-0.24325952584144
-0.24325952579667
-0.24325952574715
-0.24352474172185
-0.25650778172185
-0.24325952589706
-0.24325952584986
-0.24325952585476
-0.24325952585545
-0.24325952582431
-0.2432595258455
-0.24325594173397
-0.24325952580678
-0.24307494978173
-0.24325952588913
-0.2438042937372
-0.24400320573522
-0.24370394175844
-0.24314304576927
-0.24255526978573
-0.24227750980565
-0.24185638980804
-0.24314304581579
-0.24245312585074
-0.24227750986644
-0.24284378186805
-0.24284378189288
-0.24121306190297
-0.24130803790509
-0.24314304591432
-0.24314304592272
-0.24121306192204
-0.24245312592484
-0.24284378193596
-0.24314304594608
-0.2431430459531
-0.2412130619446
-0.24121306194269
-0.24121306195564
-0.24121306195824
-0.24121306196023
-0.2412130619649
-0.24284378196902
-0.24121306197019
-0.24121306197784
-0.24314304598974
-0.24314304599722
-0.24151949398281
-0.24121306198809
-0.24314304600414
-0.24121306199514
-0.24121306199714
-0.24151949399753
-0.24121306203331
-0.24121306203403
-0.2412130620348
-0.24121306204372
-0.24121306208432
-0.25446490208456
-0.24121306208777
-0.2412130621291
"n_450_d_15_tr_10_a_100x100_idx_2_p_flooding"
-0.3503077403745
-0.35044952250927
-0.3462402316218
-0.34678869597431
-0.34565122235586
-0.35085474763752
-0.35118058270785
-0.3514157515483
-0.35160329690252
-0.35089517874259
-0.34399091588801
-0.34421758446022
-0.34376985522781
-0.34600831731748
-0.34810130307192
-0.3517652256356
-0.3517773716231
-0.34588021988823
-0.35164479818524
-0.35022947898374
-0.3510269824612
-0.34986391330365
-0.35176678956423
-0.35233021607659
-0.35177210280457
-0.35142147254945
-0.3402547999571
-0.34489640783365
-0.34204271370161
-0.34323745369328
-0.33972077751454
-0.33998411378657
-0.34591509737164
-0.34767876337481
-0.3452818387721
-0.34348466177349
-0.35063522925964
-0.34298086834397
-0.33861320548639
-0.35139358118688
-0.33995072893044
-0.35232496600427
-0.35233024322062
-0.35023257940379
-0.35233009145218
-0.33739674732546
-0.34103588715549
-0.35233159538118
-0.33943741183293
-0.35082721894843
-0.35192055926849
-0.33561746342439
-0.3370383240732
-0.34110701489022
-0.34991516888638
-0.34650737956754
-0.35044671227392
-0.34511766328637
-0.35027817004998
-0.35077189691505
-0.33510271452378
-0.35081646583023
-0.33939829577262
-0.33558260177299
-0.34910083680303
-0.33707530584213
-0.33534776927859
-0.35234311546931
-0.34671307010225
-0.33375175249224
-0.33926971741065
-0.33972212780693
-0.35176848918539
-0.34957288494611
-0.33785902480621
-0.35047727451777
-0.33692153399092
-0.35191229358761
-0.34242898682833
-0.33311101100942
-0.34431653416704
-0.35234241006705
-0.33489443010877
-0.33119985286072
-0.35062596648661
-0.33812692114725
-0.33036376557009
-0.35233460785607
-0.35176100594382
-0.34357693545959
-0.35233143914382
-0.33588749798782
-0.33346436032143
-0.33649719106811
-0.35221239521118
-0.34770130544017
-0.35045486689919
-0.34970654360518
-0.34361047549495
-0.35234173716163
-0.34422160363685
-0.34394132977058
-0.33792516372327
-0.32780516107694
-0.34742355390073
-0.3266055505379
-0.35233528429561
-0.3281022539294
-0.32680363482825
-0.33576439260371
-0.33985849499446
-0.3260562919302
-0.32580757888182
-0.32950964283501
-0.34745297031762
-0.3520003940957
-0.35172032619664
-0.32522153438933
-0.32560162691373
-0.34848676698795
-0.3338320890434
-0.35200049464318
-0.34770336348986
-0.34929440511574
-0.35184730364735
-0.33748089035641
-0.32779301979294
-0.32929769263154
-0.32860436761289
-0.3255348647495
-0.32374353736554
-0.3309069565679
-0.32727996501396
-0.33143730834006
-0.35037638626348
-0.32218949468561
-0.34154033609605
-0.32977599231279
-0.33770522876579
-0.33467096164021
-0.32875388249644
-0.35061672168094
-0.32767522284133
-0.32393833275612
-0.34760712875448
-0.34964086568184
-0.3223086155139
-0.35166520077581
-0.32089933375448
-0.34726662918406
-0.33178987523216
-0.35166109847097
-0.32831174167885
-0.35166879014656
-0.33278259931499
-0.35064187899279
-0.35049901761131
-0.33761837533569
-0.32117956838305
-0.32564446151882
-0.34066774521774
-0.33187692553357
-0.32796937844656
-0.33702934314248
-0.35088454430731
-0.34969428104902
-0.32880050136887
-0.341156221514
-0.33595187497296
-0.32479263249119
-0.3295974590818
-0.33748297005283
-0.34956444120037
-0.34646452861477
-0.34969948537073
-0.35114541365526
-0.34098283754102
-0.3500009825499
-0.32016512814084
-0.35101225385869
-0.346075412936
-0.35113872281289
-0.31604503748923
-0.32366140599651
-0.35084471663685
-0.34190778709856
-0.33736630112222
-0.31576453882781
-0.34887398053318
-0.33383198469266
-0.33207876924339
-0.31687219026228
-0.31812826698154
-0.34943343832906
-0.34269810938129
-0.32734118277876
-0.34668443127465
-0.33035999130954
-0.31577438046123
-0.330957019083
-0.33015000644212
-0.32997011296614
-0.34125249275628
-0.32042549062981
-0.35025315037132
-0.3264897068058
-0.34259702756815
-0.34930363478498
-0.34785076047872
-0.34084604684346
-0.32204435936153
-0.34602280107833
-0.34367821948402
-0.33848627539653
-0.3268522985843
-0.31142291203112
-0.33317448869626
-0.33491375922893
-0.31285946846278
-0.32772031672428
-0.34695043072275
-0.33067938133655
-0.33878118517187
-0.34027277541693
-0.32618507994673
-0.310370520629
-0.34588130707975
-0.34046548835098
-0.34154943020907
-0.32944990190241
-0.33678652181535
-0.34131214284273
-0.31212750442388
-0.349760801452
-0.34841596378109
-0.34401546500576
-0.32849664202095
-0.34938008845163
-0.3466641505081
-0.30802993537558
-0.34612700957962
-0.32823197073652
-0.34627501225869
-0.34892186433938
-0.32483881994159
-0.33882531879935
-0.34258711904909
-0.34893768539502
-0.34438219330882
-0.30745166274213
-0.34652591243435
-0.34735722269482
-0.34548628335806
-0.3463502284798
-0.34120658967687
-0.30573597567919
-0.30556918792367
-0.34267957167809
-0.34607502560341
-0.34483607843151
-0.34846351788475
-0.3404042651942
-0.33283058449265
-0.32520623804229
-0.33972095837609
-0.3457490527823
-0.3332011470642
-0.32988560493356
-0.34575507565435
-0.32894481687823
-0.34487089253846
-0.32821164623484
-0.33832352886234
-0.33883208775479
-0.32485907085173
-0.34197871814473
-0.34495474796977
-0.34414083551516
-0.32729284589029
-0.33954092375485
-0.34046033447737
-0.34459461884124
-0.33760696111891
-0.32283741192452
-0.32958143492402
-0.33760769709606
-0.33746305520707
-0.34196938372326
-0.33208091990844
-0.32906227411642
-0.32804733702558
-0.31937471596243
-0.33802832829488
-0.32202992666209
-0.34165420550716
-0.34534341796889
-0.31872640778738
-0.337093961946
-0.319761417145
-0.33969751532796
-0.3201661986567
-0.32644461639943
-0.33795449898486
-0.32343060594244
-0.34035667329897
-0.34151547859861
-0.3224440261503
-0.34555567213882
-0.31915136158421
-0.32764813947393
-0.3281496680431
-0.34478686322869
-0.34491172090522
-0.33399398456598
-0.33688714400275
-0.32685728237905
-0.33291263476981
-0.33033329913731
-0.33596870092542
-0.34426342463358
-0.32685622508899
-0.340910729903
-0.34260289739059
-0.32510673964199
-0.34105336347929
-0.3251060180196
-0.32141650997477
-0.32164484222624
-0.3164179865341
-0.31665557995903
-0.34031775388708
-0.32280971997304
-0.32288327704568
-0.33746153886663
-0.33144706263047
-0.33285933915699
-0.33593020653451
-0.3314645600627
-0.32824669219809
-0.33220161033129
-0.33466167488495
-0.33780253724862
-0.33487119865746
-0.32351265019098
-0.33452692693881
-0.33520891601433
-0.33176560439305
-0.33183128104627
-0.31832637394975
-0.31665043808888
-0.33772260911073
-0.33501879800084
-0.33758806771548
-0.31943601584403
-0.31951944360569
-0.31740873153425
-0.3275666146238
-0.3398234917923
-0.33363860045436
-0.33481272066683
-0.32661088845385
-0.32935022803837
-0.33144179971508
-0.33478522293326
-0.33919815654978
-0.33449305047369
-0.31320709705427
-0.33053108788364
-0.33837618671861
-0.32853579771737
-0.3305338853012
-0.33553680796665
-0.33422933771378
-0.32906712180799
-0.31341534210766
-0.31430724841597
-0.33526519876511
-0.32972906454211
-0.33455820793767
-0.33261949845869
-0.32313362103414
-0.32913044664463
-0.33146894211647
-0.30964396680164
-0.33225098576074
-0.32524777809237
-0.33253274866683
-0.3198563251833
-0.32990732167804
-0.32871465684974
-0.33344273307337
-0.33363585048871
-0.33103666351017
-0.32637794929603
-0.33099899158329
-0.33167928754311
-0.31501239722496
-0.33104062406165
-0.32497011435099
-0.3306119031512
-0.32147089187913
-0.33042414497074
-0.32701292755551
-0.32933888252584
-0.32721661656267
-0.3287816482441
-0.32993466056796
-0.32845767808155
-0.3251238290297
-0.32803358995276
-0.31042492341567
-0.32688575831401
-0.32734780911401
-0.32712053116728
-0.32706128487345
-0.32701296372238
-0.32557577374442
-0.32655647968635
-0.31310211247315
-0.32584893570391
-0.32723177591362
-0.31003898473644
-0.3259308193993
-0.30844706934589
-0.31273919359866
-0.31023886267357
-0.31049308758822
-0.32413350347623
-0.32488351429359
-0.31128544312554
-0.32306980718665
-0.3228746537128
-0.3231973570518
-0.32153768343715
-0.32501285823506
-0.32191015633721
-0.30651211463251
-0.30486934638423
-0.30612782265902
-0.30558791312051
-0.32105033502723
-0.31855750560597
-0.31931074866056
-0.31756244142885
-0.32125895076239
-0.3112771252344
-0.31573353353012
-0.31127579215033
-0.3108487683612
-0.31242161959033
"n_450_d_15_tr_10_a_100x100_idx_2_p_mprt2"
-0.27463350947406
-0.27464370888173
-0.27428690978149
-0.27407695151469
-0.27393598232312
-0.27481185329209
-0.27467199164877
-0.27476454147223
-0.27485151359401
-0.27472947434354
-0.27354185822143
-0.27428209395487
-0.27402596090022
-0.27386552693718
-0.27423639439418
-0.2747057083555
-0.27478261108549
-0.27429670801426
-0.27467943730204
-0.27455309802595
-0.27482493100845
-0.27427984194342
-0.27468876239296
-0.27456449331289
-0.27461142291573
-0.27483876420183
-0.27339176181362
-0.27373765527302
-0.27329955090691
-0.27327711403076
-0.27335958550475
-0.27328721811162
-0.27437544865666
-0.27421045467961
-0.27367204515333
-0.27344092338233
-0.27438720502064
-0.27417134098067
-0.27290992408809
-0.27467969620068
-0.27355657883408
-0.27456682816185
-0.27464811877175
-0.27478540137716
-0.27464326056869
-0.27278295009638
-0.27361645116062
-0.27472151509296
-0.2735620171412
-0.27465165253892
-0.27462207882753
-0.27262226895874
-0.27310447096468
-0.27403610325607
-0.27427923524941
-0.27447634259959
-0.27414844259118
-0.27457119574951
-0.27421673721522
-0.27439666537519
-0.27259778802793
-0.27465289989635
-0.27380714344937
-0.27296706326397
-0.27465253534055
-0.27336420249591
-0.2728882383049
-0.27464493919005
-0.27448836661012
-0.27237581410943
-0.27382119483578
-0.27461311638566
-0.27425713605886
-0.27423029593527
-0.27462270240557
-0.27217925041605
-0.27464313778514
-0.27220632729078
-0.27430906104234
-0.27393112201017
-0.27200547459114
-0.27464424693726
-0.27453673774251
-0.27464598286448
-0.27345443033288
-0.27364194887983
-0.27464048830536
-0.2746123722374
-0.27423011844692
-0.27426309028916
-0.2742146435357
-0.27472471113247
-0.27439296313359
-0.27146320681105
-0.27150124146495
-0.27472648327878
-0.27151776598119
-0.27354112358764
-0.27414999282113
-0.27177919346939
-0.27181222819058
-0.27462998312868
-0.27469461949229
-0.27151344728481
-0.27143335757237
-0.27472988504438
-0.27470707228786
-0.27470043476353
-0.27462248287169
-0.27399314249548
-0.27244013244955
-0.27185172302723
-0.27097296928273
-0.27234693089909
-0.2727958365117
-0.27438620855979
-0.2705224351954
-0.27413491706854
-0.27392267175466
-0.27241447133898
-0.27480116026498
-0.2723680109074
-0.27145883434678
-0.27461809970074
-0.27088934741817
-0.27461896792315
-0.27039143276626
-0.27460140495443
-0.27289807740526
-0.27469202597512
-0.27462138102264
-0.27447874313504
-0.27439303087966
-0.2706234000377
-0.27195610140858
-0.27305819348
-0.27270816874296
-0.27381549999392
-0.27450174285614
-0.27419835996016
-0.27392938954611
-0.27201239609524
-0.27296142470515
-0.27383714341523
-0.27418440377131
-0.2742749199372
-0.27450996756913
-0.27429155052819
-0.27073824653667
-0.27442764084882
-0.2745584498418
-0.27451105074048
-0.26946891222666
-0.27181330005251
-0.27458281402127
-0.26963138509403
-0.27466532199492
-0.26969508651644
-0.27023718769095
-0.2745137489705
-0.27242495332736
-0.27434450675624
-0.26940524179495
-0.27116695937294
-0.27446981287088
-0.27403244318315
-0.27458817827238
-0.27446439003684
-0.27192913654193
-0.27240912542473
-0.26845875773626
-0.27359877632178
-0.26854872949062
-0.27371980861956
-0.27378063895856
-0.27262390858489
-0.26786470421308
-0.2742256120487
-0.27386820570157
-0.27391339651321
-0.2731324234151
-0.2682845772878
-0.27453044896969
-0.27463235382296
-0.27407872606436
-0.27301512518758
-0.27443275089115
-0.27441587663874
-0.26729003803131
-0.2730849107162
-0.2745586616299
-0.27379182767504
-0.27455972035015
-0.27425169360528
-0.2671085985199
-0.2745125703891
-0.27465569081381
-0.27420783217293
-0.27457924280183
-0.27390419377719
-0.26679670938272
-0.26678244997973
-0.27433073323638
-0.27424509886435
-0.27446323100837
-0.27439182344521
-0.27315323956371
-0.27431308030327
-0.27327337296455
-0.27378205648929
-0.27303776610088
-0.27405657310058
-0.27447657213436
-0.27452115341692
-0.27297096064843
-0.2737639767667
-0.27446066165195
-0.27366737855003
-0.27374412861787
-0.27365712996074
-0.27413021627859
-0.27318965122819
-0.27315174441746
-0.27359209553623
-0.27403581344294
-0.2742247631186
-0.27331724646856
-0.28587087975577
-0.27285100335512
-0.27266499615262
-0.27231261920504
-0.27416426691575
-0.27249924950507
-0.27436159066606
-0.27405516324694
-0.27353915930441
-0.27426282483106
-0.27387774199212
-0.27197865942433
-0.27205566901813
-0.27345150588074
-0.27329422886562
-0.27299407714497
-0.27327647252845
-0.27346124685704
-0.27336599678725
-0.27198185192673
-0.27334861448656
-0.2730866320277
-0.27308726093107
-0.2735042360903
-0.27152504407088
-0.27167930562302
-0.27146878483335
-0.27298135366442
-0.27248171395476
-0.272665416247
-0.27304580943141
-0.27276754360242
-0.27283840971244
-0.27246691050148
-0.27310435818663
-0.27255604437504
-0.27300542126403
-0.27273268433418
-0.27305118374605
-0.27259225992107
-0.27256264623769
-0.27285610413474
-0.27249379353013
-0.27239132273096
-0.27171672944994
-0.27265037824263
-0.27259712783946
-0.27252092737168
-0.27210275379416
-0.27043014432605
-0.27196330344796
-0.2717523592487
-0.27226854443051
-0.2720378068393
-0.27155148338323
-0.26917951048249
-0.27191882465874
-0.27160549076493
-0.27192603315632
-0.27166772074421
-0.27186296070693
-0.27149101699858
-0.26991062482674
-0.26883032749968
-0.26828743765327
-0.26956645671291
-0.26898535166027
-0.26907242424811
-0.26917542319155
-0.26754454390611
-0.26683827183405
-0.267373634336
-0.26734187723672
