"n_150_d_5_tr_10_a_100x100_idx_0_p_abba2"
-0.120496856268322
-0.24632593957499
0.000474731316667079
0.00397672958557004
"n_150_d_5_tr_10_a_100x100_idx_0_p_flooding"
-0.127331006958429
-0.287983398036364
0.00081284969507194
0.00525914552286245
"n_150_d_5_tr_10_a_100x100_idx_0_p_mprt2"
-0.139963218871962
-0.260646100031591
0.00209937121137729
0.00271516997248401
"n_300_d_10_tr_10_a_100x100_idx_1_p_abba2"
-0.120421498286128
-0.245743498969351
0.000398416917217541
0.00289376796439638
"n_300_d_10_tr_10_a_100x100_idx_1_p_flooding"
-0.130818565804015
-0.314229017474536
0.0013874873270578
0.00935300535867104
"n_300_d_10_tr_10_a_100x100_idx_1_p_mprt2"
-0.13724261505492
-0.26836220720947
0.0180511497817226
0.00221711691711994
"n_450_d_15_tr_10_a_100x100_idx_2_p_abba2"
-0.120422775623183
-0.244692275356518
0.000316847323542321
0.0027992383777921
"n_450_d_15_tr_10_a_100x100_idx_2_p_flooding"
-0.135516804415793
-0.335076776227179
0.00198345076127705
0.0118909379075659
"n_450_d_15_tr_10_a_100x100_idx_2_p_mprt2"
-0.139665939057663
-0.273142226106739
0.0187248318063619
0.00191999357861192
