"n_150_d_5_tr_10_a_100x100_idx_0_p_abba2"
-0.25797823999999
-0.25758362697429
-0.24458625084337
-0.24401997898786
-0.24433178702101
-0.24458625078867
-0.24458625076592
-0.24433178702591
-0.24458625084513
-0.24433178707596
-0.24433178704893
-0.2441884271133
-0.24520628281822
-0.24418842714815
-0.24489447498667
-0.24550017099482
-0.24398234684663
-0.25752628264562
-0.24398234683194
-0.24629761089395
-0.2460771949807
-0.24398234668622
-0.24489805859624
-0.24550017066465
-0.24489805860722
-0.24418842719324
-0.24398234658523
-0.24365620286173
-0.24334081096882
-0.24338202686812
-0.24365620278576
-0.24608436307091
-0.24520628257228
-0.2438766192808
-0.24582273115257
-0.24629761092529
-0.2453675631775
-0.24629761071195
-0.24604314711121
-0.25716340249676
-0.24479412323732
-0.24322612275245
-0.24629761093738
-0.25954945099167
-0.24629761086879
-0.25230260337528
-0.24276557876685
-0.24629761098756
-0.24629761092124
-0.243921419325
-0.2539019633543
-0.24604314719504
-0.2427655787136
-0.24629761109352
-0.24994164341272
-0.24629761108509
-0.2462976110204
-0.24599117880414
-0.24599117881573
-0.25528001139288
-0.24629761088609
-0.24599117883128
-0.24629761085559
-0.25396109870001
-0.25540813871419
-0.24276557874104
-0.24502439539468
-0.25601741873518
-0.24307738673122
-0.25601634902589
-0.24629761114432
-0.24529050731085
-0.24608436323848
-0.24502708334681
-0.24599117894487
-0.24543386731209
-0.24307738680262
-0.24599117896404
-0.24629761103597
-0.25571887697131
-0.24416513085789
-0.24629761122098
-0.24599117900498
-0.24629761105353
-0.245027083422
-0.24629761116
-0.24502708344784
-0.24599117908365
-0.2444769389147
-0.24268118111066
-0.24533172297419
-0.24416513090447
-0.24502708345251
-0.2450270834532
-0.24470434910256
-0.24947841091951
-0.24470434911772
-0.24629761126518
-0.24629761127157
-0.24629761130833
-0.24629761132781
-0.24533172312185
-0.24629761131454
-0.2450270834389
-0.24439254122013
-0.24447693904462
-0.24439254120164
-0.24447693903319
-0.24478874709448
-0.24533172316794
-0.2576443812795
-0.24439254134045
-0.24502708345249
-0.24447693915173
-0.25213684305514
-0.2451193710727
-0.24353972311895
-0.24353972312359
-0.24353972314295
-0.24385153118295
-0.24305409117535
-0.2441633392677
-0.24276020323397
-0.24416333930488
-0.24416333928762
-0.24276020325727
-0.24499841134506
-0.2447063153448
-0.24385153129903
-0.2441633393464
-0.24418305137525
-0.24385153135013
-0.24458625145484
-0.244163339383
-0.24376713347374
-0.24376713356133
-0.24380834963093
-0.24346070166127
-0.24375655549402
-0.24313455773319
-0.25609609379694
-0.24309334178502
-0.24252476689357
-0.25476412671537
-0.25350435074973
-0.25158063874846
-0.25571030260221
-0.24324225145518
-0.25623066749138
-0.2438515314088
