"n_150_d_5_tr_10_a_100x100_idx_0_p_mprt2"
-0.26352029829272
-0.26336373891632
-0.263438559103
-0.26344060714535
-0.2633662029989
-0.26343247675678
-0.2633592148983
-0.26336207971686
-0.2633627782882
-0.26344178883886
-0.2631832030775
-0.26300197570038
-0.2629869891714
-0.26343194196774
-0.26289982061807
-0.2628468839174
-0.26296514550286
-0.27667646488621
-0.26279670594232
-0.26318289312931
-0.26327388450598
-0.26335401290694
-0.26254046622308
-0.26342923872312
-0.2628150762413
-0.26334469907108
-0.2631848973924
-0.26233392251311
-0.26316970849309
-0.26326375195521
-0.26174906058737
-0.26232174843485
-0.26252901075038
-0.26291728527551
-0.26326606660348
-0.26131993759838
-0.26248116564261
-0.26240540743197
-0.2632666857963
-0.26334145719965
-0.26238855322051
-0.26170224440372
-0.26205726211578
-0.2621517301721
-0.26104739953985
-0.26254762081803
-0.26247488797
-0.26059642830306
-0.2622083896234
-0.2610596572644
-0.26265623554903
-0.26089366959729
-0.26055351880508
-0.26001850032084
-0.2627117807978
-0.25960764884114
-0.25992351404753
-0.25992851549522
-0.26063837086174
-0.26019710742127
-0.2623009652178
-0.26179035729154
-0.26020138395667
-0.26143420306094
-0.25921645891129
-0.26163675578049
-0.26049778528246
-0.26119897537846
-0.26106607719864
-0.26161270177587
-0.25900890754458
-0.25924195058101
-0.26075304579187
-0.27365246504246
-0.2588234038545
-0.25958418671522
-0.26190982118953
-0.25966625189279
-0.26048501356466
-0.25993311019805
-0.26169441941185
-0.25967239705437
-0.25934933439318
-0.26187532632068
-0.25949630666674
-0.2590791979626
-0.25924044092988
-0.25933710538663
-0.25862029794165
-0.25877539292963
-0.25992764040019
-0.26108545665663
-0.25867404156018
-0.26033777568469
-0.26159951174643
-0.25867384824156
-0.26019673471801
-0.25850834123008
-0.25845906666243
-0.25811525937105
-0.26156881569941
-0.25922450963521
-0.25808266372876
-0.25837457423351
-0.25736658707573
-0.25835599448686
-0.25980377635862
-0.26019055509992
-0.26112797909831
-0.25995087281395
-0.25905411209458
-0.2593128860691
-0.25953784316636
-0.25969057819888
-0.2598390139816
-0.25818688741712
-0.25974566081382
-0.25975000276112
-0.258767116485
-0.2586600455808
-0.25764128605338
-0.25876944818893
-0.25912668466824
-0.25781609858392
-0.25667397906722
-0.25933986969139
-0.25906926120849
-0.25938864878748
-0.2586803211326
-0.25884660993537
-0.25881920534457
-0.25809150735258
-0.25934310600993
-0.25863791028267
-0.2570184665707
-0.25703652837852
-0.25805517098064
-0.25894108573196
-0.25764165622807
-0.25879486964057
-0.25744450881389
-0.25650715644918
-0.258609290516
-0.25588669354202
-0.25816214327506
-0.25483068696667
-0.25522875454911
-0.2575692470639
-0.25617687712702
-0.25571545492056
