"n_450_d_15_tr_10_a_100x100_idx_2_p_mprt2"
-0.0085118744496111
-0.0511410134754987
-0.0511410134754987
-0.106311752327167
-0.114074577689935
-0.139665939057663
-0.153033370168774
-0.166400801279885
-0.179768232390996
-0.193135663502107
-0.206503094613218
-0.219870525724329
-0.233237956835439
-0.233770878293217
-0.233770878293217
-0.233770878293217
0.000391408144339697
0.00115000284554681
0.00115000284554681
0.00174736890292634
0.00199080637413563
0.0187248318063619
0.0281611129678971
0.037610896279421
0.0470660496773274
0.0565238783475846
0.0659832319048788
0.0754435367656507
0.0849044749394494
0.0852813673785647
0.0852813673785647
0.0852813673785647
