"n_150_d_5_tr_10_a_100x100_idx_0_p_abba2"
308.364772776006
308.364772776002
308.364772776002
308.364772776002
308.364772776002
308.364772776006
308.364772776002
308.364772776002
308.364772776002
308.364772776006
308.364772776006
308.364772776002
308.364772776002
308.364772776002
308.364772776006
308.364772776006
308.364772776002
308.364772776002
308.364772776002
308.364772776006
308.364772776006
308.364772776002
308.364772776002
308.364772776002
308.364772776006
308.364772776006
308.364772776002
308.364772776002
308.364772776006
308.364772776006
308.364772776006
308.364772776002
308.364772776002
308.364772776006
308.364772776006
308.364772776002
308.364772776002
308.364772776009
308.364772776002
308.364772776002
308.364772776009
308.364772776002
308.364772776009
308.364772776002
308.364772776002
308.364772776009
308.364772776002
308.364772776009
308.364772776002
308.364772776002
308.364772776009
308.364772776002
308.364772776009
308.364772776002
308.364772776002
308.364772776009
308.364772776002
308.364772776009
308.364772776002
308.364772776002
308.364772776009
308.364772776002
308.364772776009
308.364772776002
308.364772776002
308.364772776009
308.364772776002
308.364772776002
308.364772776002
308.364772776002
308.364772776009
308.364772776002
308.364772776002
308.364772776002
308.364772776002
308.364772776009
308.364772776002
308.364772776002
308.364772776009
308.364772776002
308.364772776009
308.364772776002
308.364772776002
308.364772776009
308.364772776002
308.364772776009
308.364772776002
308.364772776002
308.364772776009
308.364772776002
308.364772776009
308.364772776002
308.364772776002
308.364772776009
308.364772776002
308.364772776009
308.364772776002
308.364772776002
308.364772776009
308.364772776002
308.364772776009
308.364772776002
308.364772776002
308.364772776009
308.364772776002
308.364772776009
308.364772776002
308.364772776002
308.364772776009
308.364772776002
308.364772776009
308.364772776002
308.364772776002
308.364772776009
308.364772776002
308.364772776009
308.364772776009
308.364772776002
308.364772776009
308.364772776002
308.364772776009
308.364772776009
308.364772776002
308.364772776009
308.364772776002
308.364772776009
308.364772776009
308.364772776002
308.364772776009
308.364772776002
308.364772776009
308.364772776009
308.364772776002
308.364772776009
308.364772776002
308.364772776009
308.364772776009
308.364772776002
308.364772776009
308.364772776002
308.364772776009
308.364772776009
308.364772776002
308.364772776009
308.364772776002
308.364772776009
308.364772776009
308.364772776002
308.364772776009
308.364772776002
308.364772776009
308.364772776009
308.364772776002
308.364772776009
308.364772776009
308.364772776009
308.364772776009
308.364772776002
308.364772776009
308.364772776009
308.364772776009
308.364772776009
308.364772776002
308.364772776009
308.364772776009
308.364772776009
308.364772776009
308.364772776002
308.364772776009
308.364772776009
308.364772776009
308.364772776009
308.364772776002
308.364772776009
308.364772776009
308.364772776009
308.364772776009
308.364772776002
308.364772776009
308.364772776009
308.364772776009
308.364772776009
308.364772776002
308.364772776009
308.364772776009
308.364772776009
308.364772776009
308.364772776002
308.364772776009
308.364772776009
308.364772776009
308.364772776009
308.364772776002
308.364772776009
308.364772776009
308.364772776017
308.364772776002
308.364772776002
308.364772776002
308.364772776017
308.364772776017
