"n_300_d_10_tr_10_a_100x100_idx_1_p_mprt2"
0.224249525004439
0.224249525000886
0.224249525000886
0.224249525004439
0.224249525004439
0.224249525004439
0.224249525000886
0.224249525004439
0.224249525004439
0.224249525004439
0.224249525004439
0.224249525000886
0.224249525004439
0.224249525004439
0.224249525004439
0.224249525004439
0.224249525000886
0.224249525004439
0.224249525004439
0.224249525004439
0.224249525004439
0.224249525000886
0.224249525004439
0.224249525004439
0.224249525004439
0.224249525004439
0.224249525000886
0.224249525004439
0.224249525004439
0.224249525004439
0.224249525004439
0.224249525004439
0.224249525004439
0.224249525004439
0.224249525004439
0.224249525004439
0.224249525004439
0.224249525004439
0.224249525004439
0.224249525004439
0.224249525004439
0.224249525004439
0.224249525004439
0.224249525004439
0.224249525004439
0.224249525004439
0.224249525004439
0.224249525004439
0.224249525004439
0.224249525004439
0.224249525004439
0.224249525004439
0.224249525004439
0.224249525004439
0.224249525004439
0.224249525004439
0.224249525004439
0.224249525011544
0.224249525004439
0.224249525004439
0.224249525004439
0.224249525004439
0.224249525011544
0.224249525004439
0.224249525004439
0.224249525004439
0.224249525004439
0.224249525004439
0.224249525004439
0.224249525004439
0.224249525004439
0.224249525004439
0.224249525004439
0.224249525004439
0.224249525004439
0.224249525004439
0.224249525004439
0.224249525004439
0.224249525004439
0.224249525004439
0.224249525004439
0.224249525004439
0.224249525004439
0.224249525004439
0.224249525004439
0.224249525004439
0.224249525004439
0.224249525004439
0.224249525004439
0.224249525004439
0.224249525004439
0.224249525004439
0.224249525004439
0.224249525004439
0.224249525004439
0.224249525011544
0.224249525004439
0.224249525004439
0.224249525004439
0.224249525004439
0.224249525011544
0.224249525004439
0.224249525004439
0.224249525004439
0.224249525004439
0.224249525011544
0.224249525004439
0.224249525004439
0.224249525004439
0.224249525004439
0.224249525011544
0.224249525004439
0.224249525004439
0.224249525004439
0.224249525004439
0.224249525011544
0.224249525004439
0.224249525004439
0.224249525004439
0.224249525004439
0.224249525011544
0.224249525004439
0.224249525004439
0.224249525004439
0.224249525004439
0.224249525011544
0.224249525004439
0.224249525004439
0.224249525004439
0.224249525004439
0.224249525011544
0.224249525004439
0.224249525004439
0.224249525004439
0.224249525004439
0.224249525011544
0.224249525004439
0.224249525004439
0.224249525011544
0.224249525004439
0.224249525011544
0.224249525004439
0.224249525004439
0.224249525011544
0.224249525004439
0.224249525011544
0.224249525004439
0.224249525004439
0.224249525011544
0.224249525004439
0.224249525011544
0.224249525004439
0.224249525004439
0.224249525011544
0.224249525004439
0.224249525011544
0.224249525004439
0.224249525004439
0.224249525011544
0.224249525004439
0.224249525011544
0.224249525004439
0.224249525004439
0.224249525011544
0.224249525004439
0.224249525011544
0.224249525004439
0.224249525004439
0.224249525011544
0.224249525004439
0.224249525011544
0.224249525004439
0.224249525004439
0.224249525011544
0.224249525004439
0.224249525011544
0.224249525011544
0.224249525004439
0.224249525011544
0.224249525004439
0.224249525011544
0.224249525011544
0.224249525004439
0.224249525011544
0.224249525004439
0.224249525011544
0.224249525011544
0.224249525004439
0.224249525011544
0.224249525004439
0.224249525011544
0.224249525011544
0.224249525004439
0.224249525011544
0.224249525004439
0.224249525018649
0.224249525004439
0.224249525004439
0.224249525004439
0.224249525018649
0.224249525018649
