"n_492_d_0_tr_20_a_250x250_idx_0_p_abba2"
215
462
222
96
347
96
475
222
442
344
338
467
471
224
474
474
478
478
478
470
470
474
476
476
462
474
464
471
486
468
223
464
478
223
209
474
482
483
489
466
489
482
480
480
481
483
482
483
479
476
454
467
476
465
477
473
470
473
477
465
471
477
471
479
466
471
478
479
468
469
477
478
484
478
470
482
481
467
475
473
468
473
474
471
468
473
469
470
474
465
473
465
456
460
462
441
458
461
460
458
455
462
110
458
457
460
459
110
464
459
481
476
475
480
480
474
480
473
479
475
480
472
472
466
471
473
475
475
232
469
480
475
478
114
114
486
487
480
486
486
220
114
483
377
114
114
221
114
481
470
472
473
482
114
483
114
454
487
484
484
473
474
484
484
470
468
482
483
470
483
477
477
477
471
471
108
458
468
469
462
454
469
472
472
471
466
465
475
108
458
475
455
378
470
465
469
461
463
467
473
"n_492_d_0_tr_20_a_250x250_idx_0_p_flooding"
477
476
476
476
476
476
476
476
476
476
476
476
476
476
476
478
478
478
478
478
478
478
476
476
474
474
474
474
474
484
486
488
488
488
488
488
488
489
489
489
489
489
489
489
489
489
488
488
487
483
483
483
483
483
486
486
479
479
479
479
479
479
479
479
479
479
479
479
479
479
479
479
479
479
483
483
483
483
483
483
483
483
483
476
476
476
476
476
476
476
476
476
475
475
467
467
467
467
467
466
467
467
467
467
467
464
464
464
464
464
465
466
466
482
481
481
481
481
481
481
481
481
481
473
473
473
473
475
475
475
475
475
481
479
479
479
479
481
480
480
480
487
487
487
484
484
484
484
484
484
484
484
484
482
482
482
482
484
484
484
484
487
484
484
484
484
484
469
484
484
483
477
477
477
477
477
477
478
478
478
478
478
478
478
478
478
478
478
478
478
481
481
481
482
482
465
474
474
474
474
"n_492_d_0_tr_20_a_250x250_idx_0_p_fullyAdaptive"
476
476
475
476
476
476
475
476
476
478
475
478
478
478
478
478
477
478
476
476
476
476
476
476
483
486
486
486
488
488
487
487
488
488
488
489
489
489
489
489
489
484
484
483
483
483
483
483
483
483
476
476
475
476
479
479
479
479
479
479
479
479
478
479
479
479
479
479
486
486
486
486
486
486
483
483
483
476
476
476
474
476
476
476
476
476
476
476
476
475
475
467
467
467
466
467
467
467
467
467
445
467
464
464
464
464
465
465
465
466
482
482
481
481
480
481
481
481
481
481
481
479
479
473
473
475
475
475
475
475
475
475
480
478
478
478
478
480
477
484
484
484
483
484
468
484
484
469
484
484
484
482
482
482
484
484
484
484
484
483
484
484
484
484
484
483
482
482
482
484
477
477
477
477
477
478
467
478
478
478
478
478
478
478
478
478
478
478
478
478
481
482
482
482
480
463
480
475
480
479
"n_492_d_0_tr_20_a_250x250_idx_0_p_mprt2"
91
345
343
345
345
343
345
343
345
345
342
475
475
475
473
473
475
469
473
232
232
465
456
471
454
454
454
470
345
345
340
475
473
476
475
476
475
476
475
476
481
489
486
479
481
486
484
478
483
472
479
481
476
481
481
473
464
472
472
471
472
472
476
474
472
471
466
471
471
472
463
471
474
474
474
473
473
471
474
470
472
473
476
470
466
469
468
467
459
461
469
470
469
459
465
331
460
461
462
462
460
467
464
463
463
463
455
463
463
463
359
463
463
471
471
471
469
472
472
471
91
480
481
473
470
464
456
459
461
465
473
472
481
479
479
479
478
478
480
480
479
480
479
480
476
477
476
476
477
477
472
477
476
473
476
476
469
467
477
468
475
482
481
483
482
482
479
467
460
459
457
468
469
469
468
469
469
470
468
470
478
478
478
477
477
474
474
474
472
472
114
467
467
467
467
455
452
452
455
455
