"n_200_d_5_tr_10_a_112x112_idx_0_p_abba2"
-0.1671961603516
-0.16719616033913
-0.16719616030821
-0.16619264020302
-0.16719616028724
-0.16714240027271
-0.16615680035674
-0.16615680035704
-0.16717824013848
-0.16717824029795
-0.16619264035567
-0.16719616032176
-0.16721408029896
-0.16717824021252
-0.16619264035822
-0.16619264035657
-0.16717824027835
-0.16716064299813
-0.16714240012318
-0.16714240019872
-0.16717824025148
-0.16717824022248
-0.16714240015876
-0.166175042207
-0.16617472032422
-0.16717824030428
-0.16716032028884
-0.16717824027345
-0.16712480303428
-0.16619296363858
-0.16716032025908
-0.16619264030992
-0.16716032025039
-0.16619264031614
-0.16617472028602
-0.16717824028638
-0.16717824036522
-0.16716032033277
-0.16716032022914
-0.16719616021652
-0.16717824019022
-0.16714240028136
-0.1671603202393
-0.16617472022145
-0.16716032023847
-0.1671424002671
-0.16613888019759
-0.16717824025792
-0.16716032028947
-0.16712448012359
-0.16714240028261
-0.16615680030636
-0.16613888031024
-0.16714240023664
-0.1671424001672
-0.16613888024248
-0.16714240020374
-0.16615680026842
-0.16716032030298
-0.16714240021715
-0.16615680022685
-0.16712448015182
-0.16615680019637
-0.16716032023746
-0.16716032022039
-0.16717629077354
-0.16619069130611
-0.16615680027174
-0.16716032015108
-0.16719616031007
-0.16719616032155
-0.16717629001288
-0.16714240012529
-0.16620861137654
-0.16721213074814
-0.16721213012009
-0.16717824023174
-0.16719616032188
-0.16719616033527
-0.1671782402369
-0.16719616022284
-0.16719616021428
-0.1671782402293
-0.16716032028135
-0.16716032032436
-0.16721408020884
-0.1671603201198
-0.16716032025127
-0.16617472029793
-0.16714240017202
-0.16716032024494
-0.16714240019323
-0.16719616021378
-0.16714240018715
-0.16716032029536
-0.16716032024588
-0.16714240021259
-0.16719616018633
-0.1671961602132
-0.16716032023532
-0.16723200027832
-0.16619264031876
-0.16714240015242
-0.16619264032635
-0.16719616035868
-0.16712448006988
-0.16716032019004
-0.16714240023626
-0.16716032023079
-0.16615680021888
-0.16712448022514
-0.1671782403167
-0.16717824025701
-0.16716032022019
-0.16716032022945
-0.16714240020745
-0.16617472022046
-0.16712448019225
-0.16615680032474
-0.16716032020625
-0.16716032019707
-0.1671603202041
-0.16712448018345
-0.16714240016864
-0.16613888034122
-0.16613888034828
-0.1671244800716
-0.16716032015558
-0.16716032023875
-0.16719616033046
-0.16717824027148
-0.16621056028364
-0.16721408021197
-0.16719616031738
-0.16716032025873
-0.16716032012798
-0.16716032029007
-0.1661747202454
-0.16716032020251
-0.16712448017412
-0.16714240008748
-0.16714240006891
-0.16610304011746
-0.16610304028785
-0.1661030402368
-0.16610304017822
-0.16610304025336
-0.16610304012909
-0.16610304031934
-0.16610304021299
-0.16610304015193
-0.16610304028998
-0.16610304029912
-0.16610304008786
-0.1661030402877
-0.16610304007475
-0.16610304009491
-0.16610304026512
-0.16610304029462
-0.16610304030128
-0.16610304023625
-0.16610304036333
-0.16610304026216
-0.16610304008164
-0.16610304020948
-0.16610304030779
-0.1661030401087
-0.1661030402898
-0.1661030403434
-0.1661030400879
-0.16610304032123
-0.16610304027754
-0.16610304022005
-0.16610304030064
-0.16610304033396
-0.16610304023745
-0.16610304031753
-0.166103040363
-0.16610304028506
-0.1661030402531
-0.16610304028579
-0.16610304027732
-0.16610304017885
-0.16610304013223
-0.16610304024942
-0.16610304026028
-0.16610304021386
-0.16610304021812
-0.16610304021246
-0.1661030402263
-0.16610304026994
-0.16610304026716
-0.16610304013856
-0.16610304024342
-0.16610304022129
-0.16610304016661
-0.166103040263
-0.16610304020142
-0.16610304023982
-0.16610304030619
