"n_200_d_10_tr_10_a_79x79_idx_1_p_abba2"
-0.16717824021308
-0.16721408033305
-0.16719616031357
-0.16717824029536
-0.16717824025958
-0.16621056026344
-0.16622848029461
-0.16621056030751
-0.16717824017397
-0.16721408029422
-0.16622848025275
-0.16719616029371
-0.16619264033749
-0.16714240022871
-0.16714240025412
-0.16615680024995
-0.16717824031909
-0.16717824033927
-0.1662105602203
-0.16723200024855
-0.16717824030029
-0.16719616031472
-0.16721408035115
-0.167199994263
-0.1662323139198
-0.16724627483394
-0.16624640029108
-0.16724627484687
-0.16721408031604
-0.16622848034309
-0.16721408029939
-0.16717824031069
-0.16723200034478
-0.16626067472533
-0.16719616027113
-0.16719616033776
-0.16718207478079
-0.16619647449866
-0.16621439480506
-0.16619647486127
-0.16617855431542
-0.16621439477398
-0.16718207488365
-0.16621056030552
-0.1671961602501
-0.16619264028065
-0.16717824025428
-0.16619264030095
-0.16717824034713
-0.16724627488469
-0.1661926402712
-0.16627859487314
-0.16627859497466
-0.1672140802521
-0.16633235500142
-0.16728211462506
-0.16728576038104
-0.16730368038158
-0.16621056026884
-0.16714240027416
-0.16622848028757
-0.16721408030544
-0.16622848028758
-0.16715978955073
-0.16716032027358
-0.16714240026859
-0.16722835471886
-0.16721408029347
-0.16721408033692
-0.16726419500731
-0.1662785949258
-0.16628224035424
-0.16622848028077
-0.16629651501872
-0.16719616024022
-0.16619264024375
-0.16717824029252
-0.16717824032803
-0.16618827626536
-0.16618827614628
-0.16712448018002
-0.16624275491814
-0.16726419478803
-0.1672283549556
-0.16626067476439
-0.16722835493487
-0.16619264037607
-0.16619264037724
-0.16714240025956
-0.16721408030354
-0.16721408020658
-0.16624640029051
-0.16721408035473
-0.16624640030854
-0.16622848033907
-0.16721408029581
-0.16617472037564
-0.16617472037576
-0.16721408035828
-0.16624640033059
-0.1672140803354
-0.16716032030158
-0.16622848033279
-0.16721408032469
-0.16622848035494
-0.16624640033385
-0.1662284803262
-0.16719616033522
-0.16717387533439
-0.16719179600193
-0.16719616035963
-0.16712448022948
-0.16719616023818
-0.16717824029256
-0.16619264028913
-0.16624640023104
-0.16716032017827
-0.16719616022544
-0.16721408029959
-0.16622848039697
-0.16622848039811
-0.16723200035206
-0.16624640033052
-0.1662464003573
-0.16723200035506
-0.16714240023598
-0.16717824024583
-0.16721408022453
-0.16717824026721
-0.16624640021895
-0.16719616029618
-0.16617472036273
-0.16617472035896
-0.16716032030454
-0.16721408029938
-0.16717824030372
-0.16621056029707
-0.1671603202206
-0.16721408025668
-0.16716032031356
-0.16621056024629
-0.16717824032336
-0.16621056033171
-0.16621056032106
-0.16619264027574
-0.16717824022088
-0.16717824034491
-0.16619264035367
-0.16712448019793
-0.16717824032412
-0.16717824033546
-0.16619264027984
-0.16717824020781
-0.16717824028515
-0.1671782402556
-0.16617472029457
-0.16716032030042
-0.16622848028431
-0.16621056032025
-0.16617472034385
-0.16719616029493
-0.16621056030421
-0.16621056023962
-0.16621056033579
-0.16717824033135
-0.16617472035112
-0.16716032027321
-0.1671782402256
-0.16716032029461
-0.16717824032764
-0.16619264033553
-0.16619264028886
-0.16719616034528
-0.16717824026828
-0.16619264029772
-0.16716032034966
-0.16717824036604
-0.16717824021826
-0.16716032026014
-0.16716032028347
-0.16619264027126
-0.16717824032663
-0.16714240030984
-0.16714240024386
-0.16717824025205
-0.16619264028344
-0.16619264024712
-0.16716032027444
-0.16714240011502
-0.16617472034552
-0.16615680032914
-0.16712448014214
-0.1671603202185
-0.16714240019595
-0.16617472013857
-0.1671603202039
-0.16714240025514
-0.16714240012515
-0.16716032026878
-0.16712448012044
"n_200_d_10_tr_10_a_79x79_idx_1_p_cds3"
-0.1682534402039
-0.16825344013857
-0.16825344019595
-0.16821760025514
-0.16832512025205
-0.1685740530633
-0.16955644297145
-0.1686609182485
-0.16855339807188
-0.16955801386322
-0.16952107626522
-0.16984414317319
-0.16959493360229
-0.16952291555144
-0.16970351738896
-0.1695009669243
-0.16947200334123
-0.16832512024712
-0.16866319975351
-0.16866319982656
-0.16866483950156
-0.16850432022544
-0.16841472027984
-0.16957876094676
-0.16846607974263
-0.16857345620308
-0.16857345620307
-0.168593161164
-0.16964953021059
-0.16860639211652
-0.16837888027321
-0.16860639195652
-0.16945323937319
-0.16839680026828
-0.16837888033749
-0.16938240029371
-0.16844876826344
-0.16846668825958
-0.16836096030029
-0.16839680031472
-0.16850432112565
-0.16850252890125
-0.16846487165876
-0.16837888029461
-0.16949582781422
-0.1684935447718
-0.16841472032764
-0.16841472033553
-0.16844484517005
-0.16836096027444
-0.16955165537201
-0.16848733399488
-0.16842986285794
-0.16839680028065
-0.16842986307874
-0.16839680025428
-0.16839680034713
-0.16950506376782
-0.16947200073007
-0.16846415892934
-0.16956160086039
-0.16952576029618
-0.1685401618685
-0.16845056085795
-0.16848640238649
-0.16952576142354
-0.16857600301796
-0.1684438570396
-0.16936448097155
-0.16840801720968
-0.16959235397645
-0.16959235164552
-0.16945408198396
-0.1684474437239
-0.16941824060804
-0.16837888118979
-0.16842828737852
-0.1692748810439
-0.16941824061323
-0.16940032166
-0.16858883232929
-0.16855808246761
-0.16959383295913
-0.16966263097278
-0.1696332342668
-0.16873723379166
-0.16963055804694
-0.16825344018002
-0.16827136024995
-0.16945408030751
-0.16938240027358
-0.16957952028316
-0.1685532733578
-0.16855460067883
-0.1685532734523
-0.16843131383396
-0.16950651293068
-0.16857467305433
-0.16852091311233
-0.16848507297317
-0.16857467306731
-0.16848507313898
-0.16835748042912
-0.16938240262652
-0.16952576080265
-0.16843264045408
-0.1684864012132
-0.16848437840976
-0.16952261956329
-0.1684496885651
-0.16940032023598
-0.1694529308741
-0.16936448121524
-0.16941824319917
-0.16941962916391
-0.16934973850223
-0.16945262797034
-0.16836096028344
-0.16836096032663
-0.16952127108321
-0.16952576139365
-0.16943616028137
-0.16862815451282
-0.16966634923078
-0.1692569602185
-0.16821760012515
-0.16932864087226
-0.16923904026878
-0.16837888157856
-0.16936448248132
-0.16952575992696
-0.16947160800879
-0.16843201037349
-0.16868272138172
-0.16846705163316
-0.16859249198734
-0.16848640171815
-0.16873728331818
-0.1687731215077
-0.16876803427927
-0.16977155292625
-0.16976535539919
-0.16968195309046
-0.16882068345808
-0.16892820312135
-0.16882068230222
-0.16885172120464
-0.16887444291022
-0.16880276273993
-0.16887444334688
-0.16871936209386
-0.16836096096436
-0.16952489119318
-0.16936448093715
-0.16843264054783
-0.16834219975799
-0.1683421997521
-0.16839680030454
-0.16830635946989
-0.16845737025363
-0.16841432669196
-0.1694536854746
-0.16862976320119
-0.16945408140747
-0.1683251204246
-0.16938102908231
-0.16834304020781
-0.16836096034491
-0.16836096035367
-0.16836096028886
-0.16839680034528
-0.16828928032914
-0.16932864034552
-0.16931072030984
-0.16825344014214
-0.1683788806071
-0.16972208140563
-0.16819968011502
-0.16938240075588
-0.16821760025412
-0.16830720022871
-0.16948992126176
-0.16841472040178
-0.16841472034129
-0.16941824034385
-0.16948250845043
-0.16839680123331
-0.16852224038441
-0.16945408089902
-0.16945408432687
-0.16941153576408
-0.16943616140741
-0.16846711254256
-0.16861184201339
-0.16864631082276
-0.16830720024386
-0.16873728033692
-0.16952513050384
-0.16816384012044
-0.16827136022948
"n_200_d_10_tr_10_a_79x79_idx_1_p_flooding"
-0.1675635268636
-0.16755815080091
-0.16757427879944
-0.16754739800676
-0.16754381184197
-0.16754201975203
-0.16755994263402
-0.16752051503354
-0.16755814890108
-0.16754918938321
-0.1675653167289
-0.16755277346576
-0.16756531682597
-0.16758682306662
-0.16755277398438
-0.16754381380491
-0.16758682180654
-0.1675097641794
-0.1675653164891
-0.16755277316855
-0.16749363441694
-0.16749363620996
-0.16752230584655
-0.16749900985328
-0.16745420811502
-0.1674882586728
-0.16748288167714
-0.16749901036061
-0.16749900981963
-0.16750438599416
-0.16750438666142
-0.16749363528429
-0.1674990124268
-0.16751513927389
-0.16750976445637
-0.16748288187774
-0.16748288051057
-0.16746496261355
-0.16745958555698
-0.16751155336901
-0.16745958521506
-0.16746496128931
-0.16750438674567
-0.16751693105774
-0.16748646680856
-0.16751514002235
-0.16748646703754
-0.16748109070764
-0.16748108957321
-0.16748109015497
-0.16749184251079
-0.16750438808749
-0.16749901278732
-0.16749363391435
-0.16749900832142
-0.16750438858736
-0.16752768286279
-0.16750438789747
-0.16752051620516
-0.16751513877674
-0.16750976235241
-0.16752589357893
-0.16752051596489
-0.16751513881594
-0.16754381231743
-0.16752589138126
-0.16752051441743
-0.16752051475218
-0.16754918783962
-0.16752589321936
-0.16752230524752
-0.16751692990993
-0.16753664417106
-0.16749184213296
-0.16753664397756
-0.1674882571437
-0.16750976212382
-0.16751514038001
-0.16753664556375
-0.16750438689528
-0.16746317062652
-0.16751513842505
-0.16747033884511
-0.16748825661909
-0.16751514030391
-0.16750438763134
-0.16752589215004
-0.16750438589236
-0.16749901162877
-0.16750976501503
-0.16750438583299
-0.16750976341286
-0.16756531790778
-0.167515137903
-0.16754918810943
-0.16753843461989
-0.16755456488909
-0.16752051572518
-0.16752051522931
-0.16756352421626
-0.16752051440469
-0.16757069431186
-0.16757607028304
-0.1675312680794
-0.16755993981974
-0.16749901261269
-0.16750438637084
-0.1674936330456
-0.16751513889648
-0.1675043862387
-0.16749184249474
-0.16749184223366
-0.1675258939105
-0.16752589438094
-0.16750976361891
-0.16749363450704
-0.16755456273117
-0.1675043864698
-0.16754918913259
-0.16750438766724
-0.16749901028941
-0.16750438687457
-0.1674990117974
-0.16750976563549
-0.16751513964402
-0.16748108909224
-0.16751513963389
-0.16749901074487
-0.16752768273368
-0.16749901066161
-0.16749901037858
-0.16750438774622
-0.16749901021689
-0.16751513875384
-0.16752589183545
-0.16752589188259
-0.16753664567595
-0.167543813457
-0.16754381382396
-0.16745958470636
-0.16750259710848
-0.16750259686209
-0.16752051500943
-0.16748109159307
-0.1675205155231
-0.16752051579546
-0.16749721816218
-0.16751514052775
-0.16749184300398
-0.16750976452533
-0.16750438617457
-0.16753306002392
-0.16750976305817
-0.16753306007045
-0.16749901258324
-0.16752051543468
-0.16750438783322
-0.16750976482812
-0.16750976440896
-0.1674936335646
-0.16750438635687
-0.16753126858599
-0.16753664410035
-0.16748825742952
-0.16744166478918
-0.16749722008587
-0.16753306001158
-0.16748646699111
-0.16748109157984
-0.1675043867442
-0.16746496168524
-0.16750438738663
-0.16749363464566
-0.16749901201848
-0.16749363370983
-0.16749363359603
-0.16750438633636
-0.16747571464888
-0.1674757133798
-0.16749363424244
-0.16753305843569
-0.16749363488131
-0.16750438558935
-0.16750976261539
-0.16751513961912
-0.16749363497171
-0.16744704241926
-0.16749901200403
-0.16747033686577
-0.16749901150366
-0.16749363594
-0.16749363612249
-0.16745958613354
-0.16745420812515
-0.16748825766538
-0.16747750426878
-0.16751155356674
-0.16743091212044
-0.1674882586038
-0.16748825720645
"n_200_d_10_tr_10_a_79x79_idx_1_p_mprt2"
-0.16934560061124
-0.16924557217277
-0.16967296584108
-0.16889024978503
-0.17157805704829
-0.17256135493827
-0.17262908307238
-0.1729317711388
-0.17307158534521
-0.1719623595933
-0.17192200869681
-0.1734318689488
-0.17290697657015
-0.17190183590832
-0.17254790201589
-0.17181222544764
-0.17232910125309
-0.1716420645397
-0.17289568905361
-0.17320237330254
-0.1724963450998
-0.17206000347656
-0.17126773554942
-0.17321400199749
-0.17167253848975
-0.1732353747159
-0.17391898829613
-0.17361009021844
-0.17362518918247
-0.17332435761303
-0.1716009518429
-0.17342872476908
-0.17143970942105
-0.17265914404264
-0.17101157158906
-0.17189459461671
-0.17150144806689
-0.17092519928298
-0.17115182036704
-0.17099733918896
-0.17304488646202
-0.17227530428007
-0.17197655238301
-0.17115078461026
-0.17341251964463
-0.17251562078331
-0.17190140350741
-0.17249914296479
-0.17284426692396
-0.17093609936968
-0.17244964972381
-0.17251629727303
-0.17066596074968
-0.17143234644807
-0.17117013303944
-0.17112786911452
-0.17122534084147
-0.17327734375863
-0.17304223087385
-0.17144702927954
-0.17246522298813
-0.17160032804523
-0.17184202695838
-0.17241087928652
-0.17190484351599
-0.17270439177773
-0.17268649351899
-0.17311082541266
-0.17210763366886
-0.17186143847346
-0.17312074337424
-0.17370961947307
-0.17234794029987
-0.17248748756962
-0.17116180608931
-0.17027842265155
-0.17182667773266
-0.16915811328393
-0.1717558440951
-0.17168328412157
-0.17315141366002
-0.1726789843345
-0.17194718821979
-0.17292609636739
-0.17279352786823
-0.17390676611599
-0.17267320270314
-0.16904608348237
-0.16946855447746
-0.17195041526452
-0.17232440071307
-0.17315499338715
-0.17254381573836
-0.17264394453444
-0.17283343768258
-0.17179958671072
-0.17240894105499
-0.17205236795209
-0.17160462313177
-0.17227089230164
-0.17323984022058
-0.17177373550349
-0.17154487481744
-0.1722426966728
-0.1727303507467
-0.17095563517818
-0.1730883115461
-0.17378448703236
-0.17247154906646
-0.17254670755146
-0.17190277431485
-0.17172375156487
-0.17189541849959
-0.1714392795642
-0.17209394230529
-0.1706714508223
-0.17260980938104
-0.17125819156349
-0.17202737940688
-0.17133432601272
-0.1726732590876
-0.17248901031146
-0.17287480158426
-0.17262457724268
-0.16853406446074
-0.16798464017543
-0.16989304406831
-0.16820177936292
-0.17138367786072
-0.17218160132856
-0.1724509705954
-0.17319019221061
-0.17099678956352
-0.17317023559018
-0.17124240120009
-0.17310072870056
-0.17200101543543
-0.17333916373066
-0.17370228393551
-0.17255616434837
-0.17234692282283
-0.17293416254731
-0.1736394593197
-0.17307281197205
-0.1732245684697
-0.1731191481969
-0.17303824699258
-0.17364523750826
-0.17347966161556
-0.17406945727337
-0.17384257746442
-0.1720865330549
-0.17265284067751
-0.17090563131206
-0.17262354439942
-0.17250520380716
-0.17230583155318
-0.17236436272647
-0.17064002611905
-0.17205797817443
-0.17158116534746
-0.17301931376724
-0.17353387559682
-0.17302987175789
-0.17036991970199
-0.17129461936467
-0.16950646251608
-0.17097150745859
-0.17057512860522
-0.17196778043586
-0.17143667048444
-0.16969631153673
-0.17125380852524
-0.17074040937392
-0.16892211865444
-0.17171760751186
-0.17426535455078
-0.16858635575798
-0.17135272750819
-0.16945109017328
-0.16996145270114
-0.17251269610799
-0.17111579185375
-0.17111379321586
-0.17121734709224
-0.17275091224418
-0.17128995034043
-0.17233383787837
-0.17119323265728
-0.17291596027168
-0.17136974125482
-0.17249139167868
-0.17139986496401
-0.1731316330003
-0.17256815961052
-0.17058156639095
-0.17332313843206
-0.17242884642031
-0.16744345612044
-0.16982926249752
"n_200_d_15_tr_10_a_64x64_idx_2_p_abba2"
-0.16723200036992
-0.16723200035792
-0.16723200035516
-0.16622848033626
-0.16622848029371
-0.16626432033372
-0.1662464003176
-0.16719616031658
-0.16628224031612
-0.16624640032758
-0.16622848033036
-0.16724992027296
-0.16624640029023
-0.16624640028806
-0.16724992029342
-0.16723200029424
-0.1662105603047
-0.16716032024644
-0.16719616035632
-0.16719616031154
-0.16717824026511
-0.16615680032071
-0.16615680037649
-0.16615680036795
-0.16723200036422
-0.16719616033376
-0.16624640037652
-0.16619264035117
-0.16619264036846
-0.16619264028714
-0.16719616037049
-0.16719155806485
-0.16624179810192
-0.16620542470688
-0.16722739704938
-0.16625971838512
-0.16717824030722
-0.16719616035297
-0.16721408030894
-0.16722739721656
-0.16723200036486
-0.16624179820882
-0.16722739711292
-0.16625971721942
-0.16626004113062
-0.1662284803297
-0.16624640028931
-0.16719616032357
-0.16624179817811
-0.1662417982534
-0.16720947807081
-0.16624179769556
-0.16624179781615
-0.16723200030151
-0.16712448012866
-0.1662284803216
-0.16617472032154
-0.16622848030995
-0.1671603203667
-0.16621723910817
-0.16719616035035
-0.16619931892757
-0.16723200037831
-0.16621056032007
-0.16628224037516
-0.16626432032693
-0.16719616035024
-0.16719616035373
-0.166192640318
-0.1662464003078
-0.16622848031527
-0.16717824034402
-0.16619264036467
-0.16622848036078
-0.16624640033578
-0.16721408034204
-0.1662464003711
-0.16721408028739
-0.16723200033162
-0.16622848033922
-0.16624640032542
-0.16721408029555
-0.16622848028832
-0.16714240037044
-0.16617472037522
-0.16617472026903
-0.16617472035608
-0.16714240026738
-0.16617472035609
-0.16617472037211
-0.167196160303
-0.16719616027157
-0.1672140803073
-0.16719616028972
-0.16719616032561
-0.16721408032053
-0.16716032036352
-0.16617472036556
-0.16721408033184
-0.1661747203681
-0.16617472036143
-0.16716032025608
-0.167196160324
-0.16619264026012
-0.16626432029384
-0.16624640033018
-0.16719616033795
-0.1671961603635
-0.1671782403399
-0.16617472036242
-0.16617472033454
-0.16720626323888
-0.16719616029592
-0.16721408033959
-0.16626432036818
-0.16624640033964
-0.16626432027726
-0.16626432037579
-0.16615680036836
-0.16628224031838
-0.1661568003549
-0.16615680035613
-0.16621056034361
-0.16622848035939
-0.16712448033043
-0.16717824027474
-0.16619264035728
-0.16619264031023
-0.16622066272278
-0.16620274302024
-0.16621056032666
-0.16621056036011
-0.16719616033356
-0.166226282267
-0.16722980217535
-0.16622848032852
-0.16719616032988
-0.16621056032482
-0.167214080346
-0.16714240011078
-0.16717824033332
-0.16717824028251
-0.16618482368748
-0.16620274264232
-0.16720626288924
-0.1662027438167
-0.16619264030056
-0.16717824026901
-0.16621056030644
-0.16624420174568
-0.16624420165944
-0.16719616035304
-0.16621056033139
-0.16717824030848
-0.16721188174683
-0.16622848033125
-0.16619044093736
-0.16619264031019
-0.16716032030105
-0.16619264036337
-0.16717824034685
-0.16622628117036
-0.16622628070996
-0.16619044049558
-0.16716032017878
-0.16617472029644
-0.16714240030887
-0.16721408026255
-0.16716032032631
-0.16717824030402
-0.16717824031842
-0.1671782403443
-0.16621056037077
-0.16712448025612
-0.16615680027292
-0.16615680020059
-0.16624640035843
-0.16716032035734
-0.16619264035394
-0.16624640034686
-0.16716032032212
-0.16619264029227
-0.16621056032436
-0.16721408024418
-0.16717824028022
-0.16619264032319
-0.16615680024739
-0.16621056034472
-0.16621056034668
-0.1671603203417
-0.16716032034202
-0.16719616039025
-0.16619264037339
-0.16619264035407
-0.16619264025183
-0.16717824033443
-0.16716032031931
-0.16610304007542
-0.16610304017769
-0.166103040175
"n_200_d_15_tr_10_a_64x64_idx_2_p_cds3"
-0.16859392200428
-0.16954368069848
-0.16848640059619
-0.16853739413373
-0.16853739417336
-0.16966766101192
-0.1696973775513
-0.16860907617556
-0.1696126089803
-0.16950507327932
-0.16850393434475
-0.16853977503609
-0.16866419017075
-0.16861184157867
-0.16966793482232
-0.16869715079446
-0.16973705102014
-0.16864768167489
-0.16881753213684
-0.16892434437466
-0.16861184167269
-0.16990379788176
-0.16954368386851
-0.16948992053626
-0.16956018581621
-0.1688840911333
-0.16843172438154
-0.16855808049232
-0.16965384800208
-0.16849413114486
-0.168644601536
-0.16959475322312
-0.16877805261209
-0.16856501284495
-0.16973474503956
-0.16961536131421
-0.16862976489114
-0.16869304880339
-0.16976999960209
-0.16876472885537
-0.16981131803404
-0.16887990653433
-0.169769785928
-0.16891441660417
-0.16884283436942
-0.16887671552729
-0.16963211757006
-0.16882348716317
-0.16868219060286
-0.16886023694794
-0.16986158227567
-0.16969570850947
-0.16896533669465
-0.16892873785749
-0.1688921930519
-0.1688598121067
-0.1688978279939
-0.16979249606073
-0.16876558892874
-0.16882470720232
-0.16882470795936
-0.16875210999988
-0.16978351532519
-0.1697207056042
-0.16966901872808
-0.16932864054808
-0.16952569312207
-0.16854016082434
-0.16852224135687
-0.16854016037742
-0.16866560255268
-0.16871929540673
-0.16972281506309
-0.16875520276846
-0.16852224124913
-0.16852224175488
-0.16852224121939
-0.1685401626726
-0.16943609602006
-0.16862976262347
-0.16862859690061
-0.16851912056724
-0.16846848036143
-0.1683872679882
-0.16853063083232
-0.16850432095322
-0.1685401608415
-0.16964970495812
-0.16950784029644
-0.16870011110924
-0.16855808227891
-0.16870144138035
-0.16972224178762
-0.16950720188206
-0.16871786723902
-0.16873721412744
-0.16880889564226
-0.16877181868403
-0.16870081050042
-0.16878973947369
-0.16864768180775
-0.16970496036467
-0.16875520095684
-0.1685565878662
-0.16859392115876
-0.16848507058526
-0.16848640131182
-0.16859392034685
-0.1688599983104
-0.16877013608834
-0.16979157609932
-0.16873577465795
-0.16878751896038
-0.16991475107055
-0.16887916243714
-0.16871712322844
-0.16970348030678
-0.16880458871832
-0.16895833049742
-0.16974043803765
-0.16987295846448
-0.16886786472463
-0.16980994667096
-0.16864585481106
-0.16980948565762
-0.16864508148648
-0.1696512020071
-0.16869909520815
-0.16971878188855
-0.16871526349159
-0.16860673491898
-0.16869633500133
-0.16874892838875
-0.1696300225132
-0.16853856695573
-0.16867839800974
-0.1685360617853
-0.16855557568195
-0.16860716068326
-0.16943616216385
-0.16837888030105
-0.16966762425444
-0.16866560300508
-0.16861184284342
-0.1696512003297
-0.168611494677
-0.16864662434598
-0.1685760018541
-0.16961482301971
-0.16873435198855
-0.16988123267959
-0.16884187374894
-0.16963257201574
-0.16976814487806
-0.16880020632315
-0.16969505369024
-0.1686920089743
-0.1695788441092
-0.16866287209363
-0.16856814728459
-0.16872899849765
-0.16966639490561
-0.16871150754464
-0.16841472032071
-0.16841472037649
-0.16841472036795
-0.16973136935896
-0.16951790794323
-0.16874576942194
-0.16876369033472
-0.16854016033376
-0.16857600049564
-0.16850432032482
-0.16834304017878
-0.16836096024644
-0.16923904017769
-0.16819968007542
-0.168199680175
-0.16864637737623
-0.16841472037644
-0.16841472087907
-0.16920320120686
-0.1696094123759
-0.16965003593782
-0.1696332835248
-0.16859275817089
-0.1685389976137
-0.1696142118202
-0.16853768720741
-0.16945147897952
-0.16850432028022
-0.1683956528685
-0.16984545716887
-0.16846768255841
-0.16846748735574
-0.16848640026738
-0.16839680033043
-0.16830720020059
-0.16841472053012
-0.16816384012866
"n_200_d_15_tr_10_a_64x64_idx_2_p_flooding"
-0.16756889950956
-0.16757427636555
-0.16755814736281
-0.16755814831119
-0.16756889966511
-0.16755814897482
-0.1675688989954
-0.16753485287174
-0.16756352538264
-0.16756352299439
-0.16755277304642
-0.16752589370178
-0.1675796531047
-0.16750976458192
-0.1675097644474
-0.16756889923224
-0.16754739568598
-0.16755277167528
-0.16753664424726
-0.16751514147625
-0.1675420188336
-0.16758144468904
-0.16758144453127
-0.16754739516552
-0.16754202020882
-0.167586821787
-0.16759936555769
-0.16755814947852
-0.1675742776422
-0.16756352420954
-0.16756890066163
-0.16755994263348
-0.16757965427703
-0.16760474178595
-0.16759757221022
-0.16757606842036
-0.16754918694581
-0.16757069501026
-0.16754739530792
-0.1675706948034
-0.16753126911034
-0.16757248581709
-0.16748825684344
-0.16753305905595
-0.1675384341013
-0.16753843568487
-0.16753843411334
-0.16755456335204
-0.16754202074102
-0.1675653168365
-0.1675886139375
-0.16753843452529
-0.16752051550376
-0.16753843433099
-0.16755097992084
-0.1675043897801
-0.1675258926406
-0.16752051637088
-0.16750976303899
-0.16752051553916
-0.16752051552452
-0.16753664568984
-0.16755994127392
-0.16753126801606
-0.16754918808759
-0.16751513949847
-0.16753305743998
-0.16753843428053
-0.16753664544822
-0.16754201953493
-0.16754739641122
-0.16757606768716
-0.16759219656134
-0.1675581490436
-0.16751872457493
-0.16755456477903
-0.16755456488147
-0.16757606947284
-0.16756531731677
-0.16755456699004
-0.16754918961886
-0.16757069264127
-0.16753664469209
-0.16752051548206
-0.1675151394677
-0.16757069244363
-0.16753664465202
-0.16755456431527
-0.1675151407493
-0.16753664344379
-0.16757069206228
-0.16755994022096
-0.16754739662892
-0.16757069243942
-0.16750976120898
-0.16751693311056
-0.1675527722368
-0.16757606806622
-0.16752947656754
-0.16754202012076
-0.16750797138778
-0.16753126766029
-0.16750259644352
-0.16752589160842
-0.16748646552684
-0.16754739601726
-0.16753126737585
-0.16750797157162
-0.16751334817086
-0.16751872422128
-0.16752589077263
-0.16753843479376
-0.16753126844909
-0.16755814925808
-0.16757069260328
-0.16756710855942
-0.16756531868884
-0.16754919087395
-0.16753843659331
-0.16754919080758
-0.1675491916572
-0.16759219606064
-0.16755994131192
-0.16759398802532
-0.16755456522053
-0.16754739582454
-0.16756352439352
-0.16756890091348
-0.1675312677323
-0.16756531657988
-0.16755456672124
-0.16754381517608
-0.16754381289275
-0.1675545659967
-0.16755994086939
-0.16753305896959
-0.16755456447834
-0.16752410136257
-0.16750976445442
-0.16752768196462
-0.16753126878195
-0.16748109045922
-0.16753126884239
-0.16756531802942
-0.16756531881227
-0.16749901043311
-0.16749901012921
-0.16749901055403
-0.16755456468547
-0.16757786001925
-0.16755993936187
-0.16755635586779
-0.1675473971708
-0.16755994321957
-0.16755814937872
-0.1675635235208
-0.16754381152371
-0.16754918848849
-0.16754381284501
-0.1675205185858
-0.16755277119076
-0.16750797136592
-0.16753126862948
-0.1675402286412
-0.16754739604488
-0.16749721929431
-0.16749721952022
-0.16753126768805
-0.1675258910478
-0.16751513828018
-0.16747571316822
-0.16750976394895
-0.16751514159698
-0.16751693084252
-0.16753843685096
-0.16753306175676
-0.16752230557937
-0.16751155369761
-0.16751513980874
-0.16756710843658
-0.16747571316724
-0.16752051666479
-0.16752051625867
-0.16750438713155
-0.16754381055114
-0.16753305771202
-0.16752230548067
-0.16758323701635
-0.16757786016706
-0.16753843831207
-0.1675617306909
-0.16745420807542
-0.167454208175
-0.16745958550537
-0.16752230557348
-0.16756711031955
-0.16745420811078
-0.16747033655339
-0.1675043887074
-0.16743091212866
"n_200_d_15_tr_10_a_64x64_idx_2_p_mprt2"
-0.17282663265849
-0.17319220404761
-0.17190510989793
-0.17321031282287
-0.17299731522073
-0.17305110591277
-0.17325675927634
-0.17279903531063
-0.17172672999686
-0.17223773188186
-0.17200529481142
-0.17165802238798
-0.1732466497337
-0.17267995600988
-0.17286108911588
-0.17227971212082
-0.17324911707536
-0.17342337427182
-0.1728507256614
-0.17223709628718
-0.17220590090079
-0.17290905319772
-0.17316810001266
-0.17186273215263
-0.17239437479194
-0.17261461525622
-0.17085539873666
-0.17141003910318
-0.17264317088474
-0.17178860421891
-0.17290587244568
-0.17146874136746
-0.17254176020662
-0.17205603847852
-0.17263017502376
-0.17234448701132
-0.17334123540622
-0.17260558027226
-0.17213831977882
-0.17234325362956
-0.17291775788553
-0.17296531605507
-0.17222339109281
-0.17288834025688
-0.17345961639848
-0.17301799591045
-0.17310531254534
-0.17336810360599
-0.17251826189294
-0.17305545008454
-0.17430232546322
-0.17273559609852
-0.17403262333218
-0.17394017247646
-0.17350651784967
-0.17389843437998
-0.17423557055106
-0.17318446583882
-0.17337577777489
-0.17395630839222
-0.17317552219567
-0.17266672876763
-0.17311168128971
-0.17388842477455
-0.17329064958797
-0.17068754854582
-0.17222679373384
-0.17153823777798
-0.173245907736
-0.17264215209696
-0.17248953138488
-0.17252074020224
-0.17363433023586
-0.17247997033671
-0.17314038931576
-0.17303526948931
-0.17293794123794
-0.17342437615242
-0.17210078505102
-0.17321958586214
-0.1740174996675
-0.17309283086057
-0.17153888254825
-0.17135347918915
-0.17208056249966
-0.17209234269681
-0.17232515000866
-0.1732668236351
-0.17282950340327
-0.17226223194945
-0.17216810985552
-0.1720562740049
-0.17204248325826
-0.17210648533193
-0.17330741559691
-0.1723510752634
-0.17261150741075
-0.17395983268602
-0.17260680483148
-0.17316360650795
-0.17246909510482
-0.17222508269699
-0.1735927182111
-0.17256207911296
-0.17279674371733
-0.17276397231308
-0.17225661565735
-0.17268302357526
-0.17341290453252
-0.17235120651378
-0.17269271711522
-0.17221467435992
-0.17248064074003
-0.1727886993554
-0.17333661577763
-0.17280022914924
-0.17260372931797
-0.17279384806588
-0.17236357301498
-0.17381030405144
-0.1724132387371
-0.1725097369234
-0.17381095230783
-0.17247721550332
-0.17340450364514
-0.17214371987268
-0.17206059766434
-0.17247443619015
-0.17269715189788
-0.17259563369836
-0.17250416778889
-0.17287117663155
-0.17260720686449
-0.17238708461091
-0.17201811075634
-0.1729308132308
-0.17242663628257
-0.17296195990039
-0.17315350102762
-0.17271057063294
-0.1712069856716
-0.17207550873421
-0.17238533543776
-0.17273694635902
-0.17213350303803
-0.17223261165718
-0.17226196270001
-0.17229728737253
-0.17351090207599
-0.17209902728343
-0.1724440089476
-0.17241559416531
-0.17322693847176
-0.172239092387
-0.17304107459272
-0.17250376544059
-0.17233790085105
-0.17164898026013
-0.17140673385906
-0.17212100725982
-0.17188016326446
-0.17183587189281
-0.17217294923335
-0.17081588447419
-0.17081152493064
-0.17100419372202
-0.17301176072196
-0.17306443760649
-0.1724305629665
-0.17204688164027
-0.17252326662268
-0.17192674988435
-0.1716293202581
-0.17047647591131
-0.17137128671109
-0.17008371752288
-0.16790469530666
-0.1679057922655
-0.17194195467174
-0.17118565927752
-0.17159921456604
-0.16857237398473
-0.17353441479697
-0.17369272714913
-0.17301455734184
-0.17266741868726
-0.17241674607186
-0.1729968339554
-0.17258664236849
-0.17172444401851
-0.17164481014528
-0.17124028399202
-0.17339591254216
-0.17205909488958
-0.17255882395698
-0.17150394999814
-0.1715034809972
-0.1699919584729
-0.17238340070173
-0.16822835212866
"n_200_d_5_tr_10_a_112x112_idx_0_p_abba2"
-0.1671961603516
-0.16719616033913
-0.16719616030821
-0.16619264020302
-0.16719616028724
-0.16714240027271
-0.16615680035674
-0.16615680035704
-0.16717824013848
-0.16717824029795
-0.16619264035567
-0.16719616032176
-0.16721408029896
-0.16717824021252
-0.16619264035822
-0.16619264035657
-0.16717824027835
-0.16716064299813
-0.16714240012318
-0.16714240019872
-0.16717824025148
-0.16717824022248
-0.16714240015876
-0.166175042207
-0.16617472032422
-0.16717824030428
-0.16716032028884
-0.16717824027345
-0.16712480303428
-0.16619296363858
-0.16716032025908
-0.16619264030992
-0.16716032025039
-0.16619264031614
-0.16617472028602
-0.16717824028638
-0.16717824036522
-0.16716032033277
-0.16716032022914
-0.16719616021652
-0.16717824019022
-0.16714240028136
-0.1671603202393
-0.16617472022145
-0.16716032023847
-0.1671424002671
-0.16613888019759
-0.16717824025792
-0.16716032028947
-0.16712448012359
-0.16714240028261
-0.16615680030636
-0.16613888031024
-0.16714240023664
-0.1671424001672
-0.16613888024248
-0.16714240020374
-0.16615680026842
-0.16716032030298
-0.16714240021715
-0.16615680022685
-0.16712448015182
-0.16615680019637
-0.16716032023746
-0.16716032022039
-0.16717629077354
-0.16619069130611
-0.16615680027174
-0.16716032015108
-0.16719616031007
-0.16719616032155
-0.16717629001288
-0.16714240012529
-0.16620861137654
-0.16721213074814
-0.16721213012009
-0.16717824023174
-0.16719616032188
-0.16719616033527
-0.1671782402369
-0.16719616022284
-0.16719616021428
-0.1671782402293
-0.16716032028135
-0.16716032032436
-0.16721408020884
-0.1671603201198
-0.16716032025127
-0.16617472029793
-0.16714240017202
-0.16716032024494
-0.16714240019323
-0.16719616021378
-0.16714240018715
-0.16716032029536
-0.16716032024588
-0.16714240021259
-0.16719616018633
-0.1671961602132
-0.16716032023532
-0.16723200027832
-0.16619264031876
-0.16714240015242
-0.16619264032635
-0.16719616035868
-0.16712448006988
-0.16716032019004
-0.16714240023626
-0.16716032023079
-0.16615680021888
-0.16712448022514
-0.1671782403167
-0.16717824025701
-0.16716032022019
-0.16716032022945
-0.16714240020745
-0.16617472022046
-0.16712448019225
-0.16615680032474
-0.16716032020625
-0.16716032019707
-0.1671603202041
-0.16712448018345
-0.16714240016864
-0.16613888034122
-0.16613888034828
-0.1671244800716
-0.16716032015558
-0.16716032023875
-0.16719616033046
-0.16717824027148
-0.16621056028364
-0.16721408021197
-0.16719616031738
-0.16716032025873
-0.16716032012798
-0.16716032029007
-0.1661747202454
-0.16716032020251
-0.16712448017412
-0.16714240008748
-0.16714240006891
-0.16610304011746
-0.16610304028785
-0.1661030402368
-0.16610304017822
-0.16610304025336
-0.16610304012909
-0.16610304031934
-0.16610304021299
-0.16610304015193
-0.16610304028998
-0.16610304029912
-0.16610304008786
-0.1661030402877
-0.16610304007475
-0.16610304009491
-0.16610304026512
-0.16610304029462
-0.16610304030128
-0.16610304023625
-0.16610304036333
-0.16610304026216
-0.16610304008164
-0.16610304020948
-0.16610304030779
-0.1661030401087
-0.1661030402898
-0.1661030403434
-0.1661030400879
-0.16610304032123
-0.16610304027754
-0.16610304022005
-0.16610304030064
-0.16610304033396
-0.16610304023745
-0.16610304031753
-0.166103040363
-0.16610304028506
-0.1661030402531
-0.16610304028579
-0.16610304027732
-0.16610304017885
-0.16610304013223
-0.16610304024942
-0.16610304026028
-0.16610304021386
-0.16610304021812
-0.16610304021246
-0.1661030402263
-0.16610304026994
-0.16610304026716
-0.16610304013856
-0.16610304024342
-0.16610304022129
-0.16610304016661
-0.166103040263
-0.16610304020142
-0.16610304023982
-0.16610304030619
"n_200_d_5_tr_10_a_112x112_idx_0_p_cds3"
-0.16825344024248
-0.16821760019759
-0.16832052703645
-0.1682534401672
-0.1683609602671
-0.1683968024707
-0.16832512027271
-0.16941824492056
-0.16943616114297
-0.16832512035704
-0.16832512035674
-0.16839680408741
-0.16941824028724
-0.16832512032635
-0.16836096035868
-0.16825344023626
-0.16825344024588
-0.16825344029536
-0.16821760022514
-0.16825344021888
-0.16941824022248
-0.16936315042499
-0.1683954690125
-0.16929280161892
-0.16835962896503
-0.16931072050468
-0.16839680031614
-0.16834170888654
-0.16922112015876
-0.16931072013848
-0.16839586005569
-0.16832512030779
-0.16832512030064
-0.16832512026216
-0.16832512030619
-0.16832512026716
-0.16828928034122
-0.16828928034828
-0.16832460400434
-0.16927488033277
-0.16836096017822
-0.16836096015822
-0.16832512017217
-0.16839522233716
-0.16832512032188
-0.16835938236852
-0.16832512033527
-0.16828036692425
-0.16838640650907
-0.16818176018715
-0.16818176019323
-0.16818176015242
-0.16821518769352
-0.16825344023532
-0.1683227078896
-0.16818176018345
-0.16836096022914
-0.16832364022214
-0.16835948013558
-0.16828770244937
-0.16825344020544
-0.16832512021378
-0.16832512018633
-0.1682534401198
-0.16825344025127
-0.16825344029793
-0.16836096035567
-0.16943616032176
-0.16832512029795
-0.16846756421311
-0.16845757011958
-0.16818176015193
-0.1682534403434
-0.16821760028998
-0.16825344026994
-0.1681817600879
-0.16825344016661
-0.16818176015182
-0.16825344019637
-0.16814592007475
-0.16821760023745
-0.16825344025908
-0.16825344028638
-0.16828928036522
-0.16832512030428
-0.1683251202425
-0.16832512028364
-0.16836096031738
-0.16828928027148
-0.16832512033046
-0.16828928029007
-0.16839680021197
-0.16825344023875
-0.16828909604434
-0.16818176021299
-0.16835952439381
-0.16835952430386
-0.16839518037323
-0.1683249363605
-0.16828567155492
-0.16828928025792
-0.16828928019022
-0.16825344028947
-0.16832493610414
-0.16839661617576
-0.16825344013856
-0.16832512025336
-0.1681459200716
-0.16821760023079
-0.1682176002877
-0.16821760032123
-0.16821760020142
-0.16832193488446
-0.16821760020374
-0.16825344026842
-0.16821760030298
-0.16818176021259
-0.16814592006988
-0.16832512020884
-0.16823552028136
-0.1682713602393
-0.16827136022145
-0.16825344019225
-0.16836096022019
-0.16825344027732
-0.16821760021386
-0.16828928021812
-0.16814592011746
-0.16828928028579
-0.16828928033396
-0.1683251202531
-0.168325120363
-0.16832512036333
-0.16832512024342
-0.16825344030128
-0.16828928026028
-0.1683251202368
-0.1683609602898
-0.16821760023746
-0.16821760022039
-0.16821760015108
-0.1682892802132
-0.16828928025701
-0.1683595851908
-0.16825344022945
-0.16818176017202
-0.16832350036178
-0.16836096031934
-0.16821760021246
-0.16821760022129
-0.16828928024942
-0.16821760020251
-0.16818176008748
-0.16818176006891
-0.16821760012798
-0.1682534403167
-0.16821760020625
-0.16821760019707
-0.1682176002041
-0.16814592008786
-0.16825344026512
-0.16832450406291
-0.16821760013223
-0.16825344028135
-0.16828928032436
-0.16821760016864
-0.16825206525742
-0.16825344023174
-0.16828928022284
-0.16828928021428
-0.1682534402293
-0.16818176012529
-0.16821760020948
-0.16814592008164
-0.16834250309606
-0.16934656027835
-0.16839680032422
-0.16839680033644
-0.16842173003112
-0.16821760024494
-0.16821760015558
-0.16840472619711
-0.16832512028884
-0.16828928028692
-0.16825344021715
-0.16814592012909
-0.16828928025873
-0.16818176017412
-0.16828928023664
-0.16818176017885
-0.1681459201087
-0.16814592012359
-0.16825344019004
-0.16819968012318
-0.16814592009491
-0.16825344031024
-0.16825344030636
-0.16827674280815
-0.16827674280938
-0.16825344022685
"n_200_d_5_tr_10_a_112x112_idx_0_p_flooding"
-0.1675043873171
-0.16750438762492
-0.16750438902281
-0.16750976454062
-0.16750438881165
-0.16749363556884
-0.16747571301008
-0.16747033710124
-0.16745958559537
-0.16743091211746
-0.16748288214452
-0.16748646651665
-0.16749363329355
-0.16749363390592
-0.16749363363104
-0.16749363325355
-0.16749363312908
-0.16748825850394
-0.16748825859236
-0.1674936346553
-0.16748288047824
-0.16745958562087
-0.1674936336898
-0.16748288053136
-0.16749900882494
-0.16750438765631
-0.16749901006731
-0.16750438621926
-0.1674936343869
-0.16749900901134
-0.16749900959923
-0.16748825865702
-0.16749363337889
-0.16748288121936
-0.16746496083708
-0.16749363542996
-0.16749363522519
-0.16746496103295
-0.16746496058657
-0.16749363522912
-0.16748825771468
-0.16749901165324
-0.16749363339108
-0.167464963014
-0.16748288092736
-0.1674757143051
-0.16748108890622
-0.16745420815193
-0.1674595846019
-0.16750617732496
-0.1674936341144
-0.16745420817885
-0.16750438659374
-0.16746496071032
-0.16749363502905
-0.1675043875341
-0.16747571414296
-0.16743091212909
-0.16748825698212
-0.16749901018702
-0.16747750421246
-0.16745958478441
-0.16749363358302
-0.16749363504532
-0.16749363380582
-0.16749363543701
-0.1674882577051
-0.16745420821299
-0.16747033810437
-0.16749363567764
-0.16750976259248
-0.16750438602536
-0.1674936344478
-0.16746496310756
-0.16748288185214
-0.1674882589037
-0.16750080016748
-0.16748825921772
-0.1674882575227
-0.16748109088686
-0.16747033764247
-0.16746854892056
-0.16748646748601
-0.16747033803696
-0.16747033812642
-0.16749901254213
-0.16749901099404
-0.16749363512523
-0.16749901169372
-0.16746496055138
-0.1674828805806
-0.16748288055952
-0.16745958472354
-0.16746496149984
-0.16749901239718
-0.16749363563394
-0.16749901102024
-0.16749363391015
-0.16749901000442
-0.16749900992968
-0.16749363498753
-0.16747750428998
-0.16748288098194
-0.1674362883575
-0.16748288095381
-0.16749363502249
-0.1674990099919
-0.1674990096633
-0.1674828808336
-0.16748825706227
-0.16749363431119
-0.16746496161892
-0.16748288050468
-0.16745420818715
-0.16745420819323
-0.16745420815242
-0.16746496404134
-0.16745958633713
-0.16745958701323
-0.16745958488938
-0.16748288054426
-0.16745958436174
-0.16743091208786
-0.16748288260939
-0.167488258144
-0.16743091212359
-0.16751155450874
-0.16749363419626
-0.16749363331841
-0.16747033666616
-0.16748288052276
-0.16748825750524
-0.1674990113156
-0.16747750423079
-0.1674309120716
-0.16749363470734
-0.1674882573666
-0.16746496139667
-0.16749363388836
-0.16750438515749
-0.16749901151314
-0.16747750415558
-0.16749900903907
-0.1674595842672
-0.16748825689741
-0.16748288125342
-0.16743628851078
-0.16749363456315
-0.1674595857585
-0.1674775042877
-0.16747750432123
-0.16743091207475
-0.16748825802425
-0.16748288109573
-0.16748825801631
-0.16743091209491
-0.16745958498463
-0.16745958424702
-0.16745958462539
-0.16745420812529
-0.16746496224166
-0.16745958476508
-0.16745420821259
-0.16743091206988
-0.16749363498788
-0.16746496356077
-0.16745420815876
-0.16746496062793
-0.16745420817412
-0.16748288106156
-0.16745958488937
-0.16745420818345
-0.16746496217367
-0.16748825914916
-0.16747033952666
-0.16747750423746
-0.16747750422039
-0.16747033707555
-0.16743091208164
-0.16747750420948
-0.16745420808748
-0.16745420806891
-0.16748288042016
-0.16748825865421
-0.16747033822199
-0.16745420817202
-0.16745420815182
-0.1674309121087
-0.16744166517694
-0.1674828809981
-0.16748825749252
-0.16746496117212
-0.16745958598082
-0.16748825826236
-0.16745958503952
-0.16748288117274
-0.16748288039673
-0.16746496169901
-0.16748288099249
-0.16748288078035
"n_200_d_5_tr_10_a_112x112_idx_0_p_mprt2"
-0.17018681878612
-0.16895222745775
-0.17133775186576
-0.17006927029074
-0.17176215565313
-0.170564050468
-0.16993664110825
-0.17190781725056
-0.17071738935022
-0.1701447173142
-0.17023762606392
-0.17077977687772
-0.17187551945872
-0.1700476019856
-0.17136910485507
-0.16915137150748
-0.16969818930593
-0.17068051420682
-0.16890602415185
-0.16944193897872
-0.1718630674468
-0.17190823700944
-0.17092274378821
-0.17035201712735
-0.17106523306591
-0.16928939056118
-0.17122322499426
-0.17184381993842
-0.16813014339777
-0.1709011699383
-0.17170097097579
-0.17062665194215
-0.17061110225482
-0.17031879571874
-0.17031349745736
-0.17150480005129
-0.17058728308554
-0.17038937026734
-0.17160596681916
-0.17035470610853
-0.17132887174869
-0.17170471267918
-0.17093184977795
-0.17114919550773
-0.17137176636509
-0.17189878691586
-0.17127773909734
-0.17019350968353
-0.17263954073931
-0.1688071682453
-0.16880896025544
-0.16902041617584
-0.16847340841424
-0.16959425579658
-0.17094736934652
-0.16822820098176
-0.17186430524606
-0.17172530727481
-0.17203207315234
-0.17052076270562
-0.16982195714738
-0.17180748260566
-0.17091830498789
-0.16946353122238
-0.16946897615024
-0.16936583100873
-0.17107221181941
-0.1729798957792
-0.17020767385494
-0.17237838091051
-0.17224743258022
-0.16925667973257
-0.16983488990704
-0.1685680541307
-0.1699054890173
-0.16801302874995
-0.17014837948651
-0.16824568758102
-0.17036772068856
-0.16746854407475
-0.16966060827649
-0.17059393066053
-0.16939565680354
-0.17045606894705
-0.17132727040449
-0.17131203356092
-0.17111680122394
-0.17109398072778
-0.17016107498224
-0.17159510089632
-0.17116700192887
-0.17232285912714
-0.16968979923445
-0.17147195821431
-0.16958113342518
-0.17119484209251
-0.17120016777997
-0.17244191871722
-0.17115510498182
-0.17121242385317
-0.17028713476788
-0.1709131969883
-0.16915660843438
-0.17083531456131
-0.17153108807798
-0.1694869851441
-0.17149688508172
-0.1674685440716
-0.16967178753484
-0.16949750730944
-0.16861329852289
-0.16969249550669
-0.17160737757411
-0.16878443819688
-0.1698912265752
-0.16946590221962
-0.16901504030774
-0.16735744006988
-0.17106057636483
-0.16869188601254
-0.16925410388855
-0.17012913745162
-0.16927342183686
-0.17188555077448
-0.16970577212212
-0.16870160010874
-0.17059342155374
-0.16746854411746
-0.17012705308792
-0.1696997549634
-0.17087472504751
-0.17097439670472
-0.17107624447288
-0.17088338273438
-0.16995571333132
-0.17150626218536
-0.17174743922701
-0.17177167607996
-0.16827165816237
-0.16925602711136
-0.16934387052471
-0.17027040506085
-0.17076165849847
-0.17196987964304
-0.16949912493032
-0.16913263407889
-0.17135936504106
-0.17100822250307
-0.16909525106438
-0.16899819220264
-0.16992959887518
-0.16933711584516
-0.16789324810759
-0.16789324806994
-0.17004290503874
-0.16977617787857
-0.16864906711405
-0.1686542148622
-0.16865664027773
-0.16757248008786
-0.16991314181584
-0.17181711724542
-0.16882062234784
-0.16962654227488
-0.17104896276033
-0.17003847902052
-0.17059060627204
-0.17014519348677
-0.17068502882657
-0.17002832801194
-0.1692549243032
-0.16893402924132
-0.16956981769018
-0.16746675208164
-0.17100872387905
-0.17056755686537
-0.17244257180034
-0.17227198552358
-0.17241275637004
-0.16889641429497
-0.16992078028172
-0.17113766906296
-0.17105932064025
-0.17010507587196
-0.17059997554846
-0.16766745612909
-0.17108389163081
-0.16915917541528
-0.17114440340526
-0.16845007011342
-0.1674685441087
-0.16768896012359
-0.1696071622392
-0.16867708100943
-0.16780185609491
-0.16926835376251
-0.17025059896555
-0.17012325163385
-0.1709402629566
-0.16957400338189
