"n_200_d_10_tr_10_a_79x79_idx_1_p_flooding"
-0.1675635268636
-0.16755815080091
-0.16757427879944
-0.16754739800676
-0.16754381184197
-0.16754201975203
-0.16755994263402
-0.16752051503354
-0.16755814890108
-0.16754918938321
-0.1675653167289
-0.16755277346576
-0.16756531682597
-0.16758682306662
-0.16755277398438
-0.16754381380491
-0.16758682180654
-0.1675097641794
-0.1675653164891
-0.16755277316855
-0.16749363441694
-0.16749363620996
-0.16752230584655
-0.16749900985328
-0.16745420811502
-0.1674882586728
-0.16748288167714
-0.16749901036061
-0.16749900981963
-0.16750438599416
-0.16750438666142
-0.16749363528429
-0.1674990124268
-0.16751513927389
-0.16750976445637
-0.16748288187774
-0.16748288051057
-0.16746496261355
-0.16745958555698
-0.16751155336901
-0.16745958521506
-0.16746496128931
-0.16750438674567
-0.16751693105774
-0.16748646680856
-0.16751514002235
-0.16748646703754
-0.16748109070764
-0.16748108957321
-0.16748109015497
-0.16749184251079
-0.16750438808749
-0.16749901278732
-0.16749363391435
-0.16749900832142
-0.16750438858736
-0.16752768286279
-0.16750438789747
-0.16752051620516
-0.16751513877674
-0.16750976235241
-0.16752589357893
-0.16752051596489
-0.16751513881594
-0.16754381231743
-0.16752589138126
-0.16752051441743
-0.16752051475218
-0.16754918783962
-0.16752589321936
-0.16752230524752
-0.16751692990993
-0.16753664417106
-0.16749184213296
-0.16753664397756
-0.1674882571437
-0.16750976212382
-0.16751514038001
-0.16753664556375
-0.16750438689528
-0.16746317062652
-0.16751513842505
-0.16747033884511
-0.16748825661909
-0.16751514030391
-0.16750438763134
-0.16752589215004
-0.16750438589236
-0.16749901162877
-0.16750976501503
-0.16750438583299
-0.16750976341286
-0.16756531790778
-0.167515137903
-0.16754918810943
-0.16753843461989
-0.16755456488909
-0.16752051572518
-0.16752051522931
-0.16756352421626
-0.16752051440469
-0.16757069431186
-0.16757607028304
-0.1675312680794
-0.16755993981974
-0.16749901261269
-0.16750438637084
-0.1674936330456
-0.16751513889648
-0.1675043862387
-0.16749184249474
-0.16749184223366
-0.1675258939105
-0.16752589438094
-0.16750976361891
-0.16749363450704
-0.16755456273117
-0.1675043864698
-0.16754918913259
-0.16750438766724
-0.16749901028941
-0.16750438687457
-0.1674990117974
-0.16750976563549
-0.16751513964402
-0.16748108909224
-0.16751513963389
-0.16749901074487
-0.16752768273368
-0.16749901066161
-0.16749901037858
-0.16750438774622
-0.16749901021689
-0.16751513875384
-0.16752589183545
-0.16752589188259
-0.16753664567595
-0.167543813457
-0.16754381382396
-0.16745958470636
-0.16750259710848
-0.16750259686209
-0.16752051500943
-0.16748109159307
-0.1675205155231
-0.16752051579546
-0.16749721816218
-0.16751514052775
-0.16749184300398
-0.16750976452533
-0.16750438617457
-0.16753306002392
-0.16750976305817
-0.16753306007045
-0.16749901258324
-0.16752051543468
-0.16750438783322
-0.16750976482812
-0.16750976440896
-0.1674936335646
-0.16750438635687
-0.16753126858599
-0.16753664410035
-0.16748825742952
-0.16744166478918
-0.16749722008587
-0.16753306001158
-0.16748646699111
-0.16748109157984
-0.1675043867442
-0.16746496168524
-0.16750438738663
-0.16749363464566
-0.16749901201848
-0.16749363370983
-0.16749363359603
-0.16750438633636
-0.16747571464888
-0.1674757133798
-0.16749363424244
-0.16753305843569
-0.16749363488131
-0.16750438558935
-0.16750976261539
-0.16751513961912
-0.16749363497171
-0.16744704241926
-0.16749901200403
-0.16747033686577
-0.16749901150366
-0.16749363594
-0.16749363612249
-0.16745958613354
-0.16745420812515
-0.16748825766538
-0.16747750426878
-0.16751155356674
-0.16743091212044
-0.1674882586038
-0.16748825720645
