"n_200_d_5_tr_10_a_112x112_idx_0_p_flooding"
-0.1675043873171
-0.16750438762492
-0.16750438902281
-0.16750976454062
-0.16750438881165
-0.16749363556884
-0.16747571301008
-0.16747033710124
-0.16745958559537
-0.16743091211746
-0.16748288214452
-0.16748646651665
-0.16749363329355
-0.16749363390592
-0.16749363363104
-0.16749363325355
-0.16749363312908
-0.16748825850394
-0.16748825859236
-0.1674936346553
-0.16748288047824
-0.16745958562087
-0.1674936336898
-0.16748288053136
-0.16749900882494
-0.16750438765631
-0.16749901006731
-0.16750438621926
-0.1674936343869
-0.16749900901134
-0.16749900959923
-0.16748825865702
-0.16749363337889
-0.16748288121936
-0.16746496083708
-0.16749363542996
-0.16749363522519
-0.16746496103295
-0.16746496058657
-0.16749363522912
-0.16748825771468
-0.16749901165324
-0.16749363339108
-0.167464963014
-0.16748288092736
-0.1674757143051
-0.16748108890622
-0.16745420815193
-0.1674595846019
-0.16750617732496
-0.1674936341144
-0.16745420817885
-0.16750438659374
-0.16746496071032
-0.16749363502905
-0.1675043875341
-0.16747571414296
-0.16743091212909
-0.16748825698212
-0.16749901018702
-0.16747750421246
-0.16745958478441
-0.16749363358302
-0.16749363504532
-0.16749363380582
-0.16749363543701
-0.1674882577051
-0.16745420821299
-0.16747033810437
-0.16749363567764
-0.16750976259248
-0.16750438602536
-0.1674936344478
-0.16746496310756
-0.16748288185214
-0.1674882589037
-0.16750080016748
-0.16748825921772
-0.1674882575227
-0.16748109088686
-0.16747033764247
-0.16746854892056
-0.16748646748601
-0.16747033803696
-0.16747033812642
-0.16749901254213
-0.16749901099404
-0.16749363512523
-0.16749901169372
-0.16746496055138
-0.1674828805806
-0.16748288055952
-0.16745958472354
-0.16746496149984
-0.16749901239718
-0.16749363563394
-0.16749901102024
-0.16749363391015
-0.16749901000442
-0.16749900992968
-0.16749363498753
-0.16747750428998
-0.16748288098194
-0.1674362883575
-0.16748288095381
-0.16749363502249
-0.1674990099919
-0.1674990096633
-0.1674828808336
-0.16748825706227
-0.16749363431119
-0.16746496161892
-0.16748288050468
-0.16745420818715
-0.16745420819323
-0.16745420815242
-0.16746496404134
-0.16745958633713
-0.16745958701323
-0.16745958488938
-0.16748288054426
-0.16745958436174
-0.16743091208786
-0.16748288260939
-0.167488258144
-0.16743091212359
-0.16751155450874
-0.16749363419626
-0.16749363331841
-0.16747033666616
-0.16748288052276
-0.16748825750524
-0.1674990113156
-0.16747750423079
-0.1674309120716
-0.16749363470734
-0.1674882573666
-0.16746496139667
-0.16749363388836
-0.16750438515749
-0.16749901151314
-0.16747750415558
-0.16749900903907
-0.1674595842672
-0.16748825689741
-0.16748288125342
-0.16743628851078
-0.16749363456315
-0.1674595857585
-0.1674775042877
-0.16747750432123
-0.16743091207475
-0.16748825802425
-0.16748288109573
-0.16748825801631
-0.16743091209491
-0.16745958498463
-0.16745958424702
-0.16745958462539
-0.16745420812529
-0.16746496224166
-0.16745958476508
-0.16745420821259
-0.16743091206988
-0.16749363498788
-0.16746496356077
-0.16745420815876
-0.16746496062793
-0.16745420817412
-0.16748288106156
-0.16745958488937
-0.16745420818345
-0.16746496217367
-0.16748825914916
-0.16747033952666
-0.16747750423746
-0.16747750422039
-0.16747033707555
-0.16743091208164
-0.16747750420948
-0.16745420808748
-0.16745420806891
-0.16748288042016
-0.16748825865421
-0.16747033822199
-0.16745420817202
-0.16745420815182
-0.1674309121087
-0.16744166517694
-0.1674828809981
-0.16748825749252
-0.16746496117212
-0.16745958598082
-0.16748825826236
-0.16745958503952
-0.16748288117274
-0.16748288039673
-0.16746496169901
-0.16748288099249
-0.16748288078035
