"n_200_d_5_tr_10_a_112x112_idx_0_p_flooding"
41.500224032246
41.500224033264
41.500224032405
41.500224033302
41.500224032915
41.500224032915
41.500224032405
41.500224031817
41.500224032246
41.500224029365
41.500224029365
41.50022403269
41.500224029464
41.500224030379
41.500224025661
41.500224027955
41.500224024703
41.500224030116
41.500224030704
41.50022403269
41.500224031496
41.500224027755
41.500224031887
41.500224030496
41.500224031496
41.500224031745
41.500224032702
41.500224032702
41.500224032572
41.500224030046
41.500224032284
41.500224027633
41.50022402942
41.500224032572
41.500224018196
41.500224029422
41.500224030538
41.50022402665
41.500224030538
41.500224026991
41.500224028948
41.500224033197
41.500224031063
41.500224033197
41.500224031239
41.500224030881
41.50022403132
41.500224032723
41.50022403132
41.500224033165
41.500224032361
41.500224026152
41.50022402735
41.50022402735
41.500224027053
41.500224031531
41.500224032361
41.500224032273
41.500224032335
41.500224032838
41.500224023932
41.500224030883
41.500224029054
41.500224032307
41.500224031437
41.500224032335
41.500224032838
41.500224030578
41.500224031166
41.500224032595
41.500224031901
41.500224030476
41.500224033264
41.500224032723
41.500224026729
41.500224033299
41.500224033331
41.500224029842
41.500224030898
41.500224031877
41.500224027321
41.500224030787
41.500224029748
41.500224030695
41.50022403067
41.500224032473
41.500224031877
41.500224030145
41.500224032839
41.500224028491
41.500224025637
41.50022402976
41.500224032839
41.500224032317
41.500224031515
41.500224029005
41.500224032388
41.50022402998
41.500224032388
41.500224029005
41.500224033252
41.50022403025
41.50022402858
41.500224018874
41.50022403025
41.500224031166
41.500224029257
41.500224032207
41.500224030787
41.500224029631
41.500224033302
41.500224030005
41.500224033252
41.500224032249
41.500224032756
41.500224032249
41.500224032616
41.500224023412
41.500224025422
41.500224032616
41.500224032762
41.500224022698
41.500224021965
41.500224029842
41.500224033292
41.500224030898
41.500224033331
41.500224029344
41.500224027056
41.500224027056
41.500224025642
41.500224028368
41.500224031879
41.500224031166
41.5002240179
41.500224030155
41.50022402524
41.500224030187
41.500224030187
41.500224031887
41.500224032998
41.500224030155
41.500224030491
41.500224025785
41.500224030103
41.500224030103
41.500224030388
41.500224030184
41.500224033292
41.500224025859
41.500224028653
41.500224018688
41.500224032998
41.500224028557
41.500224031365
41.500224023727
41.500224023087
41.500224028283
41.500224026427
41.500224029589
41.500224028722
41.500224029589
41.500224029362
41.500224017469
41.500224029362
41.500224030884
41.500224027233
41.500224026935
41.500224032443
41.500224032443
41.500224025961
41.500224032595
41.500224029297
41.500224032881
41.500224028516
41.50022402692
41.500224025498
41.500224028321
41.500224020409
41.500224031063
41.500224016841
41.50022401697
41.500224032766
41.500224032215
41.500224033165
41.500224032756
41.500224024844
41.500224027175
41.50022402798
41.500224026677
41.50022402798
41.500224029847
41.500224021928
41.50022403023
41.5002240266
41.500224028088
41.5002240266
41.500224032881
41.500224031879
41.500224029726
