"n_200_d_10_tr_10_a_79x79_idx_1_p_abba2"
41.500224023101
41.500224033099
41.500224033151
41.500224032039
41.500224028564
41.500224028885
41.500224033151
41.500224033051
41.500224031735
41.500224032545
41.500224033183
41.500224029128
41.500224032776
41.500224026894
41.500224029011
41.500224032039
41.500224031278
41.50022403296
41.500224031598
41.500224032967
41.500224028635
41.500224029837
41.500224033183
41.500224031565
41.500224031735
41.500224033114
41.500224030174
41.500224031278
41.500224033283
41.500224032262
41.500224029216
41.500224032837
41.500224032998
41.500224033302
41.500224027137
41.500224032689
41.50022403113
41.500224025547
41.50022403021
41.500224030777
41.500224030777
41.50022403278
41.500224032689
41.500224029381
41.500224028635
41.500224027232
41.500224030488
41.500224032202
41.500224032772
41.500224031875
41.500224033243
41.500224033246
41.500224031545
41.500224029571
41.500224033188
41.500224031875
41.500224033069
41.500224033114
41.500224031721
41.500224032903
41.500224031244
41.500224032733
41.500224033283
41.50022403021
41.500224033051
41.5002240315
41.500224033302
41.500224033288
41.500224032507
41.500224032
41.500224031095
41.500224032804
41.5002240315
41.500224033246
41.500224033316
41.500224031849
41.500224029848
41.500224032807
41.500224030119
41.500224032903
41.500224026212
41.500224032424
41.500224032694
41.500224033329
41.500224033224
41.500224033188
41.500224033146
41.500224033243
41.500224033305
41.500224032587
41.500224029473
41.50022403093
41.500224032701
41.500224033285
41.50022403306
41.500224033329
41.500224033305
41.500224033315
41.500224031839
41.500224032412
41.500224029933
41.500224033316
41.500224033285
41.50022403261
41.50022403306
41.500224031303
41.500224029889
41.50022403064
41.500224030119
41.500224032807
41.500224033109
41.500224029843
41.500224032701
41.500224032145
41.500224028898
41.500224029033
41.500224026429
41.500224025927
41.50022403177
41.50022403322
41.500224033315
41.500224031641
41.500224029794
41.500224032078
41.500224031839
41.500224027849
41.500224033275
41.500224031842
41.500224026598
41.500224029682
41.500224031303
41.500224031102
41.500224030788
41.500224029336
41.500224032122
41.500224032284
41.50022403173
41.500224028847
41.500224031816
41.500224030621
41.500224033311
41.500224031437
41.500224033311
41.500224031644
41.500224027867
41.500224029607
41.500224030019
41.500224030749
41.500224025611
41.500224030897
41.500224031842
41.500224029911
41.500224025679
41.500224032284
41.500224031668
41.50022402599
41.500224026478
41.500224031668
41.500224033017
41.500224033275
41.500224032065
41.500224032941
41.500224027456
41.500224032941
41.500224030897
41.500224032545
41.500224029358
41.500224026775
41.5002240277
41.500224030453
41.500224032065
41.500224028326
41.500224033027
41.500224028799
41.500224032545
41.500224031284
41.500224032649
41.500224029754
41.500224030558
41.500224028243
41.500224029423
41.50022403161
41.500224033027
41.500224033017
41.500224030097
41.500224028011
41.500224028878
41.500224028571
41.500224024838
41.500224032649
41.500224031284
41.500224027856
41.500224030686
41.500224025422
41.500224020231
41.500224025675
41.500224030097
41.500224018717
41.500224030686
41.500224030111
"n_200_d_10_tr_10_a_79x79_idx_1_p_cds3"
41.500224025675
41.500224020231
41.500224025422
41.500224030097
41.500224030097
41.500224032998
41.500224029216
41.500224033302
41.500224032262
41.500224031244
41.500224030174
41.500224031875
41.500224033283
41.500224032733
41.500224033302
41.500224032967
41.500224033288
41.500224028878
41.500224029794
41.500224031839
41.50022403177
41.500224025927
41.500224029911
41.500224032078
41.500224029607
41.50022403322
41.500224033315
41.500224031641
41.500224032412
41.500224029933
41.500224029358
41.500224031839
41.500224031644
41.500224028799
41.500224032776
41.500224029128
41.500224028885
41.500224028564
41.500224028635
41.500224029837
41.500224033151
41.500224033151
41.500224032941
41.5002240277
41.500224027456
41.500224032065
41.500224030453
41.500224032065
41.500224028847
41.500224028571
41.500224031816
41.500224032941
41.500224028635
41.500224027232
41.500224029381
41.500224030488
41.500224032772
41.500224033183
41.500224032202
41.5002240315
41.500224029682
41.500224031303
41.50022403064
41.500224033311
41.500224026598
41.500224032122
41.500224029889
41.500224031437
41.500224026429
41.500224030621
41.500224033285
41.50022403261
41.500224032545
41.500224031842
41.500224030897
41.500224032284
41.500224030897
41.500224030558
41.50022403173
41.500224032545
41.50022403306
41.500224031303
41.500224032145
41.500224033329
41.500224032587
41.500224033285
41.50022403306
41.500224026212
41.500224032039
41.500224033051
41.500224033051
41.500224031565
41.500224027137
41.500224032689
41.50022403113
41.500224031735
41.500224025547
41.50022403021
41.500224030777
41.500224030777
41.50022403278
41.500224032689
41.500224031735
41.500224023101
41.500224033099
41.500224032039
41.500224033315
41.500224033305
41.500224033316
41.500224033316
41.500224027849
41.500224031849
41.500224033305
41.500224032837
41.500224031721
41.500224032903
41.500224033283
41.500224028011
41.50022403161
41.500224029033
41.500224031842
41.50022403021
41.500224033224
41.500224032694
41.500224030686
41.500224018717
41.500224029754
41.500224030686
41.500224030119
41.500224032903
41.500224033243
41.500224031598
41.500224033146
41.500224029571
41.500224033243
41.5002240315
41.50022403296
41.500224033114
41.500224033246
41.500224033329
41.500224033188
41.500224032424
41.50022403093
41.500224031095
41.500224033246
41.500224032
41.500224032804
41.500224033114
41.500224033069
41.500224033188
41.500224031545
41.500224029848
41.500224032807
41.500224032807
41.500224030119
41.500224031102
41.500224030788
41.500224029336
41.500224025611
41.500224027867
41.500224031278
41.500224032545
41.500224031278
41.500224033183
41.500224032284
41.500224032701
41.500224025679
41.500224030019
41.500224030749
41.500224028326
41.500224033027
41.500224031284
41.500224032649
41.500224033027
41.500224027856
41.500224031284
41.500224031875
41.500224024838
41.500224032649
41.500224029011
41.500224026894
41.500224031668
41.500224026478
41.50022402599
41.500224033275
41.500224033275
41.500224028243
41.500224033017
41.500224029423
41.500224031668
41.500224026775
41.500224033311
41.500224028898
41.500224033109
41.500224032701
41.500224033017
41.500224032507
41.500224029473
41.500224030111
41.500224029843
"n_200_d_10_tr_10_a_79x79_idx_1_p_flooding"
41.500224032804
41.500224032
41.500224033246
41.500224032507
41.5002240315
41.50022403093
41.500224029571
41.500224029473
41.500224031095
41.500224032701
41.500224031545
41.500224033329
41.500224031875
41.500224033188
41.500224032424
41.500224033109
41.500224033114
41.500224033243
41.500224033285
41.500224033188
41.500224031284
41.500224032649
41.500224031668
41.500224026775
41.500224024838
41.500224032649
41.500224031284
41.500224032776
41.500224029128
41.500224028885
41.500224028564
41.500224028635
41.500224029837
41.500224033151
41.500224033151
41.500224025675
41.500224020231
41.500224025422
41.500224030097
41.500224030097
41.500224026212
41.500224032039
41.500224033051
41.500224033051
41.500224029381
41.500224033183
41.500224028635
41.500224030488
41.500224027232
41.500224032772
41.500224032202
41.500224033311
41.500224030621
41.500224026429
41.500224027849
41.500224031437
41.500224033275
41.500224033311
41.500224029889
41.50022403064
41.500224026598
41.50022403261
41.500224031303
41.500224031303
41.500224033285
41.50022403306
41.500224029682
41.500224032122
41.500224032587
41.500224032145
41.500224029911
41.500224029358
41.500224031839
41.500224029607
41.500224029794
41.500224033017
41.500224029423
41.500224033017
41.50022403177
41.500224032039
41.500224023101
41.500224033099
41.500224026894
41.500224031735
41.500224032967
41.500224032545
41.500224031565
41.500224031735
41.500224031278
41.50022403296
41.500224033183
41.500224031598
41.500224033114
41.500224030174
41.500224031278
41.500224032262
41.500224033302
41.500224032998
41.500224029216
41.500224031875
41.500224031244
41.500224033246
41.500224033069
41.500224033283
41.500224033302
41.500224032837
41.500224031721
41.500224032903
41.500224032733
41.500224033283
41.500224031644
41.500224027867
41.500224032078
41.500224031641
41.500224033288
41.500224028878
41.500224033329
41.500224028847
41.50022403306
41.500224030453
41.5002240277
41.500224032065
41.500224028571
41.500224032941
41.500224027456
41.500224028011
41.500224032065
41.50022403161
41.500224031668
41.50022402599
41.500224026478
41.500224033316
41.500224033275
41.500224025927
41.50022403322
41.500224033315
41.500224032412
41.500224029933
41.500224031839
41.500224029011
41.500224032689
41.500224027137
41.50022403113
41.500224028243
41.50022403278
41.50022403021
41.500224025547
41.500224030777
41.500224030777
41.500224032689
41.50022403021
41.500224029033
41.500224028898
41.500224031842
41.500224030897
41.500224031816
41.500224031842
41.500224033305
41.500224033315
41.500224033305
41.500224031849
41.500224033224
41.500224032694
41.500224033027
41.500224027856
41.500224032941
41.500224033316
41.500224030897
41.500224032545
41.500224032545
41.500224029843
41.500224033146
41.500224028326
41.500224033027
41.500224030749
41.500224030019
41.500224028799
41.500224030119
41.500224032903
41.500224029848
41.500224032807
41.500224032807
41.500224030119
41.5002240315
41.500224033243
41.500224032284
41.500224030558
41.50022403173
41.500224025611
41.500224029336
41.500224030788
41.500224031102
41.500224030686
41.500224018717
41.500224029754
41.500224030686
41.500224032701
41.500224030111
41.500224032284
41.500224025679
"n_200_d_10_tr_10_a_79x79_idx_1_p_mprt2"
41.500224025675
41.500224020231
41.500224025422
41.500224030097
41.500224030097
41.500224032998
41.500224029216
41.500224033302
41.500224032262
41.500224031244
41.500224030174
41.500224031875
41.500224033283
41.500224032733
41.500224033302
41.500224032967
41.500224033288
41.500224028878
41.500224029794
41.500224031839
41.50022403177
41.500224025927
41.500224029911
41.500224032078
41.500224029607
41.50022403322
41.500224033315
41.500224031641
41.500224032412
41.500224029933
41.500224029358
41.500224031839
41.500224031644
41.500224028799
41.500224032776
41.500224029128
41.500224028885
41.500224028564
41.500224028635
41.500224029837
41.500224033151
41.500224033151
41.500224032941
41.5002240277
41.500224027456
41.500224032065
41.500224030453
41.500224032065
41.500224028847
41.500224028571
41.500224031816
41.500224032941
41.500224028635
41.500224027232
41.500224029381
41.500224030488
41.500224032772
41.500224033183
41.500224032202
41.5002240315
41.500224029682
41.500224031303
41.50022403064
41.500224033311
41.500224026598
41.500224032122
41.500224029889
41.500224031437
41.500224026429
41.500224030621
41.500224033285
41.50022403261
41.500224032545
41.500224031842
41.500224030897
41.500224032284
41.500224030897
41.500224030558
41.50022403173
41.500224032545
41.50022403306
41.500224031303
41.500224032145
41.500224033329
41.500224032587
41.500224033285
41.50022403306
41.500224026212
41.500224032039
41.500224033051
41.500224033051
41.500224031565
41.500224027137
41.500224032689
41.50022403113
41.500224031735
41.500224025547
41.50022403021
41.500224030777
41.500224030777
41.50022403278
41.500224032689
41.500224031735
41.500224023101
41.500224033099
41.500224032039
41.500224033315
41.500224033305
41.500224033316
41.500224033316
41.500224027849
41.500224031849
41.500224033305
41.500224032837
41.500224031721
41.500224032903
41.500224033283
41.500224028011
41.50022403161
41.500224029033
41.500224031842
41.50022403021
41.500224033224
41.500224032694
41.500224030686
41.500224018717
41.500224029754
41.500224030686
41.500224030119
41.500224032903
41.500224033243
41.500224031598
41.500224033146
41.500224029571
41.500224033243
41.5002240315
41.50022403296
41.500224033114
41.500224033246
41.500224033329
41.500224033188
41.500224032424
41.50022403093
41.500224031095
41.500224033246
41.500224032
41.500224032804
41.500224033114
41.500224033069
41.500224033188
41.500224031545
41.500224029848
41.500224032807
41.500224032807
41.500224030119
41.500224031102
41.500224030788
41.500224029336
41.500224025611
41.500224027867
41.500224031278
41.500224032545
41.500224031278
41.500224033183
41.500224032284
41.500224032701
41.500224025679
41.500224030019
41.500224030749
41.500224028326
41.500224033027
41.500224031284
41.500224032649
41.500224033027
41.500224027856
41.500224031284
41.500224031875
41.500224024838
41.500224032649
41.500224029011
41.500224026894
41.500224031668
41.500224026478
41.50022402599
41.500224033275
41.500224033275
41.500224028243
41.500224033017
41.500224029423
41.500224031668
41.500224026775
41.500224033311
41.500224028898
41.500224033109
41.500224032701
41.500224033017
41.500224032507
41.500224029473
41.500224030111
41.500224029843
"n_200_d_15_tr_10_a_64x64_idx_2_p_abba2"
41.500224033223
41.500224032223
41.500224032634
41.500224032676
41.500224029283
41.500224032921
41.500224032082
41.500224031828
41.500224033234
41.50022403241
41.500224033213
41.500224029514
41.500224031828
41.500224031042
41.500224033203
41.500224031287
41.500224032676
41.500224033223
41.500224031398
41.500224033034
41.50022403234
41.500224029041
41.500224033213
41.500224032501
41.500224032178
41.500224032969
41.500224033203
41.500224032274
41.50022403241
41.50022402522
41.500224032166
41.500224031482
41.500224030791
41.500224032493
41.500224033234
41.500224032499
41.500224032674
41.500224033034
41.500224031209
41.500224032729
41.500224031797
41.500224032114
41.500224030135
41.500224032563
41.500224033182
41.500224032631
41.500224030268
41.500224033123
41.500224032623
41.500224031384
41.500224032343
41.500224031693
41.500224030062
41.500224032999
41.500224032166
41.500224032623
41.500224028213
41.500224031738
41.500224031976
41.500224032684
41.500224032631
41.500224032674
41.500224033122
41.500224030108
41.500224032859
41.500224033123
41.50022403284
41.500224033131
41.500224032729
41.500224033341
41.500224032563
41.500224031426
41.500224033147
41.500224033122
41.500224031973
41.500224030147
41.500224032569
41.500224031701
41.50022403286
41.500224032402
41.500224032343
41.500224032194
41.500224033131
41.500224032442
41.50022403284
41.500224026301
41.500224031808
41.500224024416
41.500224031063
41.500224032398
41.500224032633
41.500224032992
41.500224032992
41.500224031708
41.500224031268
41.500224032113
41.500224032412
41.500224032582
41.500224032999
41.500224032215
41.500224031659
41.500224031701
41.500224032402
41.500224032625
41.500224032625
41.50022403286
41.500224031212
41.500224033341
41.500224033074
41.500224033147
41.500224030824
41.500224033131
41.500224031829
41.500224032686
41.50022403215
41.50022403269
41.500224031243
41.500224032784
41.500224033017
41.500224031912
41.500224033074
41.500224033177
41.500224031469
41.500224032784
41.500224032943
41.500224032738
41.500224033131
41.50022402921
41.500224033201
41.500224032471
41.500224030552
41.500224033339
41.500224031804
41.500224033337
41.500224032707
41.500224032793
41.500224032334
41.500224031912
41.500224032738
41.500224027496
41.500224032187
41.500224027955
41.500224029761
41.500224032698
41.500224033201
41.50022403253
41.500224031614
41.500224031278
41.500224033339
41.500224030967
41.500224033325
41.500224033325
41.500224033177
41.500224031225
41.500224031278
41.500224031753
41.500224031753
41.500224031804
41.500224027347
41.50022403254
41.500224033216
41.500224032121
41.500224032707
41.500224033216
41.500224032745
41.500224032215
41.500224033264
41.500224032574
41.500224031872
41.50022403129
41.500224033218
41.500224031058
41.500224033264
41.500224027911
41.500224031071
41.500224027052
41.500224032771
41.500224032959
41.500224032676
41.500224031807
41.500224031071
41.500224031114
41.500224032771
41.500224032883
41.500224030267
41.50022403129
41.500224031486
41.500224033084
41.500224033329
41.500224033218
41.500224033245
41.500224033245
41.50022403184
41.500224033329
41.500224027074
41.500224032959
41.500224031699
41.500224012826
41.500224023358
41.500224021124
"n_200_d_15_tr_10_a_64x64_idx_2_p_cds3"
41.500224033201
41.500224032698
41.500224027955
41.500224029761
41.500224032187
41.500224032471
41.500224033131
41.50022403253
41.500224032574
41.500224033264
41.500224031058
41.500224033264
41.500224033201
41.500224031738
41.500224033131
41.50022403284
41.500224033341
41.500224032684
41.500224030135
41.500224032563
41.500224032674
41.500224032623
41.500224032194
41.500224032674
41.500224031708
41.500224032729
41.500224032625
41.500224032402
41.500224032343
41.500224031268
41.500224032113
41.500224032738
41.50022403286
41.500224032402
41.500224032625
41.500224033177
41.500224033074
41.500224033017
41.500224032442
41.50022403284
41.500224033131
41.500224031469
41.500224032729
41.500224032784
41.500224033339
41.500224031829
41.500224033074
41.500224032793
41.500224033177
41.500224032686
41.50022403269
41.50022403286
41.500224031912
41.500224032707
41.500224033337
41.50022403215
41.500224032784
41.500224031804
41.500224032999
41.500224030967
41.500224032738
41.500224031243
41.500224033325
41.500224033325
41.500224032992
41.500224031701
41.500224031701
41.500224033147
41.500224026301
41.500224030824
41.500224030147
41.500224032569
41.500224031973
41.500224033122
41.500224031063
41.500224031808
41.500224032398
41.500224032633
41.500224032992
41.500224031212
41.500224033341
41.500224032215
41.500224031659
41.500224027911
41.500224031614
41.500224028213
41.500224031976
41.500224033034
41.500224032215
41.500224031753
41.500224031804
41.500224031278
41.500224031278
41.50022403129
41.500224031225
41.500224033123
41.500224032859
41.500224033122
41.500224031426
41.500224030268
41.500224030108
41.500224033147
41.500224032121
41.500224031753
41.500224032707
41.500224031872
41.500224033216
41.500224033216
41.500224032499
41.500224031797
41.500224032114
41.500224031209
41.500224030791
41.500224032623
41.500224031384
41.500224032493
41.500224031482
41.500224032343
41.500224033182
41.500224033234
41.500224031693
41.500224030062
41.500224031287
41.500224032274
41.500224032999
41.500224032676
41.500224032959
41.500224031114
41.500224031807
41.500224032771
41.50022403184
41.500224033245
41.500224032771
41.500224033329
41.500224027074
41.500224033329
41.500224032959
41.500224032883
41.500224033084
41.50022403254
41.500224027347
41.500224032631
41.500224033203
41.500224032178
41.500224032631
41.50022403241
41.500224031398
41.50022402522
41.500224032166
41.500224031042
41.500224033234
41.500224029514
41.500224032676
41.50022403241
41.500224033203
41.500224033213
41.500224032082
41.50022403234
41.500224029283
41.500224031828
41.500224032634
41.500224031828
41.500224032676
41.500224029041
41.500224033213
41.500224032501
41.500224033223
41.500224033034
41.500224032223
41.500224032921
41.500224032969
41.500224032334
41.500224031912
41.500224032745
41.500224033223
41.500224023358
41.500224012826
41.500224021124
41.500224033123
41.500224031071
41.500224031699
41.500224027496
41.500224033218
41.500224033339
41.500224033131
41.500224030552
41.50022402921
41.500224031486
41.50022403129
41.500224033245
41.500224030267
41.500224033218
41.500224032563
41.500224032412
41.500224032582
41.500224024416
41.500224032943
41.500224027052
41.500224031071
41.500224032166
"n_200_d_15_tr_10_a_64x64_idx_2_p_flooding"
41.500224031384
41.500224032623
41.500224032343
41.500224032999
41.500224030062
41.500224032114
41.500224031693
41.500224031797
41.500224032499
41.500224032563
41.50022403286
41.500224032402
41.500224033182
41.500224032412
41.500224032582
41.500224032729
41.500224031209
41.500224030791
41.500224032343
41.500224031268
41.500224032493
41.500224031829
41.500224032686
41.500224032999
41.50022403286
41.50022403269
41.500224031469
41.500224031804
41.500224033337
41.50022403215
41.500224032784
41.500224033017
41.500224032707
41.500224032784
41.500224031912
41.500224032793
41.500224033177
41.50022403284
41.500224032625
41.500224032442
41.500224033074
41.500224032992
41.500224031701
41.500224031701
41.500224033147
41.500224026301
41.500224030824
41.500224030147
41.500224032569
41.500224031973
41.500224033122
41.500224031063
41.500224031808
41.500224032398
41.500224032633
41.500224032992
41.500224033201
41.500224032698
41.500224027955
41.500224029761
41.500224032187
41.500224032471
41.500224033131
41.50022403253
41.500224032574
41.500224033264
41.500224031058
41.500224033264
41.500224033201
41.500224031482
41.500224033234
41.500224030135
41.500224032563
41.500224031287
41.500224032274
41.500224030108
41.500224032631
41.500224032859
41.500224033123
41.500224033203
41.500224032178
41.500224033122
41.500224033034
41.500224031976
41.500224028213
41.500224030268
41.500224032631
41.500224031828
41.500224033034
41.500224029283
41.500224032921
41.500224032082
41.500224032634
41.50022403241
41.500224032674
41.500224033223
41.500224032223
41.500224033203
41.500224032676
41.500224033213
41.500224031828
41.500224032113
41.500224032402
41.500224032738
41.500224032625
41.500224031243
41.500224032166
41.50022402522
41.50022403241
41.500224031398
41.50022403234
41.500224032969
41.500224033123
41.500224033131
41.500224032729
41.500224033074
41.500224033341
41.500224031212
41.500224032194
41.500224033341
41.500224033131
41.500224032623
41.50022403284
41.500224033339
41.500224033131
41.500224031042
41.500224029514
41.500224033234
41.500224032676
41.500224032771
41.500224033329
41.500224033084
41.500224031486
41.500224032959
41.500224031114
41.50022403129
41.500224032676
41.500224033245
41.500224033245
41.500224030267
41.50022403184
41.500224033218
41.500224033329
41.500224031807
41.500224032771
41.500224029041
41.500224033213
41.500224032501
41.500224033177
41.500224031753
41.500224031278
41.500224031804
41.500224031225
41.500224031278
41.500224033325
41.500224030967
41.500224031738
41.500224032684
41.500224032674
41.500224031708
41.500224032121
41.500224031753
41.500224032707
41.500224032738
41.500224033325
41.500224031872
41.500224033216
41.500224033216
41.500224032334
41.500224031912
41.500224032745
41.500224031659
41.500224032215
41.500224027911
41.500224031614
41.500224032215
41.50022403254
41.500224027347
41.50022403129
41.500224033218
41.500224033223
41.500224027074
41.500224032959
41.500224031699
41.500224032883
41.500224024416
41.500224032943
41.500224033147
41.500224031426
41.50022402921
41.500224030552
41.500224012826
41.500224021124
41.500224023358
41.500224031071
41.500224033339
41.500224027496
41.500224027052
41.500224031071
41.500224032166
"n_200_d_15_tr_10_a_64x64_idx_2_p_mprt2"
41.500224033201
41.500224032698
41.500224027955
41.500224029761
41.500224032187
41.500224032471
41.500224033131
41.50022403253
41.500224032574
41.500224033264
41.500224031058
41.500224033264
41.500224033201
41.500224031738
41.500224033131
41.50022403284
41.500224033341
41.500224032684
41.500224030135
41.500224032563
41.500224032674
41.500224032623
41.500224032194
41.500224032674
41.500224031708
41.500224032729
41.500224032625
41.500224032402
41.500224032343
41.500224031268
41.500224032113
41.500224032738
41.50022403286
41.500224032402
41.500224032625
41.500224033177
41.500224033074
41.500224033017
41.500224032442
41.50022403284
41.500224033131
41.500224031469
41.500224032729
41.500224032784
41.500224033339
41.500224031829
41.500224033074
41.500224032793
41.500224033177
41.500224032686
41.50022403269
41.50022403286
41.500224031912
41.500224032707
41.500224033337
41.50022403215
41.500224032784
41.500224031804
41.500224032999
41.500224030967
41.500224032738
41.500224031243
41.500224033325
41.500224033325
41.500224032992
41.500224031701
41.500224031701
41.500224033147
41.500224026301
41.500224030824
41.500224030147
41.500224032569
41.500224031973
41.500224033122
41.500224031063
41.500224031808
41.500224032398
41.500224032633
41.500224032992
41.500224031212
41.500224033341
41.500224032215
41.500224031659
41.500224027911
41.500224031614
41.500224028213
41.500224031976
41.500224033034
41.500224032215
41.500224031753
41.500224031804
41.500224031278
41.500224031278
41.50022403129
41.500224031225
41.500224033123
41.500224032859
41.500224033122
41.500224031426
41.500224030268
41.500224030108
41.500224033147
41.500224032121
41.500224031753
41.500224032707
41.500224031872
41.500224033216
41.500224033216
41.500224032499
41.500224031797
41.500224032114
41.500224031209
41.500224030791
41.500224032623
41.500224031384
41.500224032493
41.500224031482
41.500224032343
41.500224033182
41.500224033234
41.500224031693
41.500224030062
41.500224031287
41.500224032274
41.500224032999
41.500224032676
41.500224032959
41.500224031114
41.500224031807
41.500224032771
41.50022403184
41.500224033245
41.500224032771
41.500224033329
41.500224027074
41.500224033329
41.500224032959
41.500224032883
41.500224033084
41.50022403254
41.500224027347
41.500224032631
41.500224033203
41.500224032178
41.500224032631
41.50022403241
41.500224031398
41.50022402522
41.500224032166
41.500224031042
41.500224033234
41.500224029514
41.500224032676
41.50022403241
41.500224033203
41.500224033213
41.500224032082
41.50022403234
41.500224029283
41.500224031828
41.500224032634
41.500224031828
41.500224032676
41.500224029041
41.500224033213
41.500224032501
41.500224033223
41.500224033034
41.500224032223
41.500224032921
41.500224032969
41.500224032334
41.500224031912
41.500224032745
41.500224033223
41.500224023358
41.500224012826
41.500224021124
41.500224033123
41.500224031071
41.500224031699
41.500224027496
41.500224033218
41.500224033339
41.500224033131
41.500224030552
41.50022402921
41.500224031486
41.50022403129
41.500224033245
41.500224030267
41.500224033218
41.500224032563
41.500224032412
41.500224032582
41.500224024416
41.500224032943
41.500224027052
41.500224031071
41.500224032166
"n_200_d_5_tr_10_a_112x112_idx_0_p_abba2"
41.500224030787
41.500224029748
41.500224032473
41.500224031877
41.500224031877
41.500224027321
41.50022403067
41.500224030695
41.500224030787
41.500224029631
41.500224033302
41.500224030476
41.500224031901
41.500224030005
41.500224033302
41.500224032405
41.500224030184
41.500224032915
41.500224030388
41.500224032405
41.500224033252
41.500224029005
41.500224027233
41.500224033264
41.500224032246
41.500224033264
41.500224032915
41.500224033252
41.500224031817
41.500224033331
41.500224033331
41.500224032388
41.50022402998
41.500224031515
41.500224029005
41.500224026729
41.500224033299
41.500224030884
41.500224032388
41.500224029842
41.500224030898
41.5002240266
41.500224028088
41.5002240266
41.500224033165
41.500224031496
41.500224027755
41.500224033292
41.500224029842
41.500224030898
41.500224032215
41.500224032443
41.500224032766
41.500224033165
41.500224030496
41.500224031496
41.500224022698
41.500224032762
41.500224033292
41.500224029726
41.500224032881
41.500224024844
41.500224028557
41.50022402692
41.500224025498
41.500224032572
41.500224032284
41.500224027633
41.500224029589
41.500224031745
41.500224032702
41.500224032572
41.500224029589
41.500224032702
41.500224030046
41.50022402942
41.500224028722
41.500224029422
41.500224030538
41.500224028516
41.50022402798
41.500224028368
41.500224026677
41.500224029297
41.500224032881
41.500224029362
41.500224018196
41.50022402665
41.500224030538
41.500224032756
41.50022402798
41.500224032756
41.500224029344
41.500224032249
41.50022402976
41.500224025637
41.500224029362
41.500224027056
41.500224027056
41.500224025642
41.500224031879
41.500224032595
41.500224032249
41.500224030145
41.500224032839
41.500224017469
41.500224029847
41.500224028491
41.500224031166
41.500224032317
41.500224032839
41.500224032616
41.500224030103
41.500224030491
41.500224031879
41.500224025961
41.500224030103
41.500224026935
41.50022403269
41.500224023412
41.500224025422
41.500224032616
41.500224032595
41.500224025785
41.500224030116
41.500224030704
41.5002240179
41.500224030155
41.500224030187
41.500224030155
41.50022402524
41.500224030187
41.500224031887
41.500224032998
41.500224032998
41.500224028283
41.500224031365
41.500224031887
41.500224026427
41.500224032443
41.500224016841
41.50022401697
41.500224029365
41.50022403269
41.500224026991
41.50022403132
41.500224032361
41.500224032273
41.500224032838
41.500224030578
41.500224032723
41.50022403025
41.500224032361
41.500224021965
41.500224025859
41.500224018688
41.500224023727
41.500224031239
41.500224029257
41.500224033197
41.500224027053
41.500224032335
41.500224025661
41.500224020409
41.500224031063
41.500224029464
41.500224027175
41.500224033197
41.500224032723
41.500224018874
41.500224028653
41.500224032207
41.500224031166
41.500224030379
41.500224032335
41.500224032246
41.500224031166
41.500224032307
41.500224031531
41.500224029054
41.500224028321
41.500224029365
41.500224026152
41.500224023087
41.500224032838
41.500224028948
41.500224021928
41.50022403023
41.500224023932
41.500224030881
41.50022402858
41.500224024703
41.50022402735
41.500224031437
41.500224030883
41.50022403025
41.500224031063
41.50022403132
41.50022402735
41.500224027955
"n_200_d_5_tr_10_a_112x112_idx_0_p_cds3"
41.500224031496
41.500224027755
41.500224031887
41.500224030496
41.500224031496
41.500224031877
41.500224027321
41.500224030787
41.500224029748
41.500224030695
41.50022403067
41.500224032473
41.500224031877
41.500224030145
41.500224032839
41.500224028491
41.500224025637
41.50022402976
41.500224032839
41.500224032317
41.500224029005
41.500224033252
41.500224032388
41.500224030005
41.50022402998
41.500224033252
41.500224031515
41.500224029005
41.500224027233
41.500224030787
41.50022403269
41.500224029464
41.500224030379
41.500224025661
41.500224027955
41.500224024703
41.500224030116
41.500224030704
41.50022403269
41.500224030884
41.50022403132
41.500224030046
41.50022402942
41.500224031745
41.500224029422
41.500224032702
41.500224030538
41.500224028516
41.500224032702
41.500224032249
41.500224032756
41.500224032249
41.500224025961
41.500224025642
41.500224032595
41.500224032595
41.500224032388
41.500224032572
41.500224032284
41.500224027633
41.500224032572
41.500224029344
41.500224027056
41.500224018196
41.50022402665
41.500224030538
41.500224033302
41.500224030476
41.500224029631
41.500224031901
41.500224033302
41.500224032723
41.500224032723
41.50022403025
41.50022402858
41.500224018874
41.50022403025
41.500224024844
41.500224028557
41.500224018688
41.500224032246
41.500224033331
41.500224026729
41.500224033299
41.500224033264
41.500224033331
41.500224030187
41.500224032998
41.50022402524
41.500224030155
41.500224031365
41.500224031887
41.500224030187
41.500224031166
41.500224030578
41.500224032207
41.500224029257
41.500224031531
41.500224031166
41.500224029842
41.500224033292
41.500224030898
41.500224029842
41.500224027053
41.50022402735
41.50022402735
41.500224032361
41.5002240179
41.500224031166
41.500224025859
41.500224028653
41.50022403132
41.500224030881
41.500224022698
41.500224032762
41.500224033292
41.500224029362
41.500224017469
41.500224029362
41.5002240266
41.500224028088
41.5002240266
41.500224026935
41.500224030491
41.500224029365
41.500224021928
41.50022403023
41.500224029365
41.500224028321
41.500224032335
41.500224029054
41.500224032307
41.500224032335
41.500224031437
41.500224033197
41.500224028948
41.500224026991
41.500224033197
41.50022402692
41.500224025498
41.500224029589
41.500224027056
41.500224030103
41.500224031879
41.500224031879
41.500224032756
41.500224032361
41.500224032838
41.500224023932
41.500224030883
41.500224032838
41.500224026427
41.500224016841
41.50022401697
41.500224028283
41.500224032616
41.500224023412
41.500224025422
41.500224032616
41.500224021965
41.500224031239
41.500224031063
41.500224023087
41.500224029297
41.500224032881
41.500224025785
41.500224030103
41.500224028722
41.50022402798
41.500224028368
41.500224026677
41.500224029589
41.500224031063
41.500224020409
41.500224032405
41.500224030184
41.500224032246
41.500224033264
41.500224032405
41.50022402798
41.500224030155
41.500224032915
41.500224032915
41.500224031817
41.500224029726
41.500224032273
41.500224032998
41.500224032443
41.500224033165
41.500224026152
41.500224027175
41.500224030898
41.500224029847
41.500224030388
41.500224023727
41.500224032766
41.500224032443
41.500224032215
41.500224033165
41.500224032881
"n_200_d_5_tr_10_a_112x112_idx_0_p_flooding"
41.500224032246
41.500224033264
41.500224032405
41.500224033302
41.500224032915
41.500224032915
41.500224032405
41.500224031817
41.500224032246
41.500224029365
41.500224029365
41.50022403269
41.500224029464
41.500224030379
41.500224025661
41.500224027955
41.500224024703
41.500224030116
41.500224030704
41.50022403269
41.500224031496
41.500224027755
41.500224031887
41.500224030496
41.500224031496
41.500224031745
41.500224032702
41.500224032702
41.500224032572
41.500224030046
41.500224032284
41.500224027633
41.50022402942
41.500224032572
41.500224018196
41.500224029422
41.500224030538
41.50022402665
41.500224030538
41.500224026991
41.500224028948
41.500224033197
41.500224031063
41.500224033197
41.500224031239
41.500224030881
41.50022403132
41.500224032723
41.50022403132
41.500224033165
41.500224032361
41.500224026152
41.50022402735
41.50022402735
41.500224027053
41.500224031531
41.500224032361
41.500224032273
41.500224032335
41.500224032838
41.500224023932
41.500224030883
41.500224029054
41.500224032307
41.500224031437
41.500224032335
41.500224032838
41.500224030578
41.500224031166
41.500224032595
41.500224031901
41.500224030476
41.500224033264
41.500224032723
41.500224026729
41.500224033299
41.500224033331
41.500224029842
41.500224030898
41.500224031877
41.500224027321
41.500224030787
41.500224029748
41.500224030695
41.50022403067
41.500224032473
41.500224031877
41.500224030145
41.500224032839
41.500224028491
41.500224025637
41.50022402976
41.500224032839
41.500224032317
41.500224031515
41.500224029005
41.500224032388
41.50022402998
41.500224032388
41.500224029005
41.500224033252
41.50022403025
41.50022402858
41.500224018874
41.50022403025
41.500224031166
41.500224029257
41.500224032207
41.500224030787
41.500224029631
41.500224033302
41.500224030005
41.500224033252
41.500224032249
41.500224032756
41.500224032249
41.500224032616
41.500224023412
41.500224025422
41.500224032616
41.500224032762
41.500224022698
41.500224021965
41.500224029842
41.500224033292
41.500224030898
41.500224033331
41.500224029344
41.500224027056
41.500224027056
41.500224025642
41.500224028368
41.500224031879
41.500224031166
41.5002240179
41.500224030155
41.50022402524
41.500224030187
41.500224030187
41.500224031887
41.500224032998
41.500224030155
41.500224030491
41.500224025785
41.500224030103
41.500224030103
41.500224030388
41.500224030184
41.500224033292
41.500224025859
41.500224028653
41.500224018688
41.500224032998
41.500224028557
41.500224031365
41.500224023727
41.500224023087
41.500224028283
41.500224026427
41.500224029589
41.500224028722
41.500224029589
41.500224029362
41.500224017469
41.500224029362
41.500224030884
41.500224027233
41.500224026935
41.500224032443
41.500224032443
41.500224025961
41.500224032595
41.500224029297
41.500224032881
41.500224028516
41.50022402692
41.500224025498
41.500224028321
41.500224020409
41.500224031063
41.500224016841
41.50022401697
41.500224032766
41.500224032215
41.500224033165
41.500224032756
41.500224024844
41.500224027175
41.50022402798
41.500224026677
41.50022402798
41.500224029847
41.500224021928
41.50022403023
41.5002240266
41.500224028088
41.5002240266
41.500224032881
41.500224031879
41.500224029726
"n_200_d_5_tr_10_a_112x112_idx_0_p_mprt2"
41.500224031496
41.500224027755
41.500224031887
41.500224030496
41.500224031496
41.500224031877
41.500224027321
41.500224030787
41.500224029748
41.500224030695
41.50022403067
41.500224032473
41.500224031877
41.500224030145
41.500224032839
41.500224028491
41.500224025637
41.50022402976
41.500224032839
41.500224032317
41.500224029005
41.500224033252
41.500224032388
41.500224030005
41.50022402998
41.500224033252
41.500224031515
41.500224029005
41.500224027233
41.500224030787
41.50022403269
41.500224029464
41.500224030379
41.500224025661
41.500224027955
41.500224024703
41.500224030116
41.500224030704
41.50022403269
41.500224030884
41.50022403132
41.500224030046
41.50022402942
41.500224031745
41.500224029422
41.500224032702
41.500224030538
41.500224028516
41.500224032702
41.500224032249
41.500224032756
41.500224032249
41.500224025961
41.500224025642
41.500224032595
41.500224032595
41.500224032388
41.500224032572
41.500224032284
41.500224027633
41.500224032572
41.500224029344
41.500224027056
41.500224018196
41.50022402665
41.500224030538
41.500224033302
41.500224030476
41.500224029631
41.500224031901
41.500224033302
41.500224032723
41.500224032723
41.50022403025
41.50022402858
41.500224018874
41.50022403025
41.500224024844
41.500224028557
41.500224018688
41.500224032246
41.500224033331
41.500224026729
41.500224033299
41.500224033264
41.500224033331
41.500224030187
41.500224032998
41.50022402524
41.500224030155
41.500224031365
41.500224031887
41.500224030187
41.500224031166
41.500224030578
41.500224032207
41.500224029257
41.500224031531
41.500224031166
41.500224029842
41.500224033292
41.500224030898
41.500224029842
41.500224027053
41.50022402735
41.50022402735
41.500224032361
41.5002240179
41.500224031166
41.500224025859
41.500224028653
41.50022403132
41.500224030881
41.500224022698
41.500224032762
41.500224033292
41.500224029362
41.500224017469
41.500224029362
41.5002240266
41.500224028088
41.5002240266
41.500224026935
41.500224030491
41.500224029365
41.500224021928
41.50022403023
41.500224029365
41.500224028321
41.500224032335
41.500224029054
41.500224032307
41.500224032335
41.500224031437
41.500224033197
41.500224028948
41.500224026991
41.500224033197
41.50022402692
41.500224025498
41.500224029589
41.500224027056
41.500224030103
41.500224031879
41.500224031879
41.500224032756
41.500224032361
41.500224032838
41.500224023932
41.500224030883
41.500224032838
41.500224026427
41.500224016841
41.50022401697
41.500224028283
41.500224032616
41.500224023412
41.500224025422
41.500224032616
41.500224021965
41.500224031239
41.500224031063
41.500224023087
41.500224029297
41.500224032881
41.500224025785
41.500224030103
41.500224028722
41.50022402798
41.500224028368
41.500224026677
41.500224029589
41.500224031063
41.500224020409
41.500224032405
41.500224030184
41.500224032246
41.500224033264
41.500224032405
41.50022402798
41.500224030155
41.500224032915
41.500224032915
41.500224031817
41.500224029726
41.500224032273
41.500224032998
41.500224032443
41.500224033165
41.500224026152
41.500224027175
41.500224030898
41.500224029847
41.500224030388
41.500224023727
41.500224032766
41.500224032443
41.500224032215
41.500224033165
41.500224032881
