"n_200_d_10_tr_10_a_79x79_idx_1_p_cds3"
-0.1682534402039
-0.16825344013857
-0.16825344019595
-0.16821760025514
-0.16832512025205
-0.1685740530633
-0.16955644297145
-0.1686609182485
-0.16855339807188
-0.16955801386322
-0.16952107626522
-0.16984414317319
-0.16959493360229
-0.16952291555144
-0.16970351738896
-0.1695009669243
-0.16947200334123
-0.16832512024712
-0.16866319975351
-0.16866319982656
-0.16866483950156
-0.16850432022544
-0.16841472027984
-0.16957876094676
-0.16846607974263
-0.16857345620308
-0.16857345620307
-0.168593161164
-0.16964953021059
-0.16860639211652
-0.16837888027321
-0.16860639195652
-0.16945323937319
-0.16839680026828
-0.16837888033749
-0.16938240029371
-0.16844876826344
-0.16846668825958
-0.16836096030029
-0.16839680031472
-0.16850432112565
-0.16850252890125
-0.16846487165876
-0.16837888029461
-0.16949582781422
-0.1684935447718
-0.16841472032764
-0.16841472033553
-0.16844484517005
-0.16836096027444
-0.16955165537201
-0.16848733399488
-0.16842986285794
-0.16839680028065
-0.16842986307874
-0.16839680025428
-0.16839680034713
-0.16950506376782
-0.16947200073007
-0.16846415892934
-0.16956160086039
-0.16952576029618
-0.1685401618685
-0.16845056085795
-0.16848640238649
-0.16952576142354
-0.16857600301796
-0.1684438570396
-0.16936448097155
-0.16840801720968
-0.16959235397645
-0.16959235164552
-0.16945408198396
-0.1684474437239
-0.16941824060804
-0.16837888118979
-0.16842828737852
-0.1692748810439
-0.16941824061323
-0.16940032166
-0.16858883232929
-0.16855808246761
-0.16959383295913
-0.16966263097278
-0.1696332342668
-0.16873723379166
-0.16963055804694
-0.16825344018002
-0.16827136024995
-0.16945408030751
-0.16938240027358
-0.16957952028316
-0.1685532733578
-0.16855460067883
-0.1685532734523
-0.16843131383396
-0.16950651293068
-0.16857467305433
-0.16852091311233
-0.16848507297317
-0.16857467306731
-0.16848507313898
-0.16835748042912
-0.16938240262652
-0.16952576080265
-0.16843264045408
-0.1684864012132
-0.16848437840976
-0.16952261956329
-0.1684496885651
-0.16940032023598
-0.1694529308741
-0.16936448121524
-0.16941824319917
-0.16941962916391
-0.16934973850223
-0.16945262797034
-0.16836096028344
-0.16836096032663
-0.16952127108321
-0.16952576139365
-0.16943616028137
-0.16862815451282
-0.16966634923078
-0.1692569602185
-0.16821760012515
-0.16932864087226
-0.16923904026878
-0.16837888157856
-0.16936448248132
-0.16952575992696
-0.16947160800879
-0.16843201037349
-0.16868272138172
-0.16846705163316
-0.16859249198734
-0.16848640171815
-0.16873728331818
-0.1687731215077
-0.16876803427927
-0.16977155292625
-0.16976535539919
-0.16968195309046
-0.16882068345808
-0.16892820312135
-0.16882068230222
-0.16885172120464
-0.16887444291022
-0.16880276273993
-0.16887444334688
-0.16871936209386
-0.16836096096436
-0.16952489119318
-0.16936448093715
-0.16843264054783
-0.16834219975799
-0.1683421997521
-0.16839680030454
-0.16830635946989
-0.16845737025363
-0.16841432669196
-0.1694536854746
-0.16862976320119
-0.16945408140747
-0.1683251204246
-0.16938102908231
-0.16834304020781
-0.16836096034491
-0.16836096035367
-0.16836096028886
-0.16839680034528
-0.16828928032914
-0.16932864034552
-0.16931072030984
-0.16825344014214
-0.1683788806071
-0.16972208140563
-0.16819968011502
-0.16938240075588
-0.16821760025412
-0.16830720022871
-0.16948992126176
-0.16841472040178
-0.16841472034129
-0.16941824034385
-0.16948250845043
-0.16839680123331
-0.16852224038441
-0.16945408089902
-0.16945408432687
-0.16941153576408
-0.16943616140741
-0.16846711254256
-0.16861184201339
-0.16864631082276
-0.16830720024386
-0.16873728033692
-0.16952513050384
-0.16816384012044
-0.16827136022948
