"n_200_d_10_tr_10_a_79x79_idx_1_p_abba2"
789.762538538003
789.762538538003
789.762538538003
789.762538538003
789.762538538003
789.762538538003
789.762538538003
789.762538538003
789.762538538003
789.762538538003
"n_200_d_10_tr_10_a_79x79_idx_1_p_cds3"
3.13639171000801
3.13639171000446
3.13639171000446
3.13639171000446
3.13639171000446
3.13639171000801
3.13639171000446
3.13639171000446
3.13639171000446
3.13639171000801
"n_200_d_10_tr_10_a_79x79_idx_1_p_flooding"
3.13638124600502
3.13638124600146
3.13638124600146
3.13638124600146
3.13638124600502
3.13638124600502
3.13638124600146
3.13638124600146
3.13638124600502
3.13638124600502
"n_200_d_10_tr_10_a_79x79_idx_1_p_mprt2"
349.131473089006
290.154338998001
349.308300490005
314.435670841004
336.835958457005
275.796987590006
286.648847135002
296.625920362004
287.595865559002
333.334540729005
"n_200_d_15_tr_10_a_64x64_idx_2_p_abba2"
476.016984561003
476.016984561003
476.016984561003
476.016984561003
476.016984561003
476.016984561006
476.016984561003
476.016984561003
476.016984561003
476.016984561003
"n_200_d_15_tr_10_a_64x64_idx_2_p_cds3"
2.24029539900528
2.24029539900172
2.24029539900172
2.24029539900172
2.24029539900528
2.24029539900528
2.24029539900172
2.24029539900172
2.24029539900172
2.24029539900528
"n_200_d_15_tr_10_a_64x64_idx_2_p_flooding"
2.24027934200421
2.24027934200066
2.24027934200421
2.24027934200421
2.24027934200421
2.24027934200421
2.24027934200066
2.24027934200421
2.24027934200421
2.24027934200421
"n_200_d_15_tr_10_a_64x64_idx_2_p_mprt2"
237.588163842005
190.731259256001
195.035614954001
198.037982588005
164.145615348005
164.755278421005
140.207805067003
201.656815614001
217.342506610006
172.537575589004
"n_200_d_5_tr_10_a_112x112_idx_0_p_abba2"
1604.958381294
1604.958381294
1604.958381294
1604.958381294
1604.958381294
1604.958381294
1604.958381294
1604.958381294
1604.958381294
1604.958381294
"n_200_d_5_tr_10_a_112x112_idx_0_p_cds3"
1.34416827600603
1.34416827600248
1.34416827600248
1.34416827600248
1.34416827600248
1.34416827600603
1.34416827600248
1.34416827600248
1.34416827600248
1.34416827600248
"n_200_d_5_tr_10_a_112x112_idx_0_p_flooding"
5.37665984800384
5.37665984800029
5.37665984800384
5.37665984800384
5.37665984800384
5.37665984800384
5.37665984800029
5.37665984800384
5.37665984800384
5.37665984800384
"n_200_d_5_tr_10_a_112x112_idx_0_p_mprt2"
554.135164620007
595.436072579002
579.854527254003
645.509171750007
553.431974434005
555.365694268005
547.213120282002
452.938270570005
496.196992656003
579.292726107003
