"n_200_d_10_tr_10_a_79x79_idx_1_p_abba2"
5.11
5.11
5.11
5.11
5.11
5.11
5.11
5.11
5.11
5.11
"n_200_d_10_tr_10_a_79x79_idx_1_p_cds3"
2.4973544973545
2.4973544973545
2.4973544973545
2.4973544973545
2.4973544973545
2.4973544973545
2.4973544973545
2.4973544973545
2.4973544973545
2.4973544973545
"n_200_d_10_tr_10_a_79x79_idx_1_p_flooding"
2.85
2.85
2.85
2.85
2.85
2.85
2.85
2.85
2.85
2.85
"n_200_d_10_tr_10_a_79x79_idx_1_p_mprt2"
5.37755102040816
5.5765306122449
5.61224489795918
5.87244897959184
5.26530612244898
5.14285714285714
5.86224489795918
5.08673469387755
5.26530612244898
5.39795918367347
"n_200_d_15_tr_10_a_64x64_idx_2_p_abba2"
5.46700507614213
5.46700507614213
5.46700507614213
5.46700507614213
5.46700507614213
5.46700507614213
5.46700507614213
5.46700507614213
5.46700507614213
5.46700507614213
"n_200_d_15_tr_10_a_64x64_idx_2_p_cds3"
2.58793969849246
2.58793969849246
2.58793969849246
2.58793969849246
2.58793969849246
2.58793969849246
2.58793969849246
2.58793969849246
2.58793969849246
2.58793969849246
"n_200_d_15_tr_10_a_64x64_idx_2_p_flooding"
3.13
3.13
3.13
3.13
3.13
3.13
3.13
3.13
3.13
3.13
"n_200_d_15_tr_10_a_64x64_idx_2_p_mprt2"
5.62
4.95
5.30653266331658
5.745
5.28140703517588
5.69
5.235
5.1608040201005
5.08
4.91
"n_200_d_5_tr_10_a_112x112_idx_0_p_abba2"
3.40845070422535
3.40845070422535
3.40845070422535
3.40845070422535
3.40845070422535
3.40845070422535
3.40845070422535
3.40845070422535
3.40845070422535
3.40845070422535
"n_200_d_5_tr_10_a_112x112_idx_0_p_cds3"
1.84375
1.84375
1.84375
1.84375
1.84375
1.84375
1.84375
1.84375
1.84375
1.84375
"n_200_d_5_tr_10_a_112x112_idx_0_p_flooding"
2.53
2.53
2.53
2.53
2.53
2.53
2.53
2.53
2.53
2.53
"n_200_d_5_tr_10_a_112x112_idx_0_p_mprt2"
2.96756756756757
2.98421052631579
3.01052631578947
3.05789473684211
2.97297297297297
3.16842105263158
2.99473684210526
3.01081081081081
2.97837837837838
3.05789473684211
