"n_500_d_10_tr_20_a_250x250_idx_1_p_abba2"
4457.763747665
4935.263532354
3835.451601981
4413.290889568
3871.44072061
5105.258007462
5148.192837834
3676.398051437
4281.34452765
4162.009771763
5358.953562188
4682.790534967
3633.886398964
5206.775140799
5614.873633205
4566.767883345
5153.091086459
5352.600578286
3785.787374881
3519.955734509
5822.688743449
4021.712891008
3796.80486212201
4704.67212026501
4284.150135962
4465.205491644
4034.736115479
4110.542587839
3795.633174406
4375.590641125
4520.59682513501
4281.825226001
5397.97592586801
3867.867387713
4414.408820639
5011.506111267
3454.56225136901
4408.397765227
4562.948698629
4602.561944868
3861.32655374201
3356.91026110701
4720.80015327401
4726.51188448201
5162.38350339701
4926.94326306901
4332.60503347301
4408.290240901
5019.400878944
5496.874743433
3835.564850427
3748.45787645601
5897.53477679001
3816.87946244001
4001.06592332801
3494.12870184301
5069.67818768401
4262.74287035601
3185.60267181201
5093.98895828701
4237.24017795101
5705.154773027
4438.18295901101
4996.38498561101
3458.56954240901
3929.66133837201
4225.78221267901
4138.98275917301
3238.88137334701
5313.56467261801
4578.09143928501
5471.43403188401
4394.35929374001
3728.12704703301
5178.65846175901
4765.21629938401
4600.64275595601
3653.77928325101
4886.61796133901
5201.80987676601
4913.82723929401
3336.06860400501
4784.77858717701
3995.69891237901
3981.52752208501
4417.38371953401
5190.23173768501
4228.93628504501
3190.25902672701
3790.94880857901
3486.57305978501
4466.48828576301
4442.73793564
3366.81043927601
3870.03734553501
3936.81179023002
2764.30653672401
3770.75210242801
4028.47156358901
5112.79164023001
"n_500_d_10_tr_20_a_250x250_idx_1_p_cds3"
48.744754257001
30.7762091890034
21.0250726490031
36.6735942720098
37.5696938700116
34.1135145070126
26.6573523040066
24.0972176380083
23.745386208013
25.4733756280014
26.721216399002
38.113830547001
42.6802687990033
31.8734795800033
30.5294507960028
22.048809341003
50.0822126450018
36.577824193003
29.8161810450033
44.9299606200029
42.0497619910023
43.7459739070043
48.5143210690033
9.92051551100559
30.1135866040063
49.026240262009
20.7050338310069
27.2012208730033
24.7051072710036
37.3457021640036
31.0735410660072
28.7767435960049
42.9458310200133
28.3853666670097
25.9213740180115
30.4335204900141
27.4254145370136
40.6739639950029
42.4660025310022
27.521263001006
25.1532790190083
28.6093170840118
27.1372634930014
24.4171196420009
15.5527563780034
19.4250072540036
18.9769876150052
21.600934321004
31.1054938050042
33.5697418320038
27.6494066040058
27.3934462160064
35.9057160300083
28.3854518260043
29.2492680870069
31.5443057020062
29.9855452010078
33.7934659160055
26.0171659480051
30.8811942990062
26.9452770810048
31.6403832990062
42.7220444220069
29.4095886630075
30.0493316620063
21.8250702470044
30.369274842009
39.6497690610076
32.5043746480063
16.608891303008
13.7285707930026
41.7938259700108
30.6892928100098
33.6976443050077
21.7290271510109
19.0087873550056
25.1531062090038
24.1931434930045
16.6408694510025
29.0253708010013
15.1048291010021
27.5214267960031
30.8174323090071
19.5209990260068
25.1211455590052
23.9691913220028
29.7934462350025
9.28039662500524
17.3447897640013
14.5363570750057
9.18446685501095
5.82430203800399
9.05649188200641
1.1840607310063
2.04811178700481
2.04809310000797
0.864048239009207
1.72808762600596
3.68013684700941
1.72804722600262
"n_500_d_10_tr_20_a_250x250_idx_1_p_flooding"
22.6892839590009
19.3609661670013
18.4008664000022
19.8732296660014
21.825067942002
17.7289480770018
20.7371228360014
19.2329572870023
15.8729168760026
26.5613022190028
17.9209949850012
18.3690586970027
20.417046698002
22.0491797350029
21.5052352500038
18.7851251870033
22.4971552070024
19.9691850990025
23.6492707650022
15.0089360570025
17.1848786040023
18.7850958180036
22.593221151002
21.3771066220048
16.512887472004
22.0490040610031
21.6331757850021
16.6408790250046
17.6009644760029
17.8249830390023
19.5210522060023
20.2891508420038
19.6489466630041
21.9532319840035
21.1530392970047
17.7289190130026
17.6009196600049
18.4330230570033
19.4568416560053
22.689033659006
16.0969147570036
19.8729821520054
15.6490084470065
21.2812583750051
19.5920829670051
18.5610148760063
20.2890478050044
20.097101675006
22.1452243910072
22.3692652780052
20.8331086000086
22.0172629020041
24.2893070400072
17.0888212070039
15.8729418940027
18.2410392800065
23.2012965240074
22.7851838900079
18.593028388004
16.0967488950092
24.0085954380049
18.784975946005
20.0970638710061
16.2888475470098
20.09704974801
18.3689961920095
22.3371848540097
19.7770765010077
24.1932984210038
14.6887952290058
16.1928345690043
18.784983101007
16.9608185610102
18.6570450700145
22.0491350070091
21.0571519380096
20.6410875990102
16.6408532470115
22.6572144750108
18.0489998980065
19.5529640810079
16.6088919530054
17.7289128040101
20.0650618060081
19.6809409410079
18.8169265940061
17.2808470110084
23.3293770910095
17.185069044011
21.3772983010116
20.6410658150062
21.6651011670095
22.5521176430092
16.2889301240128
19.6490243790066
17.5050115160076
19.8731294310122
21.1532326340134
13.280801780013
21.9212256470129
"n_500_d_10_tr_20_a_250x250_idx_1_p_mprt2"
25.4732322410014
21.2812363050014
21.2491210260009
17.9209096460013
23.6491148200031
19.6810104520022
24.5452896810026
23.329075000003
27.0093971730017
24.5134092270032
21.9211597660021
23.9052170040033
18.368961294005
21.3771211250027
18.0489787980029
23.1051975940026
20.833099085003
19.9051176770055
19.0409607040039
22.0170314310053
19.8728982930056
20.289109186006
15.3607872110051
24.2893188830067
20.2890602950063
20.5130035550063
19.8730021200078
25.8573248160054
23.3292380960073
23.8731110450061
23.4572528140049
23.4252852970087
17.3769818630092
16.6408276590033
25.1534195440044
21.0571649130031
21.697045532008
19.5529969540047
26.8492635470068
19.96889663301
24.280230975009
30.4014159360051
23.5211095810044
21.4730461490049
23.3612114540094
22.1770185620045
25.0253824130056
16.0648373830057
18.5609872040047
26.1453204820086
19.8729050130098
18.4650578410057
22.6891719210087
21.0891196060103
24.193191179009
18.7850340000111
25.3203426250082
23.0091151260083
23.6492177450103
18.8810739900092
24.5132162110053
20.8330137660084
18.6889647090069
18.3688218160114
19.8089750860078
26.1454923730113
26.3375116560098
20.9612880120105
18.4650203600114
23.3611127900133
22.4651812890073
15.7769138130064
21.1850604260064
21.8250594300144
21.6010970030069
24.9293330770115
16.1927738130103
22.3371903070131
20.641037845003
18.8810631930032
20.9611688270011
20.1931822200017
19.4570660880018
23.6171859280017
24.824223810004
25.0573127760028
21.7931911550036
19.3290854930019
20.1930039370026
23.7450438880025
26.0173739450025
22.2410896070038
18.7850565540018
27.1929937810036
15.6488445600047
19.0089342790039
27.0412440500074
21.0571535150059
19.3291050610043
19.1049556950027
"n_500_d_10_tr_20_a_250x250_idx_1_p_probflood"
22.7853023970015
19.7770432560009
17.6969273010013
20.385111376001
20.968759297002
17.2808931180022
22.5611277330025
17.3770502130015
17.1849031010023
24.8333129770018
17.6970037010022
19.4569215760012
18.1450130680023
20.961252361003
22.9131775020015
19.9051351270025
20.4171773020025
21.7291516450029
25.4092720620029
16.224776578003
16.5448298910036
20.6411371660025
22.5042427560034
20.0010396950034
16.5129237750037
20.2890758790026
22.1770447780045
17.9209003490044
18.3688283310026
17.6970252900048
21.1850413430028
19.2330567260051
18.7849977790044
22.9132439120043
19.2330781370025
19.201078033003
16.9609748570032
17.6008416160052
20.8969481510053
20.7690481760032
17.600923800007
17.0569790850053
16.2247546250036
23.4572043270056
18.8810231210041
19.2329923710055
19.9691709670056
18.6890977220067
23.8413149080046
23.3293587880041
22.241264278005
23.5531569260061
23.8732460710054
16.6410045280045
18.2410707030058
18.5929970280085
23.2332882930066
22.6892985440088
18.2409382640074
18.6889318830055
23.8733049290047
18.3689216460081
20.0971258500076
15.1048358830081
19.233020564009
19.1050950310085
20.6091575180096
20.2892277270053
23.6492245530044
15.104837774004
15.8728354400139
18.2409795960083
14.9128225230086
17.6008477350109
20.9611384040045
21.0571611130064
20.0971022290091
17.4088292070067
23.6493377260061
17.5049256830064
19.3291752310074
16.192860979011
20.097032551007
18.464990187006
19.8730120260109
19.0089370840099
15.9048024130115
22.9772717440113
17.8249970690061
22.5931920740123
19.7770967350124
21.8250653510097
19.9691403140108
17.9848724330114
19.6491300690127
18.7850694720098
21.6970599970097
22.6891424290088
15.5528128830085
23.1372356490098
"n_500_d_15_tr_20_a_204x204_idx_2_p_abba2"
2814.483898987
2045.121613476
2639.713487845
2092.146056892
4097.606509211
3425.952763785
3620.050064651
3771.379697365
3507.86242302
2395.263715014
3265.647639546
2956.605781049
2819.82969983001
2244.733207803
3383.62298302901
2005.82158375601
3328.544471587
2712.91333160601
2193.09390372001
3899.53711670601
2426.10039467701
2760.72381897501
3232.50244414001
3735.58580697301
3491.886654594
2869.403110802
2659.85507357301
3434.62515597701
2455.43495927901
2533.06277580801
3693.69021135301
2081.37710269501
3183.13281468901
3354.54891127701
2888.87553169301
2704.40857377201
3400.29539621301
3972.54537369401
2613.81198880901
3139.23419571401
2521.27886843501
2984.68284560901
3018.82143696801
2733.66079556701
3373.98800071701
3015.99684803201
3850.36382495801
2318.73072037301
2823.18403344301
2674.62441983301
3296.42805872601
3034.57577203401
2870.50840371801
2408.933226558
2775.654570116
3784.765930748
3288.998982692
3863.72562216
2934.990164368
3310.863839283
2629.241419368
3051.772728475
3274.997019776
2840.87298556
2448.952144107
2443.59319949001
2942.143846749
2558.177160395
2986.613104913
2398.24170955701
3408.467709023
3717.15096707801
3288.27386940301
3146.34911005701
2874.97049187801
3167.89111661801
2803.38312533001
2625.43651214201
2048.47780439901
2865.88073657901
3657.27898549901
2808.35494315101
2742.63765011701
3214.07974823001
3463.63700677101
2972.02297636201
2431.62054555601
3187.389216233
3350.473414195
2514.838042809
3947.726913074
3038.76803343701
3477.59873149901
2478.61608716901
3008.31111575801
3074.21516279601
2162.488853983
2535.779257397
3172.87788780401
3438.56220594801
"n_500_d_15_tr_20_a_204x204_idx_2_p_cds3"
21.5049049390013
14.8807547180008
19.1368619150012
13.3126157970018
12.960687709004
15.0087640190044
11.872747310008
20.8330079570089
20.1929917220056
15.2327886790014
15.6487679620021
24.1290294270016
17.6009355240012
18.1449786400023
21.3769939940018
17.6008626720012
21.3680460160024
18.4009286010021
18.784868283003
21.6010142710026
18.240818666003
15.3287202180028
22.1449122900026
25.2491974440048
18.240899071003
19.1369151510017
17.1529792320015
20.2888654560027
19.640732725005
13.2806184110024
16.7368626950051
16.6087974990035
18.0488534250038
16.1929089640047
20.0969859610041
18.2410086260028
13.920811114005
16.7367860460033
19.1049695310035
17.4087910990046
20.3208952870035
18.2729697480042
12.8326222690056
14.4966605180059
12.6086339080054
12.5125949410041
20.0650820690065
17.1847657450073
16.5128843650066
20.7370298440068
14.1447977990055
20.5129536300106
15.6487534960092
18.3689798890043
16.5447684270035
16.5128498730098
12.6406692460037
16.8648410770089
14.0806481000126
14.9127402280058
12.6405584270088
16.6088941460103
12.3205663080057
16.9608710930049
16.9607932810081
14.2407947270087
14.2727406770078
14.3687525590082
14.592729433005
16.54462555301
15.6487215470094
17.1847719010074
15.456726349008
20.9929707640057
19.9690753420114
15.0089302920122
14.4647554310069
16.5128297550083
18.560921157011
19.2649409480126
14.5286728660068
15.136702404007
15.1686948110097
18.1449034550099
18.5608781680102
16.7368408420074
16.9608126460119
16.9608478490026
22.7851461530051
18.1129125540096
22.5931426330064
15.9122743120026
16.9608680730029
13.6008463420083
16.2246725260076
18.1129197300081
20.4170186520045
15.1367335750052
16.3208499900023
15.6166190070017
"n_500_d_15_tr_20_a_204x204_idx_2_p_flooding"
17.2167829760008
10.0485112050013
16.9609435400018
12.2246893830011
13.9208288170014
15.2328081230024
13.6007840970009
12.0007267560016
14.1448496510019
11.2325930000026
14.3687642480028
12.3207469810023
13.0567448340013
13.2807726990016
13.0887130970017
11.232705309002
11.2326803310019
13.0567720340018
13.088706267002
12.6406549500047
14.0486724770028
16.6409460930019
14.3688028390017
14.0487955470014
16.0969518390033
11.3605614790018
11.6486357340051
13.5047610580052
12.9926764460038
11.5526512940036
12.9607682360025
12.7686220720022
14.0488183220029
14.1448151240056
14.1447174740037
15.552837421005
14.1448014110033
12.4165991820036
13.8247613470028
16.4169021040053
13.6007927800073
13.9527332060041
11.5526865270041
13.4087748520066
13.8247922830068
11.2326749830061
13.4087246750063
10.2726093260053
10.592613118007
11.8726835560068
11.5527110710048
13.6007558300086
17.7289528100104
12.3207320960077
14.5928825250081
12.9607715340043
12.7367380390027
13.7286815930082
12.4167963780053
9.50458288800604
13.2166209070093
13.9208019110058
11.552661611006
11.8725565040094
13.5047643930051
14.816805003008
10.6885475150094
8.96053719900891
14.3047368470093
9.18445107001276
16.5129374470041
14.4648457420047
13.0567445810073
14.1448463120071
13.5048044600126
15.7769248010098
15.0961566950087
11.136653907009
12.8647339800096
11.872742132006
12.8646206010075
12.0966931620075
12.4167306340084
12.7366703720071
13.1847510970076
11.872715571009
15.1049099600158
17.7289489180055
12.096736479009
12.4167300100098
13.8247883500142
14.048859007012
13.5047693980113
12.6406893800137
11.5527345320103
12.7367638670108
13.9208729520064
16.6409309490092
12.8647851940116
13.0567094500122
"n_500_d_15_tr_20_a_204x204_idx_2_p_mprt2"
18.6889115960014
12.960652547001
18.1448983240013
14.1448533140025
16.4168253240025
12.0967239930021
14.7848334690028
14.0487174180031
14.6887891900036
12.352521720004
11.8726723500036
14.5927173590046
16.5129306220031
12.7367127540019
12.7367547660029
12.544612485005
13.7287340510035
13.9207933190022
17.2808124760024
17.1849192780051
15.0088059530056
13.184697596003
16.4169068550031
14.0488380650048
14.3687551390066
13.824693463004
15.776913289006
11.3286037010063
13.184665608005
12.0006595880042
13.3126380470046
12.3205805550057
11.5526730550073
13.8247731420051
16.7369546070049
12.8646851320084
14.5927701830075
15.328797149003
13.600676505007
12.1926456130055
14.1766830900067
14.6887428770057
17.056960388004
12.736720071004
10.3685998330079
15.2328557290105
14.9128878830069
15.5528213910046
15.6807876110108
12.0007496710102
12.9926244180112
12.9606122410095
13.1847023910083
13.600821587012
13.6007543410059
15.552840457012
14.9127455880063
12.0006499390115
14.5607517610102
14.1447521820126
17.6969352440111
15.5527948120096
13.3767131300022
14.7848620740021
12.6407038780023
11.1365917290023
12.9606496650041
14.0488019650036
14.1448958430033
14.3687648210076
13.2807244760045
16.9609452170079
14.368824320016
14.4966297140101
13.1847554000029
15.5528710810007
13.9207938400023
13.2808266440012
13.0566962340026
16.5129483390025
16.0648316330025
12.4167661960044
9.82458019500854
13.0566889370058
13.0886705310118
12.4167634440084
15.4960589870115
18.0170939860105
15.6488601870066
13.9208065430019
16.9609321000053
15.136783100008
13.1847909500067
14.496771302003
18.7849989590063
15.3607746680109
12.1926960410121
10.5925701260077
11.7766390850065
14.6888152290074
"n_500_d_15_tr_20_a_204x204_idx_2_p_probflood"
17.2168551730012
12.3205877230008
15.6488498140011
13.6967324000024
13.5047576210017
13.9208495580014
14.2727659320023
12.4167160510016
16.4168561280018
12.6406572640025
14.7207163270018
12.0007523610024
13.5047811040021
14.3688502920014
13.0567163270019
12.1927116220029
12.6406857160024
12.9607708460018
11.9046958590019
12.0006800170032
15.4567084970019
16.0009235220038
14.7848502810035
15.6488397640047
15.4567416440017
10.5925828470035
12.728023361003
13.2807841850031
11.8726895060028
12.3206953290023
12.8647542080031
12.0007349430047
12.7368283640052
14.3687915630046
12.6407643280046
15.0088817230056
14.3687750320041
11.6487239740053
13.280779901006
15.9049204170039
12.8647341520036
12.9607315130045
10.688663378005
13.1847715110034
13.2807871020049
10.3686244900061
12.728022050009
10.720611607006
11.6806223850041
12.0006963670072
12.9606529610058
13.1847747630047
15.5529472970031
12.0967334810089
16.0969125480079
12.7367208540079
14.7847640510079
12.4167559750035
12.4167563920068
10.5926312090077
13.2807886680055
12.4167377590041
10.6886055540087
10.9125962710053
15.0087999360053
14.9128490830037
10.3685569130079
9.728565962007
13.7845647480077
8.96055224800563
16.7370499430106
15.6488556900101
12.8646704120072
14.1448847810111
15.5527916760079
15.0089116510088
14.4967831430094
10.1445544510099
12.4167059800087
12.4167115100136
13.0886815630049
13.2806801320058
11.5526851560119
12.7367339710105
12.6002318440115
12.7367172310073
13.6007895510062
16.6409847050062
12.6406731120099
12.4167760640077
13.6007622470089
15.7768889110059
13.2807102710117
12.3206654780077
13.4960623020106
13.1848381110089
15.2241560100137
16.1929169580119
12.6407003930069
12.2246482180088
"n_500_d_20_tr_20_a_177x177_idx_3_p_abba2"
3149.716053156
1933.926852346
2157.674389717
3767.317589229
1861.415181132
1978.309651226
2534.051393114
1856.082328358
3321.73219348
4060.044381569
2623.67668658001
1866.655241156
2518.146937548
3111.651412839
2360.66663434301
1861.568798575
3759.818447454
2377.664864648
2772.894473518
2291.292132999
2859.284728186
3210.26603570201
2703.687460556
2685.727982968
2917.749698755
3436.87769132901
2137.97803736901
3374.11689350001
3294.938608793
3339.48750921001
2392.27963783701
2778.01916802201
2083.33236150601
1911.74511335701
1882.17925040901
3515.547723023
3042.47436055301
2724.77442339001
1843.37027627101
2887.75016532501
3202.11816248601
2915.24915040601
1844.19878258801
2657.11561900401
2446.592743073
2825.92011920801
2513.24579050401
3428.17875650501
1856.23884929801
2666.87702959101
2235.93785182701
2811.58482017701
3346.08037830801
3077.35673161701
2717.85978067201
2310.88693970101
2229.67720127201
2085.65443750401
2237.71159268901
2763.731873439
2672.612991464
2598.050500845
3219.69317840501
3114.879769756
2260.200340977
2876.818990381
2854.47569935501
2147.573816183
3565.857380023
2711.61832678201
2617.56271056201
2863.04170999101
2783.17628924001
3016.60132218401
2909.29919121501
2124.83763418001
2924.56497285601
1912.47847065401
2737.33609932201
2205.073253269
3180.074511744
2862.128821647
3221.57107963001
3701.55632249001
3107.06841556701
2056.225454273
3327.01647571601
2642.16084665201
2298.15215913701
2085.28924995201
2356.50991902301
2802.259982866
2765.62873081801
1951.03574863001
3478.31844156701
1697.37196791801
3268.76908239101
3119.23726957601
2679.60972676601
1880.539333451
"n_500_d_20_tr_20_a_177x177_idx_3_p_cds3"
15.5526870390013
14.4648356050014
17.0568893020011
16.5447800840006
24.8651361580023
17.4088504530019
14.8807977440022
13.1846689280017
12.3206462760024
18.5610269510015
14.4647382070033
20.8650168210021
18.881003016002
13.8247191160019
11.3285737790036
14.4967243240046
17.0889189290051
16.4488156740035
17.6968655890057
18.3688886370028
19.5529989460042
16.872515415006
17.6008610680043
16.0008758730044
12.4165447810043
16.8648015200077
17.9529225470034
21.2808739320067
11.680613135006
17.1529212790063
14.1447201610063
15.3287119330052
11.552603234005
14.4646716560075
14.1447367710086
13.1846252840049
18.8168261940049
18.8809521220037
14.04881914101
16.8328542850062
15.0087865310056
17.5047914750053
15.232676466006
15.5528467220094
14.5607149100115
13.1843471370061
11.1364021330047
13.4086337410082
13.3766445540076
12.9926170570087
15.4566946770061
14.5607954240106
12.8645845600133
12.1285000380098
13.9208003820102
12.5126528870112
13.824705528009
10.1445297010088
19.0408136840077
14.016684264007
19.1369542090101
19.0480350150111
13.1206313760117
14.4646975830085
18.1448158090092
12.0965832420126
13.1846745800104
13.8246914460112
11.5525660280085
14.5926273720107
14.7848108490081
14.1446260770124
16.2247884740125
16.128750921002
15.0088912400044
14.6566645470045
14.2726008370033
13.2806477030059
14.6886579030046
15.1366125070034
12.9603673830054
15.3287705070024
12.864692701001
14.0167134210039
12.6406250930025
17.6008179440039
15.8727121970053
11.5526788050033
12.7366254090049
16.6408056660075
12.1925292720064
10.7845433080058
16.0007387860048
17.1848545920099
12.7367232230071
15.0405991390024
17.3769226410023
16.9608718490029
17.6327044320033
18.2409155920018
"n_500_d_20_tr_20_a_177x177_idx_3_p_flooding"
11.8727416580011
12.0007059130014
13.184755350002
14.144886057001
13.0566967240018
12.4167485270021
11.2326614580009
11.2326776160021
12.2246722980019
14.6887471850015
9.82455771400126
9.50458368300211
13.6404932550018
10.2726211420023
13.1846563110027
11.5527219950025
11.1366373730029
10.3686177080018
14.8168144240035
15.6489510740023
10.4645709750031
10.7845565060032
9.82458241400153
9.50444350000623
10.9125666060024
10.6886916180038
13.5047092290037
13.9207868350049
13.2807583930052
12.1927336590026
11.5527165880032
14.5927556790042
11.5845867890023
13.2808478310054
13.2808364440038
12.9607989630038
11.4566535330027
12.4167668300075
13.9208171160057
11.0406048920062
11.2326950760036
10.6886161430033
12.0966994780041
9.40852024200467
10.2405336110039
12.3207211940048
15.2328929430041
8.00043894000879
14.8168193470042
12.0967216730072
12.0967040660069
9.50454643400533
13.1847994430032
11.0086141870056
11.4566706720041
14.3688539810043
8.00047008800675
11.9046909030089
11.1366660130088
12.0967876610081
14.9127579210031
12.9607511050054
11.0086845490045
11.5527099090045
12.0967169870099
11.4566032190098
14.048842457008
8.64046444400657
11.6806872930084
12.3206848910087
13.2806578130058
8.96049428700962
9.82461448900551
13.2806917130068
12.0966500560087
14.8167593410093
10.2725954270113
12.0007004050109
10.6886616740098
10.8166420030074
9.31249983700866
12.3206763710115
11.5525832110066
11.8725860820064
8.54443958601081
16.9928663900123
10.6886416780085
13.8248814300113
12.8647591620066
11.0085956690114
10.6886429670112
13.280757210012
10.2725947260112
9.40851310701163
10.6886431920117
9.60059264200908
11.9046470410069
11.5526984530092
11.5527023340078
11.232677170014
"n_500_d_20_tr_20_a_177x177_idx_3_p_mprt2"
12.3206965180014
11.4566700120013
12.7367563170013
10.6886469310012
12.0962829850022
12.0007269630023
11.2722475950022
11.0086312700037
12.4167452510022
12.6406496300042
9.50464573500298
15.7768812860031
11.808530605002
11.0085882700055
10.8165444310018
11.552648241004
10.688656944005
15.4248023800037
16.7688021770047
13.6326356700067
12.3206707110022
11.4566216410026
14.7207756910035
15.2328689910028
13.9207924300067
13.1845990570056
12.9608182280059
13.0886186200065
13.0566842170055
10.9126269630053
13.1847407940064
9.40852870900599
13.3767299910055
15.3289072430063
8.41647200700635
15.6488985170071
12.2246333520053
13.1847389580066
10.0485552910072
13.1847087150092
12.0007163920093
14.7848705460092
9.63246753500613
11.5527134080082
13.9527845560039
12.4167528610073
12.00071272401
17.3767900780035
13.0567099460066
10.368635727005
14.0486774920063
9.1844554180085
13.5366598830089
11.2326431680074
10.5926191180075
11.9046613910072
14.6889089680045
11.2326517760053
11.3286515070072
12.0966739440078
11.7766399460066
10.81650542001
14.4006227110083
12.5765878190052
11.6805972160066
9.00009917400979
13.184620783008
14.6888456730068
15.4567971220061
12.9926138870076
9.82462019101149
10.0485419910115
10.8165744930062
12.0966413270125
13.4086499110069
13.6007712080115
12.3206587320084
15.2329070990014
13.8247492910022
15.8727247220014
12.0967006660013
14.1448338040018
9.82462556600261
13.6007522710031
13.1847482690048
12.3207317210046
15.1048521260044
9.82455514100522
11.648644958008
11.4566187770038
13.0886880220089
9.72855565300534
12.8646582210052
12.3206374440059
12.2246513580109
11.8727752140089
11.4566391100155
14.1447666070036
14.7848969460114
10.0485166410031
"n_500_d_20_tr_20_a_177x177_idx_3_p_probflood"
11.9046710610009
11.232728116001
12.7367159720011
14.0488952450015
10.3686195100021
12.7367489860024
10.3687017480016
12.0967701260017
9.82465407100186
13.0887418210026
10.0485243330013
8.64054485100141
14.1448846400039
9.50457978300179
13.6327318970029
11.7766229770027
11.456621526003
11.232657665003
14.688811511002
15.008872562003
10.0485545740021
10.5926267790046
9.72854877300477
8.96050058800313
11.2325882820024
10.6886528750039
12.3207367340044
12.4167812680049
12.960688190006
12.7367347260048
10.3686288290028
12.4167172250047
11.2326127560038
13.2807885270054
14.1448164510045
13.2807802600077
12.5446242350051
14.0487787760044
14.1447699540045
9.18454341700325
13.5048086140053
10.6886228390053
11.5527113780054
10.0485466610039
10.6886257810039
12.3207012490063
14.144868819006
7.77649284700388
14.0488320110066
11.4566907380045
11.1366817250058
10.0485620720043
12.4167186020046
9.82458527300878
12.6406636130056
13.7288578780073
8.54450212500524
10.3687022910037
11.8726387550083
13.2808239180093
12.960781855007
11.5527417700108
14.4007190340076
12.4167819320036
12.4167170680067
10.9125995030084
14.1448526520094
9.28052569900473
11.5526734960056
10.9125679300135
10.5926300920061
9.40853495301042
12.3206392520103
10.6886025040112
10.6886591090074
14.048849802009
10.9125991280052
11.8727130440064
13.9526520610076
9.50460476100545
8.96046345800983
12.9607130100098
11.6485393340113
11.9045389610122
9.50447421701028
16.1288456880087
9.68832166100952
13.2807815500158
12.416774634012
11.2325952000134
11.2326100420077
13.2807769850061
10.5926364030111
10.4965830930084
11.9046420370097
8.96054059300866
11.7766385170128
11.0086642980107
11.2327318940117
11.1366652990128
"n_500_d_25_tr_20_a_158x158_idx_4_p_abba2"
1870.778172463
2763.742346861
1980.005874216
2028.068475155
2339.029826666
1685.291926936
1698.29080855
2246.48373946
2403.513630389
2115.97937140001
2412.068966076
1655.334536154
3158.151623649
2527.81174427101
1779.14700561701
2005.00308980201
2563.67312443501
1625.625947084
2014.30842541501
2518.90697817001
2554.240945511
2522.39418589901
1875.13504214801
2367.679702774
1509.24037411301
1768.236962374
1824.221571923
2489.16629697101
1597.25856894901
1986.537672826
1509.94211375501
2142.970738031
1431.43508664701
1610.26217378001
2386.44268838101
1908.70017660801
1903.50003301701
2660.20965046101
2345.03325247001
2378.36322156701
2300.82835549301
1788.35909418901
2788.24913719801
2196.75036417701
1688.98525606501
2381.86808088001
2816.05294339801
2776.59357993701
1913.29192726301
1861.236988004
1864.748714375
2020.185773657
2047.081639611
2695.842971248
2052.56142516301
2432.57061331401
1383.74910980101
1913.65354820901
2777.50960773301
2223.80126097701
1979.33586419601
3377.95630852701
1887.35595226901
2333.52993875801
1550.06251905301
1953.14327197101
1435.39352036201
1705.44655332101
2425.34016449701
2520.69317232701
1975.857450437
2125.112578078
1731.387378628
1714.670525612
2152.393285788
1967.71186200001
2301.222912011
2073.92225081101
1723.249307735
1555.77542451301
3041.725110314
1952.05021778101
2496.45064748001
1989.63179244801
1577.68833784201
1809.84122235701
2290.73594153401
2746.100500291
1837.467048432
2563.937699063
2331.537521138
1669.58137917101
2078.373451146
1590.092080761
2187.204528279
3098.24822056601
2302.35868759401
2311.192481509
2121.70227493101
1716.21831452401
"n_500_d_25_tr_20_a_158x158_idx_4_p_cds3"
17.6007995150007
11.8726686320016
18.5041304610021
7.55243583500231
8.44843828500252
13.5046275390032
13.5045691670026
11.5527129140034
17.3768310690043
12.4166028310029
14.2726855330046
10.0485259500047
15.1046598400058
10.7204612700116
10.8165194670065
12.8326753360071
12.86463927201
11.0085679130094
13.4964840120091
13.4085824150105
12.2246474050058
13.856567313006
13.8565670290092
10.912556943012
9.08842256600906
11.232618642012
14.8167213470103
10.496411582011
15.6807530500132
11.5525954420121
10.9125766410116
11.6806127010065
11.7766106170123
15.3287365630135
12.1926228930009
12.7365311280014
10.2724930060027
13.824588439002
15.5526968820041
15.0480584200032
11.6486392340036
11.2326176900055
15.7768205000046
15.4248013230038
12.6406497770049
11.4481285790049
13.0885486260048
12.0966815660069
10.3684856720037
14.9126550790051
11.2326347470066
10.728045893007
11.4565450240036
16.3206703300105
14.0486256720038
10.6245165420091
12.0965255090084
17.6326686240103
12.4166184090058
18.2728218640094
11.8725405680067
15.5847087820078
12.9606932400108
22.6891750100151
13.9206326800121
12.096490226007
13.3126731230107
13.3767139080092
16.1928279350025
20.4487976350016
11.3604872750024
11.7765930240026
12.1285294600035
10.4964920690023
9.4085280990015
15.0087566530033
13.3766911120041
9.72855480300439
11.6486969000071
11.6805739370065
12.9926148930082
10.9125804400065
12.8646533260053
11.6485971110052
10.6886175650089
14.9128482280041
15.3607554120043
12.736643476007
12.000597774005
14.1446652110062
12.9604847950091
10.4004010870113
12.6407034770111
14.0487179800175
12.9606876740098
12.0006124500023
13.7286561610015
11.8725595240043
14.7283287100066
1.72808011300241
"n_500_d_25_tr_20_a_158x158_idx_4_p_flooding"
8.0965162580009
8.9604823500018
9.72851331900149
9.82459680900138
10.6886010920011
9.72858509000218
11.1366910010009
7.7764838840011
9.72856134800182
8.96049400800258
9.28049428200239
7.7764857890017
11.552671129003
6.91239517700204
8.96057444900222
9.50458308300206
9.72856006100287
9.50460497200289
8.64056268000368
8.64055085700244
11.0086468930035
10.5925672020035
9.82463785200238
8.64052097500334
7.77650143900388
8.09653417700318
8.96053776600425
12.000696531004
9.5046205930025
8.64053142600341
10.6886310870031
9.08851489300488
9.40856761700459
11.136658146004
10.3686314800058
8.96052404700498
10.4965617010038
11.232700670007
9.82456821700595
8.09654317700392
9.82453560900609
8.64056813300351
9.82456512900498
9.50459558500327
8.64050085200674
8.86451198600469
8.96052048800655
9.18453277100539
8.0964583040064
8.64058125100442
8.96050656100655
9.7285697650058
10.3686109380092
8.73650641300827
8.09646610300518
8.96053868800806
7.77645414100903
7.77643805200512
9.82450712900373
9.50458282600408
8.64048926001004
8.41651165400492
11.1366998970084
10.9126296080078
8.96056396300793
8.41651980400826
11.5527302250058
11.2326788460066
9.7285444370101
9.18452959400895
10.3686565900105
8.96047996100435
11.8727045220055
8.64050891100732
9.50461530700863
7.23241688700682
9.50462289200971
9.50460314700763
10.36865760301
9.72859601100851
11.328626025005
9.40859720700615
8.64055681201137
9.50457988700748
7.77636655600844
9.40856079601105
9.82455043500607
8.4165130400109
8.96053827101184
8.64052342301136
11.87268147401
7.23248812200694
8.76843922500825
12.0006373910115
8.64057982600741
9.82463964800928
9.72856411401324
10.2726674390112
9.72858142201005
11.552700690018
"n_500_d_25_tr_20_a_158x158_idx_4_p_mprt2"
8.8644897430008
10.368512397001
10.6885336350011
9.82463696800107
11.0406259860021
8.64055634500183
11.8726982360009
12.0006474590024
8.64052659100167
10.8165415030026
7.77644195900251
12.4167342680028
7.6804270360018
12.0006754100039
10.688592421003
10.8164511760034
9.8246301560021
11.3606237130028
9.92056252300344
12.1927082120017
8.96052404700143
8.96055504300364
8.54454104500491
9.5045712570041
10.2726282860033
9.72852156600368
11.4566315440037
12.8645942090024
11.5526680750051
12.672613431004
11.5526723290031
11.0405693840043
8.64050012800632
10.1445235910056
10.2725967870043
11.3605647280046
9.82460192800616
9.72857366500435
7.77644866500538
10.5925621440051
9.50459794500702
8.86449039900583
9.82457840800421
9.18445104800725
8.64056527700541
10.5925868930044
9.18448266700267
10.6885421550089
9.72851169700562
9.28048700900774
8.09643172300412
10.3685535610083
11.0086079020064
9.92052304300728
10.1445429510036
10.3686476840039
10.816515474005
11.872675717008
9.72852005100577
11.5526546190097
8.41648485000945
13.1847327290089
11.4246263500135
10.1764269590063
12.9606353920053
9.82460778600824
11.55269592401
9.50462214001391
11.7766839640083
9.82457341201126
10.7280656700155
8.64056372201105
9.50451434700739
8.96049755800732
9.82456799101072
8.96053445300993
13.0887354820075
7.23239858901081
9.28049726100966
11.1366639830095
10.4965850190126
9.50458535700704
10.9125616720078
11.5526695440096
10.3686395170115
10.6887203080106
8.86451319100168
10.2725575490012
10.6886514920035
9.82451223000425
8.96050140300275
12.4167252470073
8.54451118700439
12.5127181090079
9.91209768501022
8.9605143140048
9.82457263600622
8.76843073201172
11.4566666430029
2.36809656100334
"n_500_d_25_tr_20_a_158x158_idx_4_p_probflood"
9.50449164500089
8.54452060300126
9.72854955100111
9.82457165700179
9.50462962800103
10.6886079240009
12.0006596280025
8.64049439500114
11.2326474180016
8.86449367600228
8.76847399700154
7.23247007100269
12.0967354060024
6.91238481200251
10.7202703440024
9.0884774320017
9.1844732860018
9.5045928310018
12.0006821830021
10.2725756250024
11.2326634690021
9.50457142500127
11.7766187960022
8.86453463500203
8.86450681600337
8.6405297300054
9.4085471150045
11.5527122630041
11.3285961040042
9.08856918800538
10.6886699260045
10.2725714010035
11.4566370690028
12.3207313600062
10.6886035160052
8.96051722000735
10.1445917330061
11.5526980300054
9.72857420700279
8.96050735400422
9.60057044100537
9.82460376600613
9.72854843200466
11.360592407005
9.72853214200597
8.86446295500676
9.8245550130045
10.1445926040071
8.09648445500599
9.82458592500635
9.60050826500591
10.0485786540041
12.2245898620079
8.64044411900267
9.40846177300614
9.82458201200842
9.82450507500943
8.00043162900721
12.0005572850062
8.96058588100601
10.9125219920045
9.60053590001309
11.872738376006
10.9125922360036
10.7206418900105
9.40855129000795
12.1927340320056
12.0006661560055
8.09650717800992
8.96052955000926
10.6885349070041
7.77649181200957
10.6886983650085
9.40853179700696
10.368637439008
8.09643143100658
10.3686260750067
10.6886126110055
12.3207291540055
10.5926106930099
11.3286436610096
9.28057195800847
9.31250144001439
8.86448950500807
7.5523843360088
9.50451417500631
9.08855673400666
7.77649127300606
8.96054305600558
10.0485471670098
13.9207581670107
7.2324419130112
9.28049094500949
10.8166252600128
10.3686437670092
10.3686055370105
10.1446561920113
10.688674282008
9.50460506601303
10.3686760720123
"n_500_d_30_tr_20_a_144x144_idx_5_p_abba2"
2201.37157692
2475.345472576
1808.671827279
2645.089330922
1296.515381835
1520.767361058
2167.401030483
2046.117182793
1577.967213253
2052.716080257
1786.735936592
1766.53402664001
2131.183505974
2330.49387530701
2437.13527981001
1961.015660089
1887.411701201
1683.03408775401
1673.57689841301
1445.476446684
2770.25374965001
2018.29332139601
1738.59527209201
2322.82589770501
2278.417627705
2074.68945940601
2030.52451229301
2191.37150382601
2291.53694492901
2130.30452332701
1198.11596485101
2199.29143903401
1737.31866200101
2627.38717089901
1541.19784096701
2107.72128165301
1285.79619784601
1659.36129182701
2337.34717903701
2087.83377004101
2466.80512130401
1534.96273563501
2228.56050728601
2249.56283211301
1939.056355623
1947.560160061
2041.741749663
2006.866157415
1674.525450427
1253.953563882
2670.155411802
2035.625434838
1292.866111146
1525.296455345
2331.091965353
1663.88186583701
1443.025867387
1853.506838666
1945.23381483001
1459.67739784701
1704.74462664901
1372.58995324401
1577.025679412
1355.119187505
2204.45963541101
1582.58762596601
2042.001205114
2589.57888357801
2537.766060839
2221.26852366001
1847.33984842901
1515.90728129901
1549.28713008801
1828.48813638501
1860.29606488101
1647.63520940301
1597.18326591101
2099.16440737301
2327.828197404
2267.392103102
2685.440798975
2549.424630911
1261.277778073
1911.059411112
1457.61421151401
2289.74272892001
2723.149258027
1900.22462929401
1506.89322799601
2197.59393728601
1511.82959318601
2386.91075671001
1317.34837776801
2039.00049461801
1535.41482687001
2418.407855445
1466.84033044201
1313.32290171501
2542.76892501101
1604.33437039601
"n_500_d_30_tr_20_a_144x144_idx_5_p_cds3"
15.3925372820014
14.5926111730015
13.4960450120012
13.0887109370015
9.37646320400098
12.0006488280016
9.63250334000243
10.0485440690026
12.1926539810016
11.6486117030021
11.5525981090023
13.0566372310028
17.4086859290021
11.2326935130032
11.9686315500029
14.3686516310026
10.4645850550042
9.60049655000361
8.64041373600344
12.1925976390038
14.8166772330036
8.41636920200273
12.4484799030036
12.864626188005
11.6486109750049
15.0088204840024
11.9686793090032
11.5526232940049
10.728039530008
13.5365810050061
13.3766789640042
10.3685911860047
12.7685309340038
9.37640113500393
10.5924391800087
10.0485032050059
8.90406320200654
10.8166300450065
10.3684987760069
12.3525242240063
11.9045380350045
8.54433829400847
9.82458877900427
10.1445768580035
11.5526083450064
10.912603784007
11.0480587060096
13.7925104510046
9.50439749200882
11.0086193960086
11.3285378750092
12.0005311800071
12.4484522490036
11.8726325140059
16.1927844150043
9.28053303400844
14.7846661160074
12.4166356000117
13.9524987170105
9.95245858600668
9.40845575701132
14.6887683790098
12.4166417760065
10.464524331006
9.50457110200631
8.41649288400959
9.50461620001164
10.688522483008
9.28053113000971
12.6405500050097
9.31245244601087
9.28048563901029
11.7766123710084
10.9125337370131
12.2886390720112
8.09651590201099
14.3686662060105
12.2244663530111
12.4485238370085
12.544629550014
9.50443550100744
8.96049341900351
13.0886667510026
13.5047637420023
10.2724942610024
7.23238501500312
10.9124678320036
8.86438511200538
9.8160375910048
11.1364746630045
16.4168043130068
13.7286729040049
9.60042838500641
10.1445821270048
12.6725148590054
11.4566878240083
10.7204681730053
10.5926213490122
10.9125666630092
10.2723986740045
"n_500_d_30_tr_20_a_144x144_idx_5_p_flooding"
9.50461749000198
10.3686398790011
8.96054051600093
8.64058636300147
8.00045318100118
7.68045799200223
6.91244656200141
7.23243058600254
8.64053891500127
8.6405286060014
7.77649189000229
10.5926307440019
9.40862197700199
8.64052253200143
9.50457692200324
8.8645476960032
7.77652823000352
7.77645717500342
6.04839225200315
6.36837432000448
8.64050382600468
9.82458455500179
7.77651104000299
8.09647383300316
6.36834372100381
6.91246554300307
8.6405371840037
6.81641360900187
8.54445940600357
8.9605692170025
8.54450064800361
9.28050466900388
8.64059397100547
7.23244595600292
6.91243249900353
8.96053353800497
6.81636833200372
9.50463598500306
9.82465776800368
9.50454995700412
6.91244073200536
7.13637250700572
7.13642892600319
8.09646003600406
10.6886597310059
8.64055137000719
7.23241059800372
7.77647469000797
6.91242575800644
8.86453670000975
8.6405672100085
8.96055425900499
6.36844450200869
6.8164032510083
7.77650372600647
8.96049838900836
9.50454868300454
8.64054559200866
7.7764749090079
9.824591958008
9.60059418200387
8.54450436900578
7.13638432400643
8.96056659200895
7.7765205000091
8.64055921400819
8.09650568600517
9.50460832200406
9.50459251300373
6.81642054301079
9.40857656600969
9.82459404701075
8.9605834980091
9.82464546900985
6.04833903600621
6.91245364301096
6.9124021340059
7.23243766501014
10.5926353870061
10.5926057200136
6.91244429901161
8.64054677500548
7.23244733900685
8.96057736400735
9.50446067300703
9.72854868700779
8.09648948900588
7.77644859100945
9.72856486900753
7.2324380170059
7.77643037100972
9.72860169800782
8.09650988301058
7.77652220300951
8.00044893701113
9.82458193001179
6.36833824601268
10.6886219350102
8.64055782501083
7.77649125401325
"n_500_d_30_tr_20_a_144x144_idx_5_p_mprt2"
10.6886263410013
10.6886514080013
10.8165442240011
9.82460043400124
7.23243452200073
8.41645823800086
8.09643027300133
9.40859179300269
8.64052832900164
9.08855896100214
10.2726504040014
10.6886417330028
9.95252433500227
9.82458977100187
9.4081921820024
8.73650068000309
7.77639977200195
7.13634722800194
9.60055275700356
9.50458780400254
9.85654144100323
9.18451010800325
7.36030010900279
7.77646876200322
11.0085017780044
7.58440430700347
9.4085118980054
9.50456860700299
9.28052324200479
8.96051789200314
11.5525618770036
7.2324650760045
9.49603258100495
8.96054913100386
6.9124265690057
12.0967162380055
9.50454665600375
9.60046518200386
7.23240463200625
8.86438061400341
8.09645346300414
11.5526965960058
8.64055400700536
7.23238342500565
8.09646320200486
8.22436380400404
8.5445368590058
12.2245568030053
9.50458537000998
8.67242217800879
8.64051632900953
8.64050382200787
8.64056469800545
7.7764748510063
10.6885904430101
8.54441048601018
8.96056177300864
8.09644624600736
10.7205736860081
10.3686320800094
10.9125842120079
9.50460114501084
7.45632053700973
8.0964566880084
7.4564207470047
7.77642684300872
11.4566629810113
9.8246192090059
7.68038539100502
8.54449881801145
7.55244189400628
9.50458764600626
8.64054727600916
9.08846495500626
8.0964488000177
11.2325606220125
7.2324308700118
8.28023934501232
9.50458225700856
8.96055167800824
8.86451075700734
6.27238214101311
10.3686589550094
7.77652658201333
7.77650735100188
6.36840333800848
10.8165306870092
9.50458765200324
8.54450809900698
8.64054658200786
8.96060028300383
10.3685277120107
10.688529182012
9.50460353801219
10.2725776920067
8.96037847400244
9.50460702400591
9.85652567700868
8.22448336801074
11.5527135930051
"n_500_d_30_tr_20_a_144x144_idx_5_p_probflood"
11.552689139001
12.448702926001
11.0085482380011
9.50464841400134
8.41644473500125
8.22448309500068
9.8245940240016
7.77648042100232
9.72853521000339
9.72858382400155
8.96053438400202
11.2326512230023
10.1445509550029
11.5527016250017
11.720222023003
9.40854401800273
10.2725994670028
8.64046825000386
7.23241884400316
7.36039834200319
10.0485374940043
10.8166027560017
11.5846025070034
9.50454069500495
8.54445716300489
8.32040490400487
10.4965010250027
8.32043594800425
10.1765548830031
10.6885889750039
9.63254630000776
8.96054880600516
11.7766084840056
8.41646368200344
8.76842171100378
8.64054119700342
9.50438120200303
11.5526597250053
12.4167744280044
11.3605774230052
11.9045050770055
8.09641933300398
7.77639497700378
9.1844599510047
14.7280537020045
8.96060515500352
9.82456248000929
8.96052931600622
7.68043363300563
9.18447056900717
10.5926215000096
10.048511997006
7.68043507600424
7.55242025700653
11.2644991980062
10.9126032390066
11.0405933770039
9.50458675400512
11.136518947005
11.8726840020074
10.9125796580045
9.63247366900788
7.3284191550087
10.3686621600119
9.312496399005
9.40855634300419
8.44844686300661
9.50462635400839
11.2327196600077
8.48037063200735
11.4565672260056
10.688679725007
10.9125793830103
9.82463597900818
8.32038095401089
8.00046274800792
8.73644245100991
7.23246008301004
11.5526615790102
10.6886315090051
9.28049496101124
9.82453882701151
8.99246654201136
10.4646194640097
9.21646581701197
10.8165392060116
12.4082400770078
8.09645347200671
10.4965340610121
8.09651741501227
8.5444404350099
10.688682372006
8.9605145380105
8.64050312301146
8.54443851800823
9.50457885600997
7.68030105201234
11.9046818900159
9.82459766500909
8.64055910001582
"n_500_d_35_tr_20_a_133x133_idx_6_p_abba2"
1409.981491444
1616.720324265
1551.255733008
2048.891138243
1638.054919398
1416.298116865
1240.941911402
2135.017514583
1320.36787362901
1347.31956648201
1494.38235424601
2284.917331766
1576.16868293901
1847.03699581001
1271.63029132501
2022.32012172001
2224.22774656501
1523.22206511101
1893.59977361701
1752.89810319101
1983.88078354002
1590.81288681001
1914.05496112201
2076.692129029
2022.293996687
2391.359992698
1810.801936211
1611.041482145
1648.680128724
1607.304290641
1452.396884963
1255.425295543
1577.917978629
2147.568206368
1529.276927721
1677.714254277
1757.186008269
2070.075441734
1677.78407482501
1990.49810403201
1160.306595533
2243.26802467801
1303.356701365
1685.763374208
2155.15500827901
2064.798693192
2845.83818240401
1377.02688573001
1452.50419195101
1586.75570239101
2334.32167230001
1870.30842812801
1342.59043764001
1425.18928427001
1239.25005693001
2151.43587535701
1398.20450998801
1199.81811309401
2348.60787688601
1491.71847045
1987.399551564
2103.56785198701
2048.467394401
2077.517793723
2131.740182912
1255.04312207801
1641.93179381301
1909.994808787
1808.66978783801
2125.022321309
2127.68015353501
1643.35626283601
1715.87581180401
1534.66820952401
1840.62986758501
1913.22165151001
1586.12060547901
1557.271509941
2110.35784572501
2244.37763085701
1855.45124989601
1792.52775551401
1376.44333777701
2018.13860552901
2014.82977653101
2160.44588094901
2466.234129441
1559.077084855
1947.878456032
2007.78728439401
2254.35880792801
1504.40743383101
2197.55500163401
1527.644990924
1893.561555654
1415.56019108001
1678.05506519801
1563.951281392
1108.586339304
1678.137285634
"n_500_d_35_tr_20_a_133x133_idx_6_p_cds3"
12.5444986180012
11.5526503410024
13.8246176650032
8.9604785150037
13.1845924510046
9.85641897000633
13.5046726680024
10.1444828830033
13.1206229700069
9.82447537500519
10.4005010330042
10.4644485370038
10.4966148550041
9.31244791900454
11.1365009830031
9.72852459700491
12.640690652006
8.64036554700576
10.3685306760042
8.32042453100357
11.040439281004
8.9605079920041
12.1925807940038
9.7285363770041
13.1845872170047
8.0004581450055
11.3606233710044
8.64057493300407
9.72854271500978
9.60056644700558
9.1845050510031
9.50448856500685
10.4645742780036
11.0086760730042
11.5525760180049
11.2326448740063
8.86418406500411
8.19241214100686
9.28046523500825
9.0884534380109
9.08838381500487
11.0086180780087
9.63248630201008
10.3685521000116
9.63246631501136
10.5925964980074
7.77639617400894
8.64043313900709
10.6885445210096
10.0485429250057
9.18452892501165
10.2726372690114
8.96048614001188
11.5844853920066
10.1841544260068
7.45631838601213
11.3286428320123
9.50442151901143
8.54434993100739
12.7685344940076
10.0483825800017
11.4566860090015
12.9606247300025
11.8727652310024
10.0485205340064
11.6805569510063
9.60053621700752
11.5845274640094
9.18449149600775
10.6885444030098
8.76848040900313
12.5446171620016
9.82454428600477
11.6805478480018
8.09646527100583
9.28053778500626
10.7846495820016
11.0086418870008
12.7366079790026
8.86446988400102
8.09649222800246
9.50450664300284
8.09643702300278
11.7445700870036
10.3685307080035
9.95249143700505
13.2806941170074
10.3685472540107
8.96041610300458
11.1365533270025
8.22442619200814
9.72851975001277
9.72854892600594
8.86448485800884
9.82458249500162
11.5525582170033
8.44842310500837
10.9126386010061
11.3286005830009
12.0966068880008
"n_500_d_35_tr_20_a_133x133_idx_6_p_flooding"
6.91240739400101
7.77650102900118
8.41651917800146
6.04841063600148
8.44845136900219
8.09649935300172
8.09650527700079
9.72855098300229
7.23242400900226
8.9605582360015
8.96056018000202
7.77642868600203
8.44847013100214
7.13637109200249
8.86450598400224
8.64055828300181
7.77648689100197
7.77647047800301
8.64051430000501
6.91239600000415
9.50455510100312
6.9124485750045
9.50456274700429
6.91245647700356
8.64052186800279
6.04836532900421
8.09648144700503
6.91242760100508
8.54449010200398
8.96048416600337
7.45638603800458
6.91246821900293
10.1445299320027
7.68050531400277
7.77648497800243
8.00047103000523
8.64056523200318
8.09647186300566
8.09648385600426
9.82457697500294
7.77646246000785
5.1843546920054
8.09645380800461
7.23245351000656
8.41649823600576
5.50433706100506
6.91241878400461
6.91247513700688
7.77651451900496
7.23243096700443
9.40859662100735
7.23244812800417
8.54448327100243
5.18435110200244
8.96054181200867
8.09647392600255
8.96054358400278
8.64053077000904
8.09651579800885
8.64054647100687
8.00045045001241
8.00048866000935
8.6405402160068
8.64057519700623
7.77644945900846
6.81639079300567
8.09650968700737
8.09648396500506
8.09646246200657
8.54451785100707
8.09645276600435
7.23239819700439
6.91245809300511
8.96052299000871
8.09651938400435
8.09648110001149
5.95232443800597
8.96056467100692
7.77644770401054
8.6405030830079
6.91239268700627
8.64051166500701
6.36841591100534
8.09647730201135
10.2323525450103
8.96058391401056
8.86452963300854
8.00046053001324
7.23247078401101
8.9605406720068
7.77647277801208
8.64056854300799
8.09648184001333
7.23245132301287
6.81639035300918
6.36837677900814
9.5046305150106
6.04841650901022
7.13638431501096
7.77650380101136
"n_500_d_35_tr_20_a_133x133_idx_6_p_mprt2"
9.92048687300073
8.09647759000143
8.96052353400112
6.81641707300162
8.76847007400094
9.08853288200184
9.50455549600093
9.82459007600234
9.50460045500279
7.77651575300276
8.09644797400288
6.0483656770014
10.464548315003
8.54447845000372
9.18451303100198
6.91242657300251
9.8245477150023
8.09644203400239
10.9126216220048
8.09646422100485
10.1445854100035
6.91238636000335
8.54448040000477
8.96049491600337
8.41651264700261
8.76842905300279
8.73647247300369
8.54450208700541
9.60056183500413
8.09652470400479
7.5524375180045
9.60053124600435
7.77649775200473
9.50444336900347
9.82457894000532
8.09650872000844
7.36034674200425
8.64043021000782
6.91243862100421
8.54451360200414
6.04834467200632
9.18446116400418
7.77649319400453
8.09650256800509
8.320437058007
9.60053048700615
6.36834791100682
10.0485529930054
8.41646467200263
8.96052030800831
9.40854203100372
9.60053781900427
10.3685448950088
8.5444846600069
8.4164951010095
9.82460030100896
8.64055004200992
8.09650509100379
7.77647640500589
8.96052228601008
8.09647719501072
7.23238616700428
8.00044976500658
8.64056416900638
10.0804928320102
9.0884681970067
5.95234442801029
8.64056818500814
10.9125534590078
8.96055030200671
7.23239603001247
8.86452113100944
7.77636141200588
8.54448429100785
11.2325850280115
9.82457823801042
9.08843347600907
7.77644309800962
8.96056311001558
8.96051272400911
8.54451432400793
9.82457341300602
9.28048251601155
9.18446287600716
8.00038542100623
6.36835116701207
10.3686343760074
7.13634952501252
8.41650306301034
7.77651662800061
8.41646518600214
8.9605405170019
10.8164963480029
9.28051294800269
11.6486781090046
7.23241658700857
8.41648963501029
6.91239104001085
8.09649175100446
9.72842268001273
"n_500_d_35_tr_20_a_133x133_idx_6_p_probflood"
9.28050081600151
9.40840477100124
8.96057917700155
6.91241950200094
8.45605633200108
7.77656179700159
9.28050313000206
10.9125991280017
8.96056137000301
9.50462356000337
11.5525917830013
9.72851786400142
8.86446032000343
7.26436609800274
10.4645491800035
10.2725981280027
9.12808774500284
10.464502247002
11.0405823470021
8.73647929200239
10.5925820520021
8.00047018900329
10.9125714120033
9.50450809200376
11.2325548990029
7.77642119100364
8.86451931000565
8.54444709000646
11.6486655840049
8.96048222800516
9.63244312800526
8.00044436400427
9.82455470100518
9.72857997200549
9.08847553600367
6.91245960700471
9.85642933500586
10.144539187003
8.32043810700611
10.592602260008
11.2644698230042
8.64041372700441
8.64042873300619
9.18448890800505
10.2084798800064
7.23235259700417
8.00044477000839
6.912470931006
9.28054426600511
8.09648746100677
10.4646113030071
8.64048643600412
9.50446278800854
6.36836920300254
11.5525964930043
9.28051928600837
11.2325599690095
10.592592018007
11.3604734720099
11.2326739350053
8.6404686070054
10.2725245820068
10.1445513790068
11.2326099840061
9.72852253500633
7.77648390700847
11.2645239150098
7.77650043001188
10.9125704330069
8.96053016900566
8.76839921100725
7.13639922800979
10.688554407011
10.2725670070072
10.4644814750046
8.86449381400922
8.86436564501025
11.2326268680079
11.2645071500097
10.4005198880088
8.86446729001023
11.456559866005
6.68835149400593
9.50444592400856
10.0485443060094
10.4646279700162
10.9125677850059
9.2805233910056
9.28052936800583
8.96053257100959
8.99252243001314
10.5925563420115
10.176513411011
9.28054647501142
8.00039946901165
9.28045159300694
11.6486875940112
10.4004210160085
10.5924957590133
10.592508401011
"n_500_d_40_tr_20_a_125x125_idx_7_p_abba2"
2265.580696952
1650.781809624
2244.835247127
1683.401258138
1810.075565304
1803.099456893
1920.000589018
1386.576376942
1964.10489408401
2305.061374299
1343.708010086
1888.23691909901
1393.58330804101
1145.18348047901
2166.84302365201
1931.69567278401
1733.07319743801
1835.09965767901
1860.32996652001
1538.35721455101
1279.29195190601
1674.36359903201
1885.79557685001
2099.90039486401
1227.255743174
2135.304561334
2184.043582519
1965.116900127
1872.343420044
1997.928758522
1305.38885081801
1083.54291645101
1829.27946565701
1421.38231192901
1321.85215131601
1380.97342490001
1901.82661686201
1704.95429947901
1850.21027715301
1437.86998358401
1553.79952592901
1507.49254218301
1907.50149963801
1132.107116361
1159.523923747
1413.989286055
1133.013144638
2118.02749697401
1181.00431845701
1141.91891345301
2185.81010291001
1258.28332770301
1912.24300781601
1216.23144898801
1817.417376986
1801.60942856701
1507.751313569
1938.150449422
1743.68768282601
1544.24748422001
1917.646035658
1604.38583204601
2010.85517570201
1762.311950811
1211.36805807801
2117.52616790201
2017.58916998001
1668.96848295901
1462.79462219201
1863.305080256
1698.833146543
1913.153309146
1260.218954101
1817.944385866
2124.80202631501
1501.251018411
1121.59003547501
1373.94745629101
1730.944726048
1665.83273450401
2132.33284634101
1669.64442005801
2072.80173191801
1819.72850517401
1910.86478641801
1619.536742459
978.633413857004
1694.38135862701
1131.60955891401
1489.896797257
1373.67104666501
1106.11074933501
1346.52974389601
1778.622168201
1864.560236111
1617.28854365401
1495.91716104601
1221.516421999
1575.12724403201
1371.336826304
"n_500_d_40_tr_20_a_125x125_idx_7_p_cds3"
15.5441620350008
7.23244169000381
10.4645996260047
9.28054801700284
9.28053010600394
10.5925911240057
12.6725037900073
9.72851248400275
8.67246712800451
9.63244277800612
9.95243790700329
8.54439189300393
8.86453858400671
7.45637857001213
7.58432431100431
9.85656266400525
8.09637096900673
8.00044811900591
8.00041760901138
6.68839359300932
8.41645722901063
8.09647112401279
8.41637329101275
9.85654772701139
8.22437335501291
10.2724531720018
12.6406354170019
10.3685863000038
8.64045159600302
6.68831867200481
10.4645783410042
8.6404802460045
7.13638103000847
6.81638423700548
9.50455448200671
8.76847303101158
8.13605363700987
8.09647512900824
9.85641180001551
10.1445625550021
12.1360647870024
8.96045962700498
9.50452057800177
8.09651141800316
11.0405711450063
10.1764313310042
7.64835929400576
8.960550851004
11.552583757009
9.63247258100353
10.6885261610046
8.99235383100461
10.9125361670053
10.5925799180113
10.6885947830122
10.5925719260025
9.08838585100114
6.91239545400535
8.96047547100309
7.68038842300456
9.21640180600747
10.5924734390044
7.68032277100872
10.4004917750089
9.7285571750092
7.36030274500621
12.4164907100095
10.4004746860085
10.4645564220078
8.64052551300887
7.68044032101045
7.55238802300795
9.72837567201168
7.77637128901176
9.60044837100149
11.104515947002
8.86450069000588
9.72856822700408
10.1445389240009
11.0086409060015
11.4566169860026
12.1285678070038
9.18451507000739
7.90435758500507
9.18446625000335
9.66440840900162
9.85640105500174
13.4087469230018
11.1365207410028
9.28055890700286
8.64048973500786
9.72851718900358
8.96047784001297
11.4564898860081
11.7765083410015
11.3604744740012
8.544506547004
11.4164083120087
9.95247333700888
10.1445292910114
"n_500_d_40_tr_20_a_125x125_idx_7_p_flooding"
7.23244343500085
7.2324603200018
7.23243053400147
7.77645391800164
7.23242673500124
7.23243123200135
7.23245678000239
7.23241585300194
7.23247970700136
6.91242038200279
6.91246560100112
6.91250832300128
8.41655358400217
6.04840156300313
7.23249604300236
6.9124900150026
6.04835805700255
8.09652351400203
7.77647035300255
9.50454557700198
7.13641336500359
6.04840826600395
8.09648792000317
8.86452539400295
8.64054056600239
7.23242608500385
7.23248295500412
7.6804794750025
8.96052681200388
8.96048481700262
6.81640853200349
6.36838007100238
6.04844566700535
8.64053857800329
8.54454347400591
5.50433057600586
8.96052711300399
7.23247113000625
7.23245351800372
5.18436890200391
7.7764818710051
6.91248797900457
6.81642247500491
7.77647862300412
6.36842992400588
7.23244443700466
6.04840111500593
8.0964685040037
7.23246243900633
6.36844973300654
5.50432604500628
8.64050574400466
9.31254167100803
7.77649463900332
8.64055197001079
5.50432285200486
6.8164415810088
6.0483756910088
6.91244992600559
6.9124421620046
6.91242564100492
5.18436641300468
6.04837616300813
7.23245071800704
5.18436932800626
7.23243657300543
7.77652051300493
8.09651857400695
7.55242728100569
7.77648061900749
7.23244296300862
6.91246135100698
7.7765105960097
5.18434442000881
6.91246174600479
6.81642681500705
7.26434887400984
6.81640351101009
7.77650025401044
6.36835588300499
8.09653570500757
7.2324387140057
7.23240802000902
8.54449637601107
8.99250956600639
5.1843195830088
7.13640318400621
7.2324634960097
6.3684065890115
6.36837351001418
5.18431847201128
8.09650064100964
7.77650199901103
6.04840551500985
7.23241207901282
7.23244976700954
7.23242705500837
6.91248013401236
6.3683589880128
5.18433453800782
"n_500_d_40_tr_20_a_125x125_idx_7_p_mprt2"
8.86446579000122
6.91245799100138
8.09646591600099
8.09640998000205
8.09643849700237
7.68043263600227
6.91245710800104
8.64047999600182
6.91241190300218
9.18447350000307
8.64050787500226
8.09652828100305
6.04841394900291
8.4164844830017
8.09647072200192
6.49603771400287
7.77651734000351
8.86447116400291
8.96054309000327
7.36042143400439
6.36841209700378
8.41652037000529
7.776513860005
9.50460999400349
6.91244728300333
8.73644741200508
7.77645913800384
8.54452218900192
7.77647971400341
6.04838795700502
7.55245081600364
9.28054442000459
9.82454959500245
6.36832771600382
8.64054356000565
6.91248266800315
8.73644614900471
6.91239401200505
8.41649606800488
8.09643273200322
8.0964965790038
6.36832026400569
7.77645096700397
8.00038537700587
8.00046672200594
8.96050262700498
7.23244639700482
7.13636402200635
7.7765263020062
8.73650205900844
8.54449322100947
8.00044775100872
7.68040834700656
6.36832745300353
7.55240164800597
7.2324587070085
6.36837649900457
6.91244243500932
9.08840138400535
8.41652173200913
7.23242862300566
5.18434239801024
8.12842292801008
6.91244231300914
7.55241563000908
7.23238709800711
10.4965566320061
7.13637648100729
8.96052868201025
7.7764459410119
7.45639787200503
8.09649707500881
8.54445580701224
5.1843250880097
7.45638291001427
8.09647080400566
7.55241456401023
6.04838037700972
5.50432205501039
7.77650598600843
10.4965129320078
8.41648007001083
6.9124665430067
7.55243036700648
7.77648692300659
6.59229120500981
5.50433160800878
9.95248381200131
7.59211886600397
7.77650260700824
9.40855012100883
8.32048004800612
5.5043312480052
8.12838340900868
7.68044861801087
7.77646131300713
8.64055639700467
6.36841251601084
6.04835481600929
8.00043639800307
"n_500_d_40_tr_20_a_125x125_idx_7_p_probflood"
15.4161739870009
8.09646867300096
9.85646040900168
7.77651423400094
9.088401435001
8.86447489300224
9.95240912700091
9.2805407410026
9.95253660200213
11.0404651670013
9.72850327900154
8.54436362000222
12.1926384800037
8.86447983300265
9.72859428400241
8.9604820160023
9.53641952300188
11.2325463380021
12.2245471560021
10.8165856080031
8.35240830700457
7.13635903900212
10.9444974650046
8.64051502900409
10.5925679480023
9.28052059200368
11.2645133260045
8.96050997800302
11.0480649030045
10.2725670610049
8.32041846200227
8.5444612990031
9.72849773200224
10.5926106660057
10.6886519590041
8.09640221100594
9.82452487700414
10.5924542280036
9.53645298000794
7.360396313004
11.2325898290031
10.368516107004
8.96047723900395
9.28043403300549
11.6804856050052
9.31247564600568
8.41641800400694
8.44842531100554
9.21645922800707
7.23245347400692
7.87230990000864
9.40835840500398
9.50451007300757
8.6405365910025
10.5925830020084
7.68030419500576
8.09646389000562
7.45632846600586
8.76843151200291
11.0405038260097
7.68045593500943
8.64039961900431
8.6404009990062
9.82456042900992
7.45628983200675
8.09645569800921
9.76040981400672
10.912576207005
11.1365050760099
9.9524707180052
9.08847136600599
10.4964756790054
12.7686364940089
8.22435768300522
10.8165302160046
8.54432648900882
8.64040689700829
9.95241884400855
9.40847386800669
9.18451322601044
10.7846083340064
9.28050449201123
10.0485136150112
10.9126028630087
8.32041454400922
7.55240416800973
8.09637557100729
9.21641672001527
9.50444547201101
8.41648272400874
8.32038293001602
11.1365206410099
12.2245621480062
9.50450142600801
8.67234490001323
9.18447393401323
9.63251096300866
11.5846220060121
9.17622036401156
8.32040880101204
"n_500_d_5_tr_20_a_354x354_idx_0_p_abba2"
1565.086211965
2767.480714375
3106.145792189
1305.024208847
1484.790702288
8148.90968444801
7819.44480783701
1147.67440849801
7254.78617568801
1782.820554306
13918.825687877
10747.144505471
8456.07389140001
1012.91005162001
7947.94781061201
10382.841014709
9883.81737615201
9316.37339672501
8959.77373507701
9422.52352692201
11604.559991169
5431.87123313501
7421.48668995001
10686.814898042
10188.89336202
8496.36310347501
9422.11310525501
1090.19378140401
7566.80181967001
9508.62022844701
6955.78927362601
6305.983254726
6148.543457448
8917.783845929
8139.141794701
6333.72810268001
7578.574331997
7647.743977149
8747.885349973
5549.029686035
6706.903297869
9347.072495091
8311.15492862001
6402.19035941901
8226.50799591001
5387.32913481801
6168.01095092401
8971.09450982401
10508.980083105
7720.51621901701
8858.43004895901
9485.49469919501
6440.89927777001
7973.51017491001
6191.03189924801
5973.08889630801
6845.19946310101
7299.34307727601
9428.51822349501
6498.58283468201
9402.71855391201
8988.58319396201
6998.15350402501
5971.70603152501
3544.888886219
3367.075043949
3830.649337021
7123.628207673
2266.90858948701
4485.04048411601
3873.59302039701
3454.14422003002
4358.320615057
1095.50712579501
969.70675438201
1874.62883370301
2179.11105639301
707.422199530008
1487.186904806
0.864042196006665
494.539858119003
199.347197622004
2872.40614992
1255.227863411
1207.919990171
1423.629173662
1430.39667668701
1136.19373429501
2096.044783061
3066.87607330901
181.897206744004
901.619459044003
202.032073569008
0.864024388008033
1523.26180747
1641.15542817201
1.18404929100535
1.18404408000927
0
0
"n_500_d_5_tr_20_a_354x354_idx_0_p_cds3"
8.2244001570011
12.1925222940025
6.14432499100559
7.00837750200378
3.77621449300847
4.86419964001072
21.4730990820087
17.4730036510056
7.55242888300245
7.58425710900212
4.41618583500514
20.9290926750043
5.72821552000846
7.23229586900942
2.91212783900185
5.72828040300521
9.28043831500958
19.744989745007
45.8580031080009
22.4330751100084
7.87240276800816
23.7771328640122
22.9772406990012
23.0090877010021
38.2097246270021
23.3289890500039
15.2327165690025
17.6007430500036
13.6966531120031
8.51244610400315
4.09618859400496
2.04811521400927
12.1841522160047
23.0731675010105
3.23216326800591
2.5921398370059
6.1443234880052
22.1130927400139
13.72858232601
9.82459541201308
25.1530898630108
21.5690151780095
7.32832219100388
8.73647321800775
8.41645559400916
23.3289848890017
4.41619098500468
1.18404408000927
5.28025239300689
2.04809108700488
21.6403876190014
14.1446151690019
8.09632556500617
3.77618520100498
6.14432605200932
8.73632790200674
10.9124610450095
9.37648169001193
3.68016484900302
2.91211358000609
3.77618543000935
1.18405388600706
5.28028543900128
1.72807041800382
9.05640111300166
8.64039453900212
3.77620962500202
4.41622151300436
2.04810160800406
2.04811064401156
7.87237946800445
6.27232166100455
5.82430634600328
11.0084993450066
6.14434113200346
7.45637079900519
20.1928336090091
15.2007995970038
7.32839144600916
15.8407836230054
2.368119507004
8.55211438300429
0.864061000015681
2.04805714000234
2.04812000600896
7.68031563900173
5.28022745100287
0.864066513006634
5.28022601300648
1.7280815420051
1.18405258500331
2.59215600600271
2.04805246801243
2.36810461800729
2.04812308500379
-Inf
2.04812299700308
2.9121666290095
2.04804877600395
-Inf
"n_500_d_5_tr_20_a_354x354_idx_0_p_flooding"
8.7363099830009
10.2725770220022
16.0967099180027
9.82454165800206
6.68825710900478
9.92052063300264
42.8820109390031
13.6006914430027
52.8345262010035
48.3545333580047
46.5302950480044
47.3943871730036
48.1302754540067
46.9782669280043
50.754533796006
42.3381140670074
50.7226531820066
26.465233999005
60.1627380990095
52.7066144550048
30.8815574910071
51.2668299840087
47.9061270000116
41.9221139390089
37.0255610050094
32.257577338008
53.4105047100084
44.3862399320096
4.32021590600584
38.5299278710107
41.9862590830107
39.0739886620111
28.1934156680066
44.0661844550121
46.6582084450096
38.5044517100113
44.1620950270121
42.946131905012
49.4423650550075
40.513934323009
33.368015294009
39.7778502270043
50.4345012900131
57.5707997420096
31.5215996300111
37.3137768520095
11.0086120040052
39.233512521001
28.8335185200017
45.3680284990021
30.4656143050011
34.3058437240025
34.1456762920025
30.5935039760019
26.7851911080026
27.1054507490014
38.6898057700034
31.9696652470025
26.8812347860017
29.6013293910029
33.6335568110044
35.4256956690051
43.8419655670046
37.6017122720036
28.1291882340042
50.4342668120046
39.2979229850035
33.4734823660057
39.7458776220105
28.833387776011
45.6891419390075
33.5055541290075
43.3300251620068
38.3059106800161
4.09618859400496
1.18404219600876
3.23214837700192
2.36810461800729
6.68833168501237
18.368794866003
23.7452625030024
6.1442902010036
12.41662724901
11.0084843330114
9.72838687601296
12.9605783040017
11.1364382810031
5.95232950500346
2.04812166300883
2.36807739100442
6.59231429900231
6.49624362700507
7.77636725400299
9.6323483080063
7.23233909300447
7.87239679700491
9.8244457300023
1.18402438800302
0
0
"n_500_d_5_tr_20_a_354x354_idx_0_p_mprt2"
8.41630998300147
8.19245503100241
8.12810405400555
31.5213885720063
28.5774157170096
6.04822483200707
10.4644604750028
8.09636348400389
36.76984211301
15.2327264320036
7.96838938400413
32.6325198780069
7.45639533700881
10.9124791070059
40.1618689450061
43.2980723320071
48.3544508820088
2.59212783900331
11.6485574600063
40.6741412080081
42.6260643300083
29.6974955010008
49.5383917900014
30.6573804820012
27.8413603770016
34.0814931820024
22.3371045290026
17.2487787140021
41.6341996190042
34.2096436960055
39.6180022220065
18.6569979570024
30.7536465540039
36.353988634005
29.2494788900157
44.2900503490122
46.1782321740074
37.640367491008
27.4894795970084
31.3689387040128
26.5612205500148
52.4505078990103
25.8893954520012
46.4982577950011
32.7055051250014
41.6341765770021
24.7370916550018
40.1299159270039
31.7773181430034
43.842052371005
31.5216257040092
38.3059282940081
26.3692933970106
13.6966027990013
27.5211281900098
34.4335699230029
24.705323852011
33.1536481870103
15.6486968580047
14.7846968790049
1.18404219600876
11.4245849820094
12.0966224070074
5.82434079900906
9.28038046300372
2.91216537200967
6.36835893701004
3.23218375800494
22.2410903690013
12.4165781180032
24.7052705290045
3.23214999600552
4.6402236490124
13.6006851260078
8.96038687601219
8.00030080800695
1.72807739100378
11.456492324001
7.32833051400306
4.09618929300493
1.18406608601163
7.77634244500192
8.54430099300529
7.23242545400637
7.04032330300208
6.14428985200632
6.68834885600589
6.27234069400373
5.18432496400578
4.96024685200425
9.37644506600144
2.91215349901108
5.60024414100724
3.23213195400385
3.55215600600189
0.864062613004535
4.09618859400496
1.18402438800302
0
0
"n_500_d_5_tr_20_a_354x354_idx_0_p_probflood"
8.86431211700067
12.6405249380017
15.8726784910019
12.736526728002
6.91231389600233
11.4565385200045
41.8900040140038
15.0084438260052
54.6905236890041
51.1383104420062
45.6662341200094
48.9302606430044
49.0261809810058
51.9383866290042
48.3540841180066
54.9786253840061
27.1052169020081
58.3068150440056
51.2985985650047
30.7855020790058
59.7388707300084
46.7280421390086
41.0260928120039
36.0337310660057
32.0655709520068
50.9464634240047
43.7052474250095
6.49621590600447
36.3859253240051
43.6501804900118
40.5459274010056
25.7933543280089
44.1302011380102
45.5702047160074
37.6018950660111
43.0741126920111
44.8341143760089
51.2984690540108
37.4740200070107
34.1360152940098
41.6659810920095
48.5462658280085
54.4027350840111
35.1056581140057
33.8256739810063
14.0165956850069
35.1055500940012
32.6415956060009
43.2338655920006
33.1536185280008
41.6658546900024
36.5136850070016
28.1614901310014
27.009207613002
30.3375778870016
39.8418648640018
31.201684863003
28.6413706830029
27.6493143910024
29.8254982480017
36.7377053450042
45.5701617240045
33.5696707700066
29.8573510660027
48.2902661600058
34.7537729240059
40.0659363060036
30.4655619840091
36.9297771110126
28.0333839500102
41.122143454011
32.9296371940089
38.6578829160129
39.8417964070106
5.95218859400859
2.04805246801243
3.68014837700237
2.36810461800729
6.36833168501028
17.2808722250029
25.2492675220033
12.4166094140037
11.6804556120087
8.96040201300963
6.27227770500483
13.5045893080008
7.00835138700207
6.46430495500283
1.72812166300673
2.04808154200364
7.09613584500346
6.91232905600359
6.59231089000656
6.04834885600525
7.23237009900402
6.68836371500703
9.6324561690011
1.72804877600896
-Inf
-Inf
