"n_500_d_10_tr_20_a_250x250_idx_1_p_abba2"
500
500
500
500
500
499
500
500
499
500
500
500
499
500
500
500
500
500
500
500
500
500
500
500
500
500
500
499
498
500
499
500
500
500
499
500
500
500
500
499
499
500
500
500
500
500
500
500
500
500
500
500
500
499
500
499
499
499
499
499
499
499
492
499
499
499
499
499
499
497
499
499
499
499
499
499
499
499
499
499
499
499
499
499
500
498
499
499
500
500
431
489
500
500
499
498
499
500
499
485
"n_500_d_10_tr_20_a_250x250_idx_1_p_cds3"
494
476
402
481
482
451
431
367
374
471
489
462
322
491
500
485
482
443
494
453
478
457
486
142
464
451
371
456
390
480
476
460
431
452
418
412
476
426
493
434
432
483
474
488
277
302
297
294
471
480
397
485
340
338
357
455
463
467
490
476
475
477
471
463
473
404
374
421
292
242
137
452
413
463
335
215
383
453
186
388
176
227
412
352
364
285
299
96
237
248
66
65
67
5
18
9
7
11
28
11
"n_500_d_10_tr_20_a_250x250_idx_1_p_flooding"
500
500
500
500
500
500
500
500
500
500
500
500
500
500
500
500
500
500
500
500
500
500
500
500
500
500
500
500
499
500
500
500
500
500
500
500
496
500
500
500
500
500
500
500
500
500
500
500
500
500
500
500
500
500
500
500
500
500
500
500
500
500
500
499
499
499
499
499
499
499
499
499
499
499
499
499
499
499
499
499
499
499
499
499
499
499
499
499
499
499
499
499
499
499
499
499
499
500
500
500
"n_500_d_10_tr_20_a_250x250_idx_1_p_mprt2"
500
500
500
500
500
500
500
499
500
500
500
500
494
495
499
500
500
495
500
500
500
499
500
497
500
500
500
500
499
500
499
498
499
500
499
500
500
500
500
500
500
497
491
499
497
499
499
499
496
499
497
498
494
498
498
499
499
499
499
499
497
499
499
499
499
499
499
499
497
499
498
499
497
498
499
498
488
500
500
500
500
500
500
499
499
500
497
500
499
500
500
500
498
499
497
498
498
498
499
490
"n_500_d_10_tr_20_a_250x250_idx_1_p_probflood"
500
500
500
500
500
500
500
500
500
500
500
500
500
500
500
500
500
500
500
500
500
500
500
500
500
500
500
500
500
500
500
500
500
500
500
500
496
500
500
500
500
500
500
500
500
500
499
500
500
500
500
500
500
500
500
500
500
500
500
500
500
500
500
499
499
499
499
499
499
499
499
499
499
499
499
499
499
499
499
499
499
499
499
499
499
499
499
499
499
499
499
499
499
499
499
499
499
500
500
500
"n_500_d_15_tr_20_a_204x204_idx_2_p_abba2"
500
500
500
500
500
500
500
500
500
500
500
500
500
500
500
500
500
500
500
500
500
500
500
500
500
500
500
500
500
500
500
500
500
500
500
500
500
500
500
500
500
500
500
500
500
500
500
500
500
500
500
500
500
500
500
500
500
500
500
500
500
500
500
500
500
500
500
500
500
500
500
500
500
500
500
500
500
500
500
500
500
500
500
500
497
500
500
500
500
500
500
500
500
500
500
500
500
500
500
500
"n_500_d_15_tr_20_a_204x204_idx_2_p_cds3"
473
500
487
482
490
494
495
492
494
500
500
500
500
500
497
500
500
494
472
495
494
500
500
500
499
485
485
500
500
495
493
494
494
493
499
493
497
497
481
481
499
500
495
495
496
496
499
499
500
496
493
493
495
494
498
497
500
499
495
500
500
500
499
492
486
485
483
469
497
499
494
485
497
496
499
499
496
496
491
469
481
452
495
496
488
489
497
469
495
497
497
493
487
492
492
500
498
459
469
469
"n_500_d_15_tr_20_a_204x204_idx_2_p_flooding"
500
500
500
500
500
500
500
500
500
500
500
500
500
500
500
500
500
500
500
500
500
500
500
500
500
500
500
500
500
500
500
500
500
500
500
500
500
500
500
500
500
500
500
500
500
500
500
500
500
500
500
500
500
500
500
500
500
500
500
500
500
500
500
500
500
500
500
500
500
500
500
500
500
500
500
500
500
500
500
500
500
500
500
500
500
500
500
500
500
500
500
500
500
500
500
500
500
500
500
500
"n_500_d_15_tr_20_a_204x204_idx_2_p_mprt2"
500
500
500
500
500
500
499
500
500
500
500
500
500
500
500
500
500
500
500
499
500
500
500
500
500
500
500
500
500
500
500
500
500
500
497
500
497
497
500
499
500
500
500
500
500
500
500
500
500
500
500
500
500
500
500
500
494
500
500
500
499
500
500
500
495
500
500
500
500
500
500
500
500
500
500
500
499
500
500
500
500
500
500
500
500
500
500
500
500
500
500
500
500
499
500
500
500
500
500
500
"n_500_d_15_tr_20_a_204x204_idx_2_p_probflood"
500
500
500
500
500
500
500
500
500
500
500
500
500
500
500
500
500
500
500
500
500
500
500
500
500
500
500
500
500
500
500
500
500
500
500
500
500
500
500
500
500
500
500
500
500
500
500
500
500
500
500
500
500
500
500
500
497
500
500
500
500
500
500
500
500
500
500
500
500
500
500
500
500
500
500
500
500
500
500
500
500
500
500
500
500
500
500
500
500
500
500
500
500
500
500
500
500
500
500
500
"n_500_d_20_tr_20_a_177x177_idx_3_p_abba2"
500
498
498
500
500
500
500
500
500
498
500
500
500
500
500
490
500
500
499
499
500
499
500
500
500
500
499
500
500
500
500
500
500
500
500
500
500
500
500
500
500
500
498
500
500
500
500
500
500
500
500
500
500
500
500
500
500
500
500
500
500
500
500
500
500
500
500
500
500
500
500
500
500
500
500
500
500
500
500
498
500
500
500
500
498
500
500
500
500
500
500
498
500
500
500
500
500
500
500
500
"n_500_d_20_tr_20_a_177x177_idx_3_p_cds3"
500
497
495
498
494
479
500
500
498
498
495
495
499
499
497
497
499
493
498
500
490
488
499
482
487
487
499
478
500
498
499
499
499
499
497
494
500
498
497
498
497
497
496
496
498
498
491
491
498
498
484
484
498
496
488
489
496
485
498
484
483
497
498
498
491
489
493
489
495
497
497
471
491
490
490
499
499
497
497
500
500
485
484
488
488
490
404
496
496
498
496
496
498
497
497
498
498
494
487
497
"n_500_d_20_tr_20_a_177x177_idx_3_p_flooding"
500
500
500
500
500
500
498
498
498
500
500
500
500
500
500
500
500
500
500
500
500
500
500
500
500
500
500
500
500
500
500
500
500
500
500
500
500
500
500
500
500
500
500
500
500
500
500
500
500
500
500
500
500
500
500
500
500
500
500
500
500
500
500
500
500
500
500
500
500
500
500
500
500
500
500
500
500
500
500
500
500
500
500
500
500
500
500
500
500
500
500
500
500
500
500
500
500
500
500
500
"n_500_d_20_tr_20_a_177x177_idx_3_p_mprt2"
499
500
500
499
498
500
500
500
500
500
500
500
500
499
500
500
500
500
500
500
499
499
499
499
500
499
500
500
500
500
500
500
500
500
500
500
500
500
500
500
500
500
500
500
500
500
500
500
500
500
500
500
500
500
500
500
500
498
500
500
500
500
500
500
500
499
500
500
500
500
500
500
500
500
499
500
500
500
500
498
498
500
500
490
500
499
500
500
500
500
500
500
500
500
500
500
500
500
500
500
"n_500_d_20_tr_20_a_177x177_idx_3_p_probflood"
500
500
500
500
500
500
498
498
498
500
500
500
500
500
500
500
500
500
500
500
500
500
500
500
500
500
500
500
500
500
500
500
500
500
500
500
500
500
500
500
500
500
500
500
500
500
500
500
500
500
500
500
500
500
500
500
500
500
500
500
500
500
500
500
500
500
500
500
500
500
500
500
500
500
500
500
500
500
500
500
500
500
500
500
500
500
500
500
500
500
500
500
500
500
500
500
500
500
500
500
"n_500_d_25_tr_20_a_158x158_idx_4_p_abba2"
500
500
500
500
500
500
500
500
500
500
500
500
500
500
500
500
500
500
500
500
500
500
500
500
500
500
500
500
500
500
500
500
500
500
500
500
500
500
499
500
500
500
500
500
500
500
500
500
500
500
500
500
500
500
500
500
500
500
500
500
500
500
500
500
500
500
500
500
500
500
500
500
500
500
500
500
500
500
500
500
500
500
500
500
500
500
500
500
500
499
500
500
500
500
500
500
500
500
500
500
"n_500_d_25_tr_20_a_158x158_idx_4_p_cds3"
489
491
491
330
325
500
499
500
500
500
500
497
498
499
500
500
500
497
497
500
495
498
495
500
496
498
499
497
497
496
496
495
495
500
500
500
488
500
500
485
500
493
500
500
494
493
495
482
498
498
491
490
499
500
497
498
486
500
497
500
499
499
490
497
500
500
499
499
500
500
490
487
461
500
500
489
487
500
500
500
500
498
500
495
494
498
497
499
500
499
499
494
498
483
486
500
487
494
494
23
"n_500_d_25_tr_20_a_158x158_idx_4_p_flooding"
500
500
500
500
500
500
500
500
500
500
500
500
500
500
500
500
500
500
500
500
500
500
500
500
500
500
500
500
500
500
500
500
500
500
500
500
500
500
500
500
500
500
500
500
500
500
500
500
500
500
500
500
500
500
500
500
500
500
500
500
500
500
500
500
500
500
500
500
500
500
500
500
500
500
500
500
500
500
500
500
500
500
500
500
500
500
500
500
500
500
500
500
500
500
500
500
500
500
500
500
"n_500_d_25_tr_20_a_158x158_idx_4_p_mprt2"
500
500
500
500
500
500
500
500
500
499
500
500
500
500
500
500
500
500
500
500
500
500
500
500
500
500
500
500
500
500
500
500
500
500
500
500
500
500
500
500
500
500
500
500
500
500
500
500
500
500
500
500
500
500
500
500
500
500
500
500
500
500
500
500
500
500
500
500
500
500
500
500
499
500
500
500
500
500
500
500
500
500
500
500
500
500
500
500
500
500
500
500
500
500
500
500
500
500
500
21
"n_500_d_25_tr_20_a_158x158_idx_4_p_probflood"
500
500
500
500
500
500
500
500
500
500
500
500
500
500
500
500
500
500
500
500
500
500
500
500
500
500
500
500
500
500
500
500
500
500
500
500
500
500
500
500
500
500
500
500
500
500
500
500
500
500
500
500
500
500
500
500
500
500
500
500
500
500
500
500
500
500
500
500
500
500
500
500
500
500
500
500
500
500
500
500
500
500
500
500
500
500
500
500
500
500
500
500
500
500
500
500
500
500
500
500
"n_500_d_30_tr_20_a_144x144_idx_5_p_abba2"
500
500
500
500
500
500
500
500
500
500
500
500
500
500
500
500
500
500
500
500
499
500
500
500
500
499
500
500
500
500
500
500
500
500
500
500
500
500
500
500
500
500
500
500
500
500
500
500
500
500
500
500
500
500
500
500
500
500
500
500
500
499
500
499
500
500
500
500
500
500
500
500
500
500
500
500
500
500
500
500
500
500
500
500
500
500
500
500
500
500
500
500
500
500
500
500
500
500
500
500
"n_500_d_30_tr_20_a_144x144_idx_5_p_cds3"
500
500
500
500
497
500
498
500
493
489
491
500
500
500
500
495
500
493
492
499
500
494
494
493
493
496
497
500
500
499
498
495
490
500
500
500
499
499
499
496
500
500
491
499
500
499
500
499
491
492
494
499
499
500
500
494
495
490
490
497
497
497
500
500
499
499
499
498
499
499
500
499
500
500
500
500
500
500
500
500
499
500
500
500
500
496
496
493
500
500
493
493
492
500
500
500
500
500
495
485
"n_500_d_30_tr_20_a_144x144_idx_5_p_flooding"
500
500
500
500
500
500
500
500
500
500
500
500
500
500
500
500
500
500
500
500
500
500
500
500
500
500
500
500
500
500
500
500
500
500
500
500
500
500
500
500
500
500
500
500
500
500
500
500
500
500
500
500
500
500
500
500
500
500
500
500
500
500
500
500
500
500
500
500
500
500
500
500
500
500
500
500
500
500
500
500
500
500
500
500
500
500
500
500
500
500
500
500
500
500
500
500
500
500
500
500
"n_500_d_30_tr_20_a_144x144_idx_5_p_mprt2"
500
500
500
500
500
500
500
500
500
500
500
500
500
500
500
500
500
500
500
500
500
500
500
500
500
500
500
500
500
500
500
500
500
500
500
500
500
500
500
500
500
500
500
500
500
500
500
500
500
500
500
500
500
500
500
500
500
499
500
500
500
500
500
500
500
500
500
500
500
500
500
500
500
500
500
500
500
500
500
500
500
500
500
500
500
500
500
500
500
500
500
500
500
500
500
500
500
500
500
500
"n_500_d_30_tr_20_a_144x144_idx_5_p_probflood"
500
500
500
500
500
500
500
500
500
500
500
500
500
500
500
500
500
500
500
500
500
500
500
500
500
500
500
500
500
500
500
500
500
500
500
500
500
500
500
500
500
500
500
500
500
500
500
500
500
500
500
500
500
500
500
500
500
500
500
500
500
500
500
500
500
500
500
500
500
500
500
500
500
500
500
500
500
500
500
500
500
500
500
500
500
500
500
500
500
500
500
500
500
500
500
500
500
500
500
500
"n_500_d_35_tr_20_a_133x133_idx_6_p_abba2"
500
500
500
500
500
500
500
500
500
500
500
500
500
500
500
500
500
500
500
500
500
500
500
500
500
500
499
500
500
500
500
500
500
500
500
500
500
500
500
500
500
500
500
500
500
500
500
500
500
500
500
500
500
500
500
500
500
500
500
499
500
500
500
500
500
500
500
500
500
500
500
500
500
500
500
500
500
500
500
500
500
500
500
500
500
500
500
500
500
500
500
500
500
500
500
500
500
500
500
500
"n_500_d_35_tr_20_a_133x133_idx_6_p_cds3"
499
500
500
500
500
499
500
500
500
500
500
498
500
495
495
496
499
500
500
500
500
494
493
499
499
484
484
500
500
499
499
500
500
500
500
498
498
498
499
499
499
500
500
500
500
500
500
497
497
498
500
500
500
499
500
499
500
500
500
500
500
500
500
500
497
497
496
497
499
498
500
499
499
499
500
500
500
500
500
500
500
500
500
500
495
496
499
499
498
499
500
497
498
498
499
499
500
500
500
500
"n_500_d_35_tr_20_a_133x133_idx_6_p_flooding"
500
500
500
500
500
500
500
500
500
500
500
500
500
500
500
500
500
500
500
500
500
500
500
500
500
500
500
500
500
500
500
500
500
500
500
500
500
500
500
500
500
500
500
500
500
500
500
500
500
500
500
500
500
500
500
500
500
500
500
500
500
500
500
500
500
500
500
500
500
500
500
500
500
500
500
500
500
500
500
500
500
500
500
500
500
500
500
500
500
500
500
500
500
500
500
500
500
500
500
500
"n_500_d_35_tr_20_a_133x133_idx_6_p_mprt2"
500
500
500
500
500
500
500
500
500
500
500
500
500
500
500
500
500
500
500
500
500
500
500
500
500
500
500
500
500
500
500
500
500
500
500
500
500
500
500
500
500
500
500
500
500
500
500
500
500
500
500
500
500
500
500
500
500
500
500
500
500
500
500
500
500
500
500
500
500
500
500
500
500
500
500
500
500
500
500
500
500
500
500
500
500
500
500
500
500
500
500
500
500
500
500
500
500
500
500
500
"n_500_d_35_tr_20_a_133x133_idx_6_p_probflood"
500
500
500
500
500
500
500
500
500
500
500
500
500
500
500
500
500
500
500
500
500
500
500
500
500
500
500
500
500
500
500
500
500
500
500
500
500
500
500
500
500
500
500
500
500
500
500
500
500
500
500
500
500
500
500
500
500
500
500
500
500
500
500
500
500
500
500
500
500
500
500
500
500
500
500
500
500
500
500
500
500
500
500
500
500
500
500
500
500
500
500
500
500
500
500
500
500
500
500
500
"n_500_d_40_tr_20_a_125x125_idx_7_p_abba2"
500
500
500
500
500
500
500
500
500
500
500
500
500
500
500
500
500
500
500
500
500
500
500
500
500
500
500
500
500
500
500
500
500
500
500
500
500
500
500
500
500
500
500
500
500
500
500
500
500
500
500
500
500
500
500
500
500
500
500
500
500
500
500
500
500
500
500
500
500
500
500
500
500
500
500
500
500
500
500
500
500
500
500
500
500
500
500
500
500
500
500
500
500
500
500
500
500
500
500
500
"n_500_d_40_tr_20_a_125x125_idx_7_p_cds3"
407
500
500
500
500
500
500
500
499
500
500
500
499
500
500
500
500
500
500
500
500
499
499
499
500
500
500
500
500
500
500
500
500
500
500
492
490
500
496
500
500
500
500
500
500
500
500
500
500
500
500
500
500
500
500
500
500
500
500
500
500
500
500
500
500
500
500
500
500
500
500
500
499
500
498
497
500
500
500
500
500
500
500
500
500
500
500
500
500
500
500
500
500
500
500
500
500
500
500
500
"n_500_d_40_tr_20_a_125x125_idx_7_p_flooding"
500
500
500
500
500
500
500
500
500
500
500
500
500
500
500
500
500
500
500
500
500
500
500
500
500
500
500
500
500
500
500
500
500
500
500
500
500
500
500
500
500
500
500
500
500
500
500
500
500
500
500
500
500
500
500
500
500
500
500
500
500
500
500
500
500
500
500
500
500
500
500
500
500
500
500
500
500
500
500
500
500
500
500
500
500
500
500
500
500
500
500
500
500
500
500
500
500
500
500
500
"n_500_d_40_tr_20_a_125x125_idx_7_p_mprt2"
500
500
500
500
500
500
500
500
500
500
500
500
500
500
500
500
500
500
500
500
500
500
500
500
500
500
500
500
500
500
500
500
500
500
500
500
500
500
500
500
500
500
500
500
500
500
500
500
500
500
500
500
500
500
500
500
500
500
500
500
500
500
500
500
500
500
500
500
500
500
500
500
500
500
500
500
500
500
500
500
500
500
500
500
500
500
500
500
500
500
500
500
500
500
500
500
500
500
500
500
"n_500_d_40_tr_20_a_125x125_idx_7_p_probflood"
500
500
500
500
500
500
500
500
500
500
500
500
500
500
500
500
500
500
500
500
500
500
500
500
500
500
500
500
500
500
500
500
500
500
500
500
500
500
500
500
500
500
500
500
500
500
500
500
500
500
500
500
500
500
500
500
500
500
500
500
500
500
500
500
500
500
500
500
500
500
500
500
500
500
500
500
500
500
500
500
500
500
500
500
500
500
500
500
500
500
500
500
500
500
500
500
500
500
500
500
"n_500_d_5_tr_20_a_354x354_idx_0_p_abba2"
46
46
48
43
43
378
398
16
414
43
430
418
369
17
415
390
386
386
390
380
385
380
359
393
385
320
364
25
410
425
379
394
370
329
341
310
225
205
394
349
226
366
365
200
310
187
200
338
349
333
354
378
362
320
330
326
342
361
350
355
361
311
313
273
105
119
113
218
65
222
75
75
85
29
29
43
49
10
42
3
6
4
61
36
35
35
32
32
31
49
4
36
6
2
26
25
3
3
1
1
"n_500_d_5_tr_20_a_354x354_idx_0_p_cds3"
41
39
27
26
17
17
103
97
35
35
17
140
14
36
4
15
27
93
154
77
38
102
228
100
162
150
78
84
46
46
9
4
49
128
12
6
42
87
64
80
106
103
19
53
37
74
15
2
11
7
106
81
18
18
24
29
43
27
14
9
12
1
21
3
41
37
14
23
5
5
28
35
35
28
29
28
68
47
30
49
7
35
1
4
4
29
13
2
13
4
1
6
3
4
5
0
11
12
2
0
"n_500_d_5_tr_20_a_354x354_idx_0_p_flooding"
44
45
46
48
43
43
426
43
444
302
423
385
402
399
406
437
419
303
415
438
445
445
425
428
353
347
381
408
16
386
383
397
375
387
385
385
387
399
392
397
364
395
395
392
362
348
47
386
385
416
366
396
398
399
375
370
389
334
370
205
209
234
260
257
176
391
249
332
343
313
302
353
360
362
10
3
6
4
29
105
98
24
51
50
45
61
58
26
6
4
35
35
35
35
31
30
42
2
1
1
"n_500_d_5_tr_20_a_354x354_idx_0_p_mprt2"
36
23
32
170
224
16
48
43
352
73
35
280
42
82
353
354
305
4
39
336
265
228
366
352
189
297
236
116
315
280
310
217
266
304
271
322
282
314
306
245
224
349
134
374
317
276
125
212
175
240
276
288
233
57
104
128
139
143
83
81
3
36
60
20
24
8
18
13
117
69
87
9
25
51
45
23
4
56
23
15
5
35
31
30
34
35
35
30
35
12
41
7
14
12
6
3
10
2
1
1
"n_500_d_5_tr_20_a_354x354_idx_0_p_probflood"
44
45
46
48
43
43
426
43
444
428
385
402
399
406
437
419
303
415
438
445
445
433
428
353
347
381
408
16
386
383
397
375
387
385
385
387
399
392
397
364
395
395
392
362
353
47
386
385
429
268
396
398
399
375
370
389
334
370
205
209
234
260
257
176
391
255
249
332
343
313
302
353
360
362
10
3
6
4
29
105
85
51
50
45
24
61
40
26
6
4
35
35
35
35
31
30
42
2
0
0
