"n_500_d_10_tr_20_a_250x250_idx_1_p_abba2"
348
347
363
359
355
354
354
355
359
354
344
354
344
346
358
357
352
348
348
348
351
347
348
358
351
353
360
355
352
359
357
347
356
351
347
353
352
353
350
352
351
348
343
351
348
350
345
353
344
344
346
344
341
353
356
348
349
350
347
347
345
345
340
347
345
348
345
336
340
339
348
356
348
347
351
364
358
357
361
344
358
349
355
347
352
354
355
352
352
360
266
330
349
352
347
348
361
361
354
340
"n_500_d_10_tr_20_a_250x250_idx_1_p_cds3"
288
242
212
232
234
224
212
185
188
251
272
259
164
254
272
267
260
230
258
224
234
228
249
73
220
222
171
220
189
217
237
226
220
225
202
200
237
220
259
212
212
237
256
270
161
155
156
147
237
246
196
236
157
156
162
200
215
229
239
242
244
247
248
248
236
211
195
210
143
120
63
217
206
237
170
102
206
242
83
207
73
111
219
174
192
149
154
43
136
128
25
23
24
1
5
3
1
5
7
5
"n_500_d_10_tr_20_a_250x250_idx_1_p_flooding"
500
500
500
500
500
500
500
500
500
500
500
500
500
500
500
500
500
500
500
500
500
500
500
500
500
500
500
500
499
500
500
500
500
500
500
500
496
500
500
500
500
500
500
500
500
500
500
500
500
500
500
500
500
500
500
500
500
500
500
500
500
500
500
499
499
499
499
499
499
499
499
499
499
499
499
499
499
499
499
499
499
499
499
499
499
499
499
499
499
499
499
499
499
499
499
499
499
500
500
500
"n_500_d_10_tr_20_a_250x250_idx_1_p_mprt2"
366
381
367
380
386
388
383
350
358
367
387
380
351
374
371
363
371
385
375
359
365
377
359
385
356
372
347
350
364
345
373
397
355
370
346
392
370
372
380
381
371
358
346
341
349
353
367
347
357
368
354
368
375
345
369
381
361
371
389
381
415
371
382
388
351
366
350
363
362
363
351
404
365
402
401
384
370
370
391
363
372
381
376
376
372
364
385
406
385
378
380
379
331
352
370
352
358
326
374
361
"n_500_d_10_tr_20_a_250x250_idx_1_p_probflood"
500
500
500
500
500
500
500
500
500
500
500
500
500
500
500
500
500
500
500
500
500
500
500
500
500
500
500
500
500
500
500
500
500
500
500
500
496
500
500
500
500
500
500
500
500
500
499
500
500
500
500
500
500
500
500
500
500
500
500
500
500
500
500
499
499
499
499
499
499
499
499
499
499
499
499
499
499
499
499
499
499
499
499
499
499
499
499
499
499
499
499
499
499
499
499
499
499
500
500
500
"n_500_d_15_tr_20_a_204x204_idx_2_p_abba2"
277
265
276
267
267
275
273
286
277
278
280
274
275
285
277
279
274
279
280
273
280
284
284
281
283
282
279
278
292
289
285
279
284
282
277
280
286
289
284
281
292
269
283
275
291
284
282
276
276
263
279
285
273
275
280
281
272
277
273
282
277
283
279
274
277
279
275
278
275
269
276
274
279
282
284
276
277
274
284
270
280
281
278
283
282
277
279
275
274
275
281
275
273
274
274
280
264
276
274
275
"n_500_d_15_tr_20_a_204x204_idx_2_p_cds3"
251
238
241
227
236
216
219
227
227
256
257
226
240
234
236
216
213
224
194
212
225
225
225
210
214
217
214
221
225
236
234
225
230
228
230
228
227
225
219
221
220
227
217
221
224
225
228
232
234
241
226
224
243
242
246
244
241
249
227
238
240
240
225
231
231
218
225
212
232
230
239
236
232
232
223
226
243
238
225
221
224
221
235
240
235
241
234
195
233
223
225
227
225
246
246
237
222
215
209
214
"n_500_d_15_tr_20_a_204x204_idx_2_p_flooding"
500
500
500
500
500
500
500
500
500
500
500
500
500
500
500
500
500
500
500
500
500
500
500
500
500
500
500
500
500
500
500
500
500
500
500
500
500
500
500
500
500
500
500
500
500
500
500
500
500
500
500
500
500
500
500
500
500
500
500
500
500
500
500
500
500
500
500
500
500
500
500
500
500
500
500
500
500
500
500
500
500
500
500
500
500
500
500
500
500
500
500
500
500
500
500
500
500
500
500
500
"n_500_d_15_tr_20_a_204x204_idx_2_p_mprt2"
384
416
401
387
420
391
378
411
405
378
412
423
429
412
400
412
421
396
401
390
397
383
387
388
403
381
411
399
396
411
401
419
416
373
377
400
400
396
410
395
393
423
410
405
406
402
385
380
394
422
393
399
402
403
406
393
397
421
404
421
396
376
389
414
398
404
408
402
387
381
404
394
386
401
355
378
373
389
390
408
412
403
402
423
390
412
420
389
407
406
386
384
370
371
378
383
397
404
394
390
"n_500_d_15_tr_20_a_204x204_idx_2_p_probflood"
500
500
500
500
500
500
500
500
500
500
500
500
500
500
500
500
500
500
500
500
500
500
500
500
500
500
500
500
500
500
500
500
500
500
500
500
500
500
500
500
500
500
500
500
500
500
500
500
500
500
500
500
500
500
500
500
497
500
500
500
500
500
500
500
500
500
500
500
500
500
500
500
500
500
500
500
500
500
500
500
500
500
500
500
500
500
500
500
500
500
500
500
500
500
500
500
500
500
500
500
"n_500_d_20_tr_20_a_177x177_idx_3_p_abba2"
234
238
229
235
237
237
232
225
230
227
225
234
227
233
231
221
241
227
226
230
232
237
235
237
226
233
228
232
227
235
237
225
234
230
231
247
237
236
242
231
247
231
224
231
228
229
223
230
225
232
235
233
230
230
236
227
231
225
218
232
235
231
230
235
238
236
230
235
232
236
229
229
236
235
228
227
233
232
228
227
243
228
234
230
229
235
231
225
225
233
225
229
231
236
232
234
225
225
231
225
"n_500_d_20_tr_20_a_177x177_idx_3_p_cds3"
241
219
218
226
193
187
211
216
197
193
189
187
190
198
194
193
179
177
174
185
195
195
194
199
188
186
188
188
208
204
211
222
202
200
200
197
198
199
192
193
203
205
195
202
207
212
205
201
197
202
201
206
202
203
193
190
203
204
223
222
199
207
208
209
199
200
196
198
204
208
196
192
186
185
192
176
175
198
202
192
196
192
201
182
187
178
146
206
209
188
191
209
211
206
208
188
192
164
165
216
"n_500_d_20_tr_20_a_177x177_idx_3_p_flooding"
500
500
500
500
500
500
498
498
498
500
500
500
500
500
500
500
500
500
500
500
500
500
500
500
500
500
500
500
500
500
500
500
500
500
500
500
500
500
500
500
500
500
500
500
500
500
500
500
500
500
500
500
500
500
500
500
500
500
500
500
500
500
500
500
500
500
500
500
500
500
500
500
500
500
500
500
500
500
500
500
500
500
500
500
500
500
500
500
500
500
500
500
500
500
500
500
500
500
500
500
"n_500_d_20_tr_20_a_177x177_idx_3_p_mprt2"
396
410
404
390
398
418
434
410
390
391
391
400
370
408
400
394
399
361
407
406
386
386
417
376
421
394
403
443
414
433
420
423
427
411
418
394
412
391
424
400
404
402
418
402
418
399
412
383
370
414
387
438
404
424
406
412
389
403
405
399
420
413
408
397
420
395
418
418
415
368
386
393
382
397
403
392
404
408
388
384
388
418
400
388
416
392
388
411
404
412
414
422
374
415
397
423
427
391
400
391
"n_500_d_20_tr_20_a_177x177_idx_3_p_probflood"
500
500
500
500
500
500
498
498
498
500
500
500
500
500
500
500
500
500
500
500
500
500
500
500
500
500
500
500
500
500
500
500
500
500
500
500
500
500
500
500
500
500
500
500
500
500
500
500
500
500
500
500
500
500
500
500
500
500
500
500
500
500
500
500
500
500
500
500
500
500
500
500
500
500
500
500
500
500
500
500
500
500
500
500
500
500
500
500
500
500
500
500
500
500
500
500
500
500
500
500
"n_500_d_25_tr_20_a_158x158_idx_4_p_abba2"
195
196
199
190
190
199
191
193
198
201
193
201
192
198
195
193
201
202
197
193
206
197
201
197
191
193
195
196
205
188
192
195
204
188
192
196
195
185
199
200
207
198
195
203
206
200
205
192
203
193
195
195
193
200
195
193
194
198
210
201
202
200
202
200
208
198
208
208
200
192
196
193
190
193
193
189
196
199
198
205
197
198
202
188
203
202
196
195
194
197
201
203
193
191
198
206
198
188
190
199
"n_500_d_25_tr_20_a_158x158_idx_4_p_cds3"
178
185
191
104
106
180
175
172
173
182
188
171
177
165
171
194
205
181
183
178
187
182
188
189
191
183
186
202
205
181
181
206
222
180
180
188
150
168
172
172
174
175
170
178
174
171
177
175
186
190
163
170
179
186
182
188
164
166
181
186
185
184
179
187
181
188
187
193
181
179
158
182
178
166
168
156
161
168
171
184
182
186
189
170
175
158
165
183
186
185
186
170
173
190
189
204
203
161
165
4
"n_500_d_25_tr_20_a_158x158_idx_4_p_flooding"
500
500
500
500
500
500
500
500
500
500
500
500
500
500
500
500
500
500
500
500
500
500
500
500
500
500
500
500
500
500
500
500
500
500
500
500
500
500
500
500
500
500
500
500
500
500
500
500
500
500
500
500
500
500
500
500
500
500
500
500
500
500
500
500
500
500
500
500
500
500
500
500
500
500
500
500
500
500
500
500
500
500
500
500
500
500
500
500
500
500
500
500
500
500
500
500
500
500
500
500
"n_500_d_25_tr_20_a_158x158_idx_4_p_mprt2"
364
394
439
422
401
422
421
376
427
402
442
399
367
421
428
400
421
425
406
383
428
417
433
419
414
456
414
391
388
396
393
401
431
394
435
421
431
423
425
424
437
398
426
409
410
413
427
385
421
410
411
414
412
397
417
440
422
411
439
434
422
396
378
409
390
422
396
423
419
417
396
424
404
422
419
418
424
418
418
436
414
453
422
407
426
406
404
398
417
411
421
393
413
395
413
437
427
433
416
2
"n_500_d_25_tr_20_a_158x158_idx_4_p_probflood"
500
500
500
500
500
500
500
500
499
500
500
500
500
500
500
500
500
500
500
500
500
500
500
500
500
500
500
500
500
500
500
500
500
500
500
500
500
500
500
500
500
500
500
500
500
500
500
500
500
500
500
500
500
500
500
500
500
500
500
500
500
500
500
500
500
500
500
500
500
500
500
500
500
500
500
500
500
500
500
500
500
500
500
500
500
500
500
500
500
500
500
500
500
500
500
500
500
500
500
500
"n_500_d_30_tr_20_a_144x144_idx_5_p_abba2"
170
173
168
178
174
175
177
177
170
171
170
180
171
180
177
168
172
178
182
173
180
174
174
170
173
180
182
177
175
178
172
176
184
175
179
179
182
181
181
176
184
175
176
178
176
180
174
179
174
176
169
180
175
167
176
171
177
177
177
170
182
177
179
176
185
178
177
171
174
173
174
178
181
178
179
172
178
183
179
172
169
175
181
181
180
166
181
182
176
173
181
177
174
180
171
171
180
181
178
176
"n_500_d_30_tr_20_a_144x144_idx_5_p_cds3"
176
193
194
172
181
181
186
164
168
166
179
147
154
175
183
173
179
164
172
163
165
175
175
163
165
173
181
183
189
163
169
168
167
160
163
172
176
178
189
177
180
181
181
197
204
185
192
171
171
179
184
172
179
181
175
147
152
157
165
180
189
192
187
199
196
198
180
182
179
185
196
204
171
179
181
186
154
165
190
175
179
191
173
170
196
185
191
173
181
188
185
161
168
198
200
177
183
181
178
181
"n_500_d_30_tr_20_a_144x144_idx_5_p_flooding"
500
500
500
500
500
500
500
500
500
500
500
500
500
500
500
500
500
500
500
500
500
500
500
500
500
500
500
500
500
500
500
500
500
500
500
500
500
500
500
500
500
500
500
500
500
500
500
500
500
500
500
500
500
500
500
500
500
500
500
500
500
500
500
500
500
500
500
500
500
500
500
500
500
500
500
500
500
500
500
500
500
500
500
500
500
500
500
500
500
500
500
500
500
500
500
500
500
500
500
500
"n_500_d_30_tr_20_a_144x144_idx_5_p_mprt2"
411
423
424
416
425
438
427
410
417
406
419
410
422
414
397
425
434
420
401
426
396
404
417
427
408
405
411
415
405
433
422
406
420
442
432
399
427
422
427
428
418
411
421
416
416
422
428
415
411
397
415
426
414
417
445
424
437
398
398
390
396
418
416
440
413
431
418
419
408
425
436
444
426
406
432
401
443
414
420
406
429
434
426
416
418
429
420
422
430
425
406
391
419
432
419
423
413
400
416
380
"n_500_d_30_tr_20_a_144x144_idx_5_p_probflood"
500
500
500
500
500
500
500
500
500
500
500
500
500
500
500
500
500
500
500
500
500
500
500
500
500
500
500
500
500
500
500
500
500
500
500
500
500
499
500
500
500
500
500
500
500
500
500
500
500
500
500
500
500
500
500
500
500
500
500
500
500
500
500
500
500
500
500
500
500
500
500
500
500
500
500
500
500
500
500
500
500
500
500
500
500
500
500
500
500
500
500
500
500
500
500
500
500
500
500
500
"n_500_d_35_tr_20_a_133x133_idx_6_p_abba2"
153
162
152
158
159
158
157
160
158
155
162
157
157
151
150
152
159
155
157
158
154
161
158
154
163
164
154
152
153
161
157
155
156
160
159
165
157
153
154
149
158
154
162
159
155
155
152
155
154
158
160
160
154
156
156
154
156
159
151
158
161
157
156
158
156
159
155
161
161
163
154
168
154
166
154
147
159
151
155
165
155
161
163
153
153
146
153
156
156
156
153
163
153
159
156
159
152
162
156
163
"n_500_d_35_tr_20_a_133x133_idx_6_p_cds3"
154
140
145
164
167
151
154
161
170
167
169
157
162
163
174
169
175
170
171
164
170
145
145
150
159
147
155
165
173
167
178
191
195
169
177
190
198
178
183
189
196
183
184
186
193
194
198
166
176
174
187
185
187
181
184
186
193
179
182
187
157
159
172
176
160
161
189
194
168
170
171
183
168
173
166
168
159
166
153
158
173
175
169
177
153
161
171
177
161
175
177
178
178
186
167
160
184
186
160
166
"n_500_d_35_tr_20_a_133x133_idx_6_p_flooding"
500
500
500
500
500
500
500
500
500
500
500
500
500
500
500
500
500
500
500
500
500
500
500
500
500
500
500
500
500
500
500
500
500
500
500
500
500
500
500
500
500
500
500
500
500
500
500
500
500
500
500
500
500
500
500
500
500
500
500
500
500
500
500
500
500
500
500
500
500
500
500
500
500
500
500
500
500
500
500
500
500
500
500
500
500
500
500
500
500
500
500
500
500
500
500
500
500
500
500
500
"n_500_d_35_tr_20_a_133x133_idx_6_p_mprt2"
429
411
384
422
410
421
430
434
440
444
433
419
409
429
400
426
383
419
398
428
398
429
405
432
430
431
424
405
408
432
429
414
438
407
434
430
411
404
432
411
440
416
452
412
421
425
434
389
408
412
435
408
399
398
432
362
423
417
421
427
419
429
400
413
409
441
420
409
377
401
410
426
419
409
395
413
398
430
423
415
382
428
423
423
402
446
409
418
423
431
424
404
398
411
405
414
406
431
413
393
"n_500_d_35_tr_20_a_133x133_idx_6_p_probflood"
500
500
500
500
500
500
500
500
500
500
500
500
500
500
500
500
500
500
500
499
500
500
500
500
500
500
500
500
500
500
500
500
500
500
500
500
500
500
500
500
500
499
500
500
500
500
500
500
500
500
500
500
500
500
500
500
499
500
500
500
500
500
500
500
500
500
500
500
500
500
500
500
499
500
500
500
500
500
500
500
500
500
500
500
499
500
500
500
500
500
500
500
500
500
500
500
500
500
500
500
"n_500_d_40_tr_20_a_125x125_idx_7_p_abba2"
144
142
145
147
147
146
143
147
147
135
138
134
139
145
146
141
146
147
149
145
141
136
144
136
143
144
147
141
139
142
144
139
143
141
139
146
137
144
144
137
137
144
140
150
152
148
135
136
134
148
138
133
135
143
136
144
137
138
136
145
138
145
144
141
142
141
148
135
148
139
142
141
144
145
126
143
132
144
140
138
140
141
140
143
141
146
143
145
140
142
148
145
141
150
135
143
134
141
137
137
"n_500_d_40_tr_20_a_125x125_idx_7_p_cds3"
95
145
146
146
151
170
172
161
162
154
160
146
148
167
170
166
165
172
180
175
183
163
166
174
171
120
129
150
159
157
164
163
166
160
162
176
178
162
172
148
154
174
178
142
146
158
166
165
174
154
159
167
168
182
190
163
173
179
183
145
150
159
165
175
178
158
163
162
168
178
184
167
176
154
155
162
162
171
133
142
156
166
169
170
153
157
153
147
151
156
178
179
156
165
142
145
165
163
151
160
"n_500_d_40_tr_20_a_125x125_idx_7_p_flooding"
500
500
500
500
500
500
500
500
500
500
500
500
500
500
500
500
500
500
500
500
500
500
500
500
500
500
500
500
500
500
500
500
500
500
500
500
500
500
500
500
500
500
500
500
500
500
500
500
500
500
500
500
500
500
500
500
500
500
500
500
500
500
500
500
500
500
500
500
500
500
500
500
500
500
500
500
500
500
500
500
500
500
500
500
500
500
500
500
500
500
500
500
500
500
500
500
500
500
500
500
"n_500_d_40_tr_20_a_125x125_idx_7_p_mprt2"
422
448
430
400
437
413
413
416
443
422
431
441
427
413
433
421
409
411
408
416
430
403
434
391
446
407
431
428
430
431
442
410
421
434
412
417
430
422
377
421
432
411
426
355
435
397
423
420
389
379
421
432
434
415
420
416
401
427
419
428
436
406
406
422
414
422
431
425
414
437
413
431
420
421
404
416
419
429
420
419
420
430
422
403
421
433
433
397
417
411
409
411
418
423
431
439
429
403
433
396
"n_500_d_40_tr_20_a_125x125_idx_7_p_probflood"
495
500
500
500
500
499
500
500
500
500
500
500
500
500
500
500
500
500
500
500
500
500
499
500
500
500
500
500
500
500
500
500
500
500
500
500
500
500
500
500
500
500
490
500
500
500
500
500
500
500
500
500
500
500
500
500
500
500
500
500
500
500
500
500
500
500
500
500
500
500
500
500
500
500
500
500
500
500
500
500
500
500
500
500
500
500
500
500
500
500
500
500
500
500
500
500
499
500
500
500
"n_500_d_5_tr_20_a_354x354_idx_0_p_abba2"
42
43
45
39
40
343
360
15
374
38
392
383
334
15
383
349
346
348
353
340
350
344
329
353
345
292
337
23
370
385
344
359
333
293
311
277
200
184
351
310
201
327
326
177
273
168
181
304
318
302
314
339
325
294
300
297
316
332
315
324
326
274
275
225
97
108
106
198
58
179
64
65
76
25
26
38
42
10
38
3
6
4
55
33
32
33
31
31
27
46
4
33
6
2
25
22
3
3
1
1
"n_500_d_5_tr_20_a_354x354_idx_0_p_cds3"
28
20
14
17
10
10
74
67
25
25
11
99
9
23
3
12
15
62
97
47
24
61
144
60
102
95
47
49
30
29
7
2
31
86
8
4
31
52
41
50
70
66
13
33
29
49
10
1
5
3
68
52
12
13
15
24
28
19
9
7
7
1
11
2
27
27
9
14
2
3
13
27
24
16
20
20
40
27
19
26
5
22
1
2
2
19
7
1
6
2
1
5
2
3
3
1
5
5
2
1
"n_500_d_5_tr_20_a_354x354_idx_0_p_flooding"
44
45
46
48
43
43
426
43
444
302
423
385
402
399
406
437
419
303
415
438
445
445
425
428
353
347
381
408
16
386
383
397
375
387
385
385
387
399
392
397
364
395
395
392
362
348
47
386
385
416
366
396
398
399
375
370
389
334
370
205
209
234
260
257
176
391
249
332
343
313
302
353
360
362
10
3
6
4
29
105
98
24
51
50
45
61
58
26
6
4
35
35
35
35
31
30
42
2
1
1
"n_500_d_5_tr_20_a_354x354_idx_0_p_mprt2"
18
11
21
120
142
13
31
24
255
51
20
190
20
54
254
246
183
3
29
228
191
150
271
231
126
198
151
83
221
195
202
155
173
206
192
215
213
241
223
179
147
227
89
233
219
173
80
149
119
152
201
194
151
35
77
79
87
81
64
59
3
18
45
9
21
4
8
3
88
42
63
4
21
40
28
11
4
35
19
9
1
29
21
21
22
16
20
19
24
6
23
3
10
10
5
2
5
2
1
1
"n_500_d_5_tr_20_a_354x354_idx_0_p_probflood"
44
45
46
48
43
43
426
43
444
428
385
402
399
406
437
419
303
415
438
445
445
433
428
353
347
381
408
16
386
383
397
375
387
385
385
387
399
392
397
364
395
395
392
362
353
47
386
385
429
268
396
398
399
375
370
389
334
370
205
209
234
260
257
176
391
255
249
332
343
313
302
353
360
362
10
3
6
4
29
105
85
51
50
45
24
61
40
26
6
4
35
35
35
35
31
30
42
2
1
1
