"n_494_d_0_tr_20_a_250x250_idx_0_p_flooding"
0.036532895673327
0.03665042506617
0.036461618540463
0.036300533358113
0.037507523719481
0.036748184246672
0.036245751878608
0.037236510168872
0.037541918254548
0.036584151245382
0.037429369349037
0.036430001697491
0.036237751832013
0.036760356146645
0.037022070326003
0.037261151323093
0.036989628703739
0.036741355232945
0.036158776134947
0.036849091475185
0.037634939291486
0.03751458918961
0.036953848090568
0.036765745726946
0.037412746581984
0.037025472648431
0.037149630485104
0.03650185678918
0.03625047094727
0.036980897337947
0.037616161721275
0.036382784307403
0.037021649026636
0.036173631524224
0.037130071563528
0.036759666953988
0.037401122564376
0.036739004243581
0.036137407081819
0.03693937938132
0.036366034496082
0.036763632814605
0.037330570148755
0.037304312745516
0.037233090629297
0.035929711738655
0.037312666256519
0.035921994077681
0.037432082468968
0.035745372405814
0.036611082683935
0.037654527069268
0.036459097582635
0.037238918674829
0.036793386921064
0.037264973309853
0.037131958326078
0.037235424488075
0.037403244979586
0.037729973837129
0.037121614559764
0.037325008733474
0.037022569058242
0.037003355642373
0.037216037390524
0.037059344160965
0.037068128842036
0.037097784046785
0.037593705403899
0.037353229336343
0.037690025524579
0.037236154260533
0.037083557609222
0.036631487000742
0.037173937403937
0.037662482540759
0.037449060940306
0.037364525199697
0.036996063851029
0.036360367146338
0.03705058270696
0.036339939773861
0.036197030680329
0.036422828336474
0.037429988314907
0.036877183841164
0.037170745966482
0.037482643145079
0.03704080054472
0.037471964095638
0.036821922444704
0.037257738324116
0.037020005440331
0.03698232560767
0.037293474704195
0.037604629740831
0.037587973878179
0.036019478724909
0.037031447176039
0.036269798042274
0.03601878099037
0.037350417215077
0.036555556912121
0.036926603417943
0.037358616064582
0.035670990863545
0.037415156093646
0.036343083707721
0.035719101606809
0.035789341334145
0.037444082237354
0.037321476130791
0.036956133437589
0.036936418853785
0.036225621969115
0.036831783275254
0.036955323578217
0.036674617678252
0.037481698427286
0.035022935756272
0.034674068797668
0.034701170385102
0.034667050239882
0.034837815668021
0.034675393460434
0.035222533576259
0.035213792607235
0.035302504461342
0.035087625175722
0.035270547901527
0.034886318716073
0.034988218188542
0.035278645989816
0.035068356974598
0.035016359382754
0.034904123012881
0.034858789956794
0.034396791908408
0.034993602207262
0.034799806080712
0.034796182518283
0.035008001868006
0.034823557014882
0.034691227017862
0.034835106359958
0.034578132811358
0.036471730706214
0.036506571662544
0.036960853063414
0.036844293791197
0.03673070701113
0.035133765970325
0.036604283375726
0.035090222997225
0.036964118088987
0.037064323819181
0.034405329404778
0.036453939341455
0.036818104142538
0.034920064769135
0.036865751264596
0.036336236828971
0.036554852747365
0.036768930393634
0.036459281685326
0.036798758476662
0.036307447505159
0.036246807899161
0.037031271816945
0.037137668190502
0.036842467210766
0.036502125731527
0.037020333868744
0.03672871189589
0.036944368306491
0.037092311885567
0.036976633886797
0.036685363974591
0.037208513956666
0.035135536188793
0.037158807192585
0.036788884268257
0.035366967303292
0.036923212374536
0.035367636995426
0.037276702771908
0.036821540260666
0.036266987901968
0.037074206912796
0.037210375854511
0.03617033138493
0.037251381283587
0.037042642161335
0.034625236520268
0.035135343523926
0.036311926319791
0.036356067652288
0.036950253974096
0.035823378197291
0.036988704621161
0.036858397946605
0.036441440051106
0.036999064291374
0.036746153524919
0.036753957607444
0.035948510216196
0.03530630624924
0.036706038165653
0.036636275115174
0.037303705423108
0.036222259208273
0.036666919096224
0.034844798396576
0.035081091741441
0.03676826984485
0.034697685338059
0.034856185142158
0.03666923247536
0.034855318868186
0.036437508937021
0.036747977555717
0.034551242677791
0.036742348873651
0.036864142552838
0.035278279353815
0.036373478671726
0.036776392017625
0.034862296213871
0.034396917642666
0.036493885025403
0.035349030511934
0.035027619974031
0.036439260924158
0.036282555270373
0.034988794788314
0.03507653772715
0.036832484692072
0.034990681438911
0.035693460273252
0.035158862482907
0.037376937158229
0.035073837610229
0.037066420668232
0.03678097920026
0.036920039305543
0.036837999417726
0.03704928286477
0.036828151684072
0.036017263210336
0.0371675785697
0.036896863736151
0.037133250960541
0.036965166142272
0.036924739080411
0.03686329380127
0.037101460967488
0.037378891358566
0.036859156937663
0.037052945898948
0.036759231550166
0.037119430618963
0.036591311153991
0.034999698390603
0.036914260758804
0.037165003118618
0.037018723702368
0.036371876600363
0.036520679320584
0.034892789224672
0.036540394711849
0.036371610384684
0.034754301791206
0.037179493902719
0.034998952229016
0.035237604374354
0.037207442496038
0.03731690193282
0.034998864401163
0.036716770238749
0.037213233515153
0.037116104227756
0.036320409823412
0.037139135611805
0.036150583592697
0.036089761315113
0.037355865567619
0.03654024500737
0.035989697168259
0.036020722045761
0.034829910538576
0.036541946169191
0.034827256904133
0.034653876075818
0.035879826676783
0.036206714385036
0.035684147557769
0.034300496106173
0.036171564907428
0.03595387018136
0.036445722115245
0.037493248814589
0.036213931527056
0.035307942420211
0.037099906874093
0.036039589145613
0.037548578525275
0.036882813629262
0.036035401924208
0.034755445911028
0.036954534552767
0.034782740008588
0.034250288
0.036302284000701
0.037179275574401
0.037390488111015
0.034711386348803
0.034406655736636
0.03703960517152
0.034941420307436
0.034624886065739
0.036434264903852
0.036430554013683
0.036385912163274
0.037468652766553
0.034943473802634
0.037413593054036
0.037261564097732
0.037223517358861
0.03485161997909
0.037575782336879
0.036590511810704
0.034626674595828
0.037318805959065
0.03470585335217
0.037344263907501
0.036763720085736
0.03638080752283
0.036617624783369
0.035100307643467
0.035934569103789
0.034887083846143
0.037190537980384
0.034751414663897
0.034406231700757
0.037098225507135
0.037211833530545
0.037051511831751
0.037055273689524
0.035488113156544
0.034902661812174
0.035139570276084
0.035202775432706
0.03453342432135
0.036423373074155
0.036699195445484
0.034551325709376
0.036511255833255
0.036679414482358
0.036223851140769
0.036262712676183
0.036108310681861
0.034629844410765
0.034510513015354
0.034749074037889
0.034869646060766
0.034810437119688
0.034769134307537
0.034707315307251
0.034782175955658
0.034564890308975
0.035085089770233
0.034944793674658
0.034720135432765
0.034391088691706
0.034930449785285
0.036595797129127
0.034567671131765
0.036335602714368
0.03479184021731
0.036879945442765
0.034872513141638
0.034313136193671
0.036572409856827
0.035251804517346
0.037230728065768
0.03525535127833
0.034450612628461
0.035253901376217
0.035251690108291
0.035018701260123
0.03461014457246
0.03477097404278
0.035051843626174
0.034873147754366
0.034877786635658
0.034684824497564
0.034586230243996
0.036998728879551
0.036567658139867
0.034877595051789
0.034920186961502
0.036041665169997
0.035729430892913
0.035807045541462
0.035185928320051
0.035095072822436
0.034840620763506
0.034527320489621
0.034854238299513
0.034793022525201
0.034799612375159
0.034683092893207
0.034619376520403
0.03432913619281
0.035778309154665
0.035766498421734
0.035677888999897
0.035153668631626
0.035710265784373
0.035608793249198
0.035008963873401
0.034918398219766
0.034552373017737
0.034683032880171
0.03509616663165
0.03487087582811
0.034590743508151
0.034681242301201
0.034846429395092
0.034903335981902
0.035158799453651
0.03483390139336
0.034583785056741
0.035067934991572
0.034583786830836
0.034377137680247
0.035068429318196
0.035009159769431
0.035140070675365
0.0349508774016
0.034754243219249
0.034517460188792
0.034788823476052
0.035084204390051
0.034596756795973
0.034789205204336
0.034788922571469
0.034459796976805
0.034459794260635
0.034918492278629
0.0350860745138
0.034748243259313
0.034863639180954
0.034857438475078
0.034709277053166
0.034913942776419
0.034605203640682
0.035002861225462
0.034901577160479
0.034868672291359
0.035323191674841
0.03496237056723
0.034754720604502
0.034853520951349
0.035006754934491
0.034707183243889
0.034502773133031
0.034543443930632
0.034502776025573
0.034696472096092
0.034788849939413
0.034752921666747
0.034752921712926
0.034338928
0.034797083197765
0.034925404971173
0.034650321422564
0.034444501369968
0.034718774376649
0.034557364650296
0.034557362658934
0.034762586964321
0.034316370243845
0.034572406345041
0.034838614360792
0.035053395588304
0.034829165404914
0.034783383463178
0.034783575414773
0.034531550000935
0.034449999808549
0.035032992879582
0.034662618415761
0.034663386269906
"n_494_d_0_tr_20_a_250x250_idx_0_p_flooding"
0.036532895673327
0.03665042506617
0.036461618540463
0.036300533358113
0.037507523719481
0.036748184246672
0.036245751878608
0.037236510168872
0.037541918254548
0.036584151245382
0.037429369349037
0.036430001697491
0.036237751832013
0.036760356146645
0.037022070326003
0.037261151323093
0.036989628703739
0.036741355232945
0.036158776134947
0.036849091475185
0.037634939291486
0.03751458918961
0.036953848090568
0.036765745726946
0.037412746581984
0.037025472648431
0.037149630485104
0.03650185678918
0.03625047094727
0.036980897337947
0.037616161721275
0.036382784307403
0.037021649026636
0.036173631524224
0.037130071563528
0.036759666953988
0.037401122564376
0.036739004243581
0.036137407081819
0.03693937938132
0.036366034496082
0.036763632814605
0.037330570148755
0.037304312745516
0.037233090629297
0.035929711738655
0.037312666256519
0.035921994077681
0.037432082468968
0.035745372405814
0.036611082683935
0.037654527069268
0.036459097582635
0.037238918674829
0.036793386921064
0.037264973309853
0.037131958326078
0.037235424488075
0.037403244979586
0.037729973837129
0.037121614559764
0.037325008733474
0.037022569058242
0.037003355642373
0.037216037390524
0.037059344160965
0.037068128842036
0.037097784046785
0.037593705403899
0.037353229336343
0.037690025524579
0.037236154260533
0.037083557609222
0.036631487000742
0.037173937403937
0.037662482540759
0.037449060940306
0.037364525199697
0.036996063851029
0.036360367146338
0.03705058270696
0.036339939773861
0.036197030680329
0.036422828336474
0.037429988314907
0.036877183841164
0.037170745966482
0.037482643145079
0.03704080054472
0.037471964095638
0.036821922444704
0.037257738324116
0.037020005440331
0.03698232560767
0.037293474704195
0.037604629740831
0.037587973878179
0.036019478724909
0.037031447176039
0.036269798042274
0.03601878099037
0.037350417215077
0.036555556912121
0.036926603417943
0.037358616064582
0.035670990863545
0.037415156093646
0.036343083707721
0.035719101606809
0.035789341334145
0.037444082237354
0.037321476130791
0.036956133437589
0.036936418853785
0.036225621969115
0.036831783275254
0.036955323578217
0.036674617678252
0.037481698427286
0.035022935756272
0.034674068797668
0.034701170385102
0.034667050239882
0.034837815668021
0.034675393460434
0.035222533576259
0.035213792607235
0.035302504461342
0.035087625175722
0.035270547901527
0.034886318716073
0.034988218188542
0.035278645989816
0.035068356974598
0.035016359382754
0.034904123012881
0.034858789956794
0.034396791908408
0.034993602207262
0.034799806080712
0.034796182518283
0.035008001868006
0.034823557014882
0.034691227017862
0.034835106359958
0.034578132811358
0.036471730706214
0.036506571662544
0.036960853063414
0.036844293791197
0.03673070701113
0.035133765970325
0.036604283375726
0.035090222997225
0.036964118088987
0.037064323819181
0.034405329404778
0.036453939341455
0.036818104142538
0.034920064769135
0.036865751264596
0.036336236828971
0.036554852747365
0.036768930393634
0.036459281685326
0.036798758476662
0.036307447505159
0.036246807899161
0.037031271816945
0.037137668190502
0.036842467210766
0.036502125731527
0.037020333868744
0.03672871189589
0.036944368306491
0.037092311885567
0.036976633886797
0.036685363974591
0.037208513956666
0.035135536188793
0.037158807192585
0.036788884268257
0.035366967303292
0.036923212374536
0.035367636995426
0.037276702771908
0.036821540260666
0.036266987901968
0.037074206912796
0.037210375854511
0.03617033138493
0.037251381283587
0.037042642161335
0.034625236520268
0.035135343523926
0.036311926319791
0.036356067652288
0.036950253974096
0.035823378197291
0.036988704621161
0.036858397946605
0.036441440051106
0.036999064291374
0.036746153524919
0.036753957607444
0.035948510216196
0.03530630624924
0.036706038165653
0.036636275115174
0.037303705423108
0.036222259208273
0.036666919096224
0.034844798396576
0.035081091741441
0.03676826984485
0.034697685338059
0.034856185142158
0.03666923247536
0.034855318868186
0.036437508937021
0.036747977555717
0.034551242677791
0.036742348873651
0.036864142552838
0.035278279353815
0.036373478671726
0.036776392017625
0.034862296213871
0.034396917642666
0.036493885025403
0.035349030511934
0.035027619974031
0.036439260924158
0.036282555270373
0.034988794788314
0.03507653772715
0.036832484692072
0.034990681438911
0.035693460273252
0.035158862482907
0.037376937158229
0.035073837610229
0.037066420668232
0.03678097920026
0.036920039305543
0.036837999417726
0.03704928286477
0.036828151684072
0.036017263210336
0.0371675785697
0.036896863736151
0.037133250960541
0.036965166142272
0.036924739080411
0.03686329380127
0.037101460967488
0.037378891358566
0.036859156937663
0.037052945898948
0.036759231550166
0.037119430618963
0.036591311153991
0.034999698390603
0.036914260758804
0.037165003118618
0.037018723702368
0.036371876600363
0.036520679320584
0.034892789224672
0.036540394711849
0.036371610384684
0.034754301791206
0.037179493902719
0.034998952229016
0.035237604374354
0.037207442496038
0.03731690193282
0.034998864401163
0.036716770238749
0.037213233515153
0.037116104227756
0.036320409823412
0.037139135611805
0.036150583592697
0.036089761315113
0.037355865567619
0.03654024500737
0.035989697168259
0.036020722045761
0.034829910538576
0.036541946169191
0.034827256904133
0.034653876075818
0.035879826676783
0.036206714385036
0.035684147557769
0.034300496106173
0.036171564907428
0.03595387018136
0.036445722115245
0.037493248814589
0.036213931527056
0.035307942420211
0.037099906874093
0.036039589145613
0.037548578525275
0.036882813629262
0.036035401924208
0.034755445911028
0.036954534552767
0.034782740008588
0.034250288
0.036302284000701
0.037179275574401
0.037390488111015
0.034711386348803
0.034406655736636
0.03703960517152
0.034941420307436
0.034624886065739
0.036434264903852
0.036430554013683
0.036385912163274
0.037468652766553
0.034943473802634
0.037413593054036
0.037261564097732
0.037223517358861
0.03485161997909
0.037575782336879
0.036590511810704
0.034626674595828
0.037318805959065
0.03470585335217
0.037344263907501
0.036763720085736
0.03638080752283
0.036617624783369
0.035100307643467
0.035934569103789
0.034887083846143
0.037190537980384
0.034751414663897
0.034406231700757
0.037098225507135
0.037211833530545
0.037051511831751
0.037055273689524
0.035488113156544
0.034902661812174
0.035139570276084
0.035202775432706
0.03453342432135
0.036423373074155
0.036699195445484
0.034551325709376
0.036511255833255
0.036679414482358
0.036223851140769
0.036262712676183
0.036108310681861
0.034629844410765
0.034510513015354
0.034749074037889
0.034869646060766
0.034810437119688
0.034769134307537
0.034707315307251
0.034782175955658
0.034564890308975
0.035085089770233
0.034944793674658
0.034720135432765
0.034391088691706
0.034930449785285
0.036595797129127
0.034567671131765
0.036335602714368
0.03479184021731
0.036879945442765
0.034872513141638
0.034313136193671
0.036572409856827
0.035251804517346
0.037230728065768
0.03525535127833
0.034450612628461
0.035253901376217
0.035251690108291
0.035018701260123
0.03461014457246
0.03477097404278
0.035051843626174
0.034873147754366
0.034877786635658
0.034684824497564
0.034586230243996
0.036998728879551
0.036567658139867
0.034877595051789
0.034920186961502
0.036041665169997
0.035729430892913
0.035807045541462
0.035185928320051
0.035095072822436
0.034840620763506
0.034527320489621
0.034854238299513
0.034793022525201
0.034799612375159
0.034683092893207
0.034619376520403
0.03432913619281
0.035778309154665
0.035766498421734
0.035677888999897
0.035153668631626
0.035710265784373
0.035608793249198
0.035008963873401
0.034918398219766
0.034552373017737
0.034683032880171
0.03509616663165
0.03487087582811
0.034590743508151
0.034681242301201
0.034846429395092
0.034903335981902
0.035158799453651
0.03483390139336
0.034583785056741
0.035067934991572
0.034583786830836
0.034377137680247
0.035068429318196
0.035009159769431
0.035140070675365
0.0349508774016
0.034754243219249
0.034517460188792
0.034788823476052
0.035084204390051
0.034596756795973
0.034789205204336
0.034788922571469
0.034459796976805
0.034459794260635
0.034918492278629
0.0350860745138
0.034748243259313
0.034863639180954
0.034857438475078
0.034709277053166
0.034913942776419
0.034605203640682
0.035002861225462
0.034901577160479
0.034868672291359
0.035323191674841
0.03496237056723
0.034754720604502
0.034853520951349
0.035006754934491
0.034707183243889
0.034502773133031
0.034543443930632
0.034502776025573
0.034696472096092
0.034788849939413
0.034752921666747
0.034752921712926
0.034338928
0.034797083197765
0.034925404971173
0.034650321422564
0.034444501369968
0.034718774376649
0.034557364650296
0.034557362658934
0.034762586964321
0.034316370243845
0.034572406345041
0.034838614360792
0.035053395588304
0.034829165404914
0.034783383463178
0.034783575414773
0.034531550000935
0.034449999808549
0.035032992879582
0.034662618415761
0.034663386269906
"n_494_d_0_tr_20_a_250x250_idx_0_p_fullyAdaptiveMprt2"
0.032827998441927
0.029097416499781
0.027965505514033
0.028420388968086
0.028033775404198
0.028015194010392
0.027955236993508
0.029395237385125
0.030999668221558
0.02793011157519
0.027604547458778
0.028264140235404
0.027493448951797
0.028583964806947
0.032898144707341
0.029720645869075
0.028701914466802
0.028180292452354
0.029352474165876
0.037271559086718
0.029078839414469
0.030645126242734
0.029487380508736
0.031735994876093
0.029186746147475
0.029158027950585
0.037654068720145
0.030025479267943
0.035074156310399
0.029500420031373
0.032883571446771
0.028136373865373
0.027335422092568
0.031319564775503
0.030983987804952
0.03039476463104
0.029152103342918
0.029340011368516
0.037366935147253
0.02877221911136
0.037469122307601
0.027691144759893
0.028968832411334
0.027550209575236
0.032622645943479
0.027862638803277
0.030954644486402
0.032441615676091
0.027413191717388
0.029497599644965
0.027831224117263
0.030523672423246
0.027829423603669
0.028826127861161
0.029886733609408
0.029429353958873
0.029443929634216
0.029901282477398
0.032643719771096
0.029890247458025
0.030750855332276
0.038195091518022
0.028601781174146
0.029515557085662
0.028624211536128
0.028175166558479
0.032164349251494
0.028961686423344
0.029904130229915
0.028858715451725
0.028622297790825
0.031429466016028
0.028197550845211
0.029068887726334
0.029985568175619
0.030556242661409
0.031508979217209
0.027924448470325
0.033809359440838
0.028349323807184
0.027643481245378
0.027672538281561
0.027899260569531
0.03064439258879
0.028622130636728
0.031593499198646
0.029096676781498
0.032415930187318
0.029610118324313
0.0287982602287
0.03072132044651
0.029375880543133
0.028491850352908
0.029820462614533
0.027193041074243
0.028746411899822
0.028969851402442
0.037046449213738
0.0283361185195
0.032148966945044
0.031421515307234
0.02756424003041
0.028704175355507
0.027481573561589
0.030138912691084
0.028195543802538
0.031030156378183
0.028822646879849
0.031653627096903
0.028974251502998
0.027250225655696
0.029293850300543
0.028511620021905
0.034479199498042
0.029725320324962
0.027821228475717
0.029744940852627
0.028242340267558
0.028117700802771
0.027806273934246
0.028919009818146
0.027649139533488
0.028863331403772
0.027819425374937
0.027726145259208
0.03735783789151
0.029344111366791
0.031548269398623
0.031380783760909
0.030664584667885
0.030515838002409
0.031276058175338
0.030163958020511
0.029929003850978
0.028702240527342
0.029165922026516
0.028723666127378
0.028727897296197
0.027370876103691
0.029513216173935
0.02911769975919
0.02773798440774
0.028776843855959
0.030227297340326
0.027693373062475
0.029103559646433
0.028609932810058
0.027540531728918
0.029988527023102
0.034757038068185
0.028390199830066
0.028659134634093
0.030154732937904
0.0291841409507
0.028526160564751
0.028903243290814
0.029017598018158
0.028424242125912
0.028275142151551
0.029377094936515
0.028107081117944
0.029756101515137
0.028396939646022
0.027801607436242
0.037348557214802
0.028908726005588
0.028911603613586
0.029634086116123
0.030139706397515
0.02933216764826
0.027808325201055
0.027385224981585
0.033082443134608
0.027128187059384
0.03143464355075
0.030922091713644
0.027931824940116
0.02917013801275
0.029525478264658
0.030449142445113
0.034424076605225
0.030946681342915
0.032271374909838
0.027821594699023
0.028584366747969
0.032550469259412
0.036880461117075
0.030178832377704
0.030886803663589
0.029758886049484
0.028654427272204
0.031440457502636
0.030296750110637
0.028497413840567
0.02906355141985
0.027985154401032
0.029161459692702
0.033455173403091
0.028132304749203
0.030229814831041
0.028230852541928
0.030835395220119
0.028120364988318
0.02877006586487
0.028713421039536
0.029818870736031
0.03111935945322
0.029141494873348
0.029799770844304
0.028710756821334
0.028788584406117
0.028877715200892
0.029336776819453
0.029270850309116
0.028976844797021
0.037375876056388
0.031055454919548
0.037380530822186
0.027454300839292
0.030366977704233
0.029005364924893
0.029505031258284
0.029053247408169
0.031594548762207
0.028836328543212
0.027882055610101
0.032738864423057
0.027908283066151
0.027158576644167
0.031063889545403
0.027535561016898
0.029631419421954
0.027671805172261
0.027620074342269
0.037437429551208
0.027666807795918
0.027586361307346
0.027549771098427
0.030265512999959
0.029676751253898
0.029521127134417
0.029807557173288
0.031186529396963
0.02781432294077
0.031227723169977
0.027334471165371
0.027973219768187
0.029326909079316
0.028142650983255
0.029178259452941
0.028644491981263
0.027400042609993
0.030051805716469
0.028578617464384
0.037406779597817
0.03055203335494
0.027352612844283
0.029921708020732
0.027228515754951
0.027514982353003
0.03740763742989
0.027770653531091
0.027268508303043
0.027530763879149
0.028544819196309
0.026987188780191
0.027751443652141
0.030140807736591
0.028446537162498
0.029407838674321
0.030400016851166
0.027972228644221
0.027786313526738
0.028602840372844
0.028689378869762
0.029968661228901
0.032970887286363
0.027977861690915
0.027613054536968
0.027240205404239
0.027512030817474
0.027314910791522
"n_494_d_0_tr_20_a_250x250_idx_0_p_fullyAdaptiveFlooding2"
0.034979993066563
0.034715899609002
0.03434218430557
0.034698601999721
0.034055123207708
0.035089545682915
0.034442630746979
0.033930145265815
0.036522315980603
0.034572456645932
0.0344167546409
0.034163314463507
0.033807912975597
0.035226185101099
0.034587969669017
0.034814834830189
0.034117850449485
0.033985061025663
0.035039688196468
0.034580972679261
0.034390852289378
0.034114960830446
0.03393009557136
0.034328641336125
0.034164271707491
0.033936714945921
0.034035061336636
0.034068041359263
0.033925124132943
0.030562456318491
0.029536969818896
0.030242895810357
0.029816929192726
0.030219010570784
0.030877598120844
0.030497412601905
0.030856531940962
0.029858426635908
0.030913405861696
0.030786478172541
0.030126803074697
0.03088967875535
0.030943726062327
0.03062030258015
0.030699345615245
0.031078676818172
0.030840939029747
0.030742985294334
0.030598950091592
0.0307574879649
0.030701991913591
0.030385602348078
0.030732865604866
0.030839181441402
0.030588838256835
0.030508386287838
0.030762114722367
0.030886916604792
0.030223061632405
0.030124208789247
0.030124882548838
0.03073486296842
0.030113624466265
0.03065352100199
0.030553612843731
0.030742349796929
0.030188839486957
0.030010307283972
0.030090278431847
0.030098619396325
0.0304823430648
0.030581862658968
0.030669502104129
0.030797750524146
0.030617233591461
0.03078867128182
0.030688765048185
0.030526828078573
0.030824374858554
0.029857082575026
0.030620051388463
0.030423366799342
0.030316645953699
0.030646005347633
0.02995208035222
0.030050639750552
0.029979023079443
0.030074624683449
0.030001179525125
0.030511723067175
0.029922901162796
0.030608558472148
0.02976769082069
0.03007723532411
0.02981746005628
0.030430111773169
0.030202237677007
0.030307589648246
0.030083267568554
0.02989934578103
0.029950104853586
0.030074100661942
0.03005070790748
0.030120336454894
0.030067695106803
0.029902282735808
0.030315471009804
0.03003261998201
0.03003457167773
0.030208521659342
0.03036767514058
0.030313206488111
0.03015326829358
0.030278484283406
0.029993652317588
0.03010743552531
0.030187307273448
0.030106860318524
0.030445320582762
0.030447495259801
0.030362320654092
0.030387332406832
0.030229742126559
0.030390413319286
0.030282333650263
0.030317830853898
0.029946336360926
0.029837917702845
0.029627286374729
0.030425659494656
0.030238732271557
0.030339661978298
0.030234285165605
0.029969790467497
0.029970684700826
0.029890647132228
0.029819291471012
0.029916354644989
0.030501499750147
0.030394550352792
0.030490424149951
0.030155494363951
0.030055108245983
0.030009650188526
0.030224205160576
0.029946492569381
0.029848366773453
0.030311718220455
0.02974980347117
0.029838587279734
0.030164327233401
0.030194490365983
0.029917815944828
0.03000124444475
0.029894548404186
0.029763362477421
0.029875783681274
0.03005254906464
0.030173226099669
0.029871514004254
0.029940291290234
0.029871512587744
0.030274215633312
0.029644882594986
0.030005314365989
0.030093452036963
0.02977367429799
0.029663007297155
0.030132263869157
0.030465131808627
0.030526669303816
0.029785973931138
0.030378324204038
0.030679310464269
0.029919210114969
0.029988401240232
0.030350124347597
0.030206199685345
0.030447906431295
0.030349591936224
0.029673832114463
0.030803992532723
0.030145937245566
0.030652918442873
0.029885009149245
0.029773930107995
0.029969962086718
0.029800394650533
0.029800451423952
0.029790388501174
0.029973722900746
0.029512628629714
0.029697761520756
0.029697758130232
0.029953086855229
0.029975553399402
0.029860163891475
0.030109447655417
0.030029173174358
0.029866250191214
0.029756898546934
0.029528189760714
0.029605327012048
0.029703886219466
0.030001090287739
0.029819490268632
0.029916606580804
0.029801674181236
0.029755529623089
0.029755529418384
0.029893828029852
0.029702366298355
"n_494_d_0_tr_20_a_250x250_idx_0_p_fullyAdaptiveMprt2"
0.032827998441927
0.029097416499781
0.027965505514033
0.028420388968086
0.028033775404198
0.028015194010392
0.027955236993508
0.029395237385125
0.030999668221558
0.02793011157519
0.027604547458778
0.028264140235404
0.027493448951797
0.028583964806947
0.032898144707341
0.029720645869075
0.028701914466802
0.028180292452354
0.029352474165876
0.037271559086718
0.029078839414469
0.030645126242734
0.029487380508736
0.031735994876093
0.029186746147475
0.029158027950585
0.037654068720145
0.030025479267943
0.035074156310399
0.029500420031373
0.032883571446771
0.028136373865373
0.027335422092568
0.031319564775503
0.030983987804952
0.03039476463104
0.029152103342918
0.029340011368516
0.037366935147253
0.02877221911136
0.037469122307601
0.027691144759893
0.028968832411334
0.027550209575236
0.032622645943479
0.027862638803277
0.030954644486402
0.032441615676091
0.027413191717388
0.029497599644965
0.027831224117263
0.030523672423246
0.027829423603669
0.028826127861161
0.029886733609408
0.029429353958873
0.029443929634216
0.029901282477398
0.032643719771096
0.029890247458025
0.030750855332276
0.038195091518022
0.028601781174146
0.029515557085662
0.028624211536128
0.028175166558479
0.032164349251494
0.028961686423344
0.029904130229915
0.028858715451725
0.028622297790825
0.031429466016028
0.028197550845211
0.029068887726334
0.029985568175619
0.030556242661409
0.031508979217209
0.027924448470325
0.033809359440838
0.028349323807184
0.027643481245378
0.027672538281561
0.027899260569531
0.03064439258879
0.028622130636728
0.031593499198646
0.029096676781498
0.032415930187318
0.029610118324313
0.0287982602287
0.03072132044651
0.029375880543133
0.028491850352908
0.029820462614533
0.027193041074243
0.028746411899822
0.028969851402442
0.037046449213738
0.0283361185195
0.032148966945044
0.031421515307234
0.02756424003041
0.028704175355507
0.027481573561589
0.030138912691084
0.028195543802538
0.031030156378183
0.028822646879849
0.031653627096903
0.028974251502998
0.027250225655696
0.029293850300543
0.028511620021905
0.034479199498042
0.029725320324962
0.027821228475717
0.029744940852627
0.028242340267558
0.028117700802771
0.027806273934246
0.028919009818146
0.027649139533488
0.028863331403772
0.027819425374937
0.027726145259208
0.03735783789151
0.029344111366791
0.031548269398623
0.031380783760909
0.030664584667885
0.030515838002409
0.031276058175338
0.030163958020511
0.029929003850978
0.028702240527342
0.029165922026516
0.028723666127378
0.028727897296197
0.027370876103691
0.029513216173935
0.02911769975919
0.02773798440774
0.028776843855959
0.030227297340326
0.027693373062475
0.029103559646433
0.028609932810058
0.027540531728918
0.029988527023102
0.034757038068185
0.028390199830066
0.028659134634093
0.030154732937904
0.0291841409507
0.028526160564751
0.028903243290814
0.029017598018158
0.028424242125912
0.028275142151551
0.029377094936515
0.028107081117944
0.029756101515137
0.028396939646022
0.027801607436242
0.037348557214802
0.028908726005588
0.028911603613586
0.029634086116123
0.030139706397515
0.02933216764826
0.027808325201055
0.027385224981585
0.033082443134608
0.027128187059384
0.03143464355075
0.030922091713644
0.027931824940116
0.02917013801275
0.029525478264658
0.030449142445113
0.034424076605225
0.030946681342915
0.032271374909838
0.027821594699023
0.028584366747969
0.032550469259412
0.036880461117075
0.030178832377704
0.030886803663589
0.029758886049484
0.028654427272204
0.031440457502636
0.030296750110637
0.028497413840567
0.02906355141985
0.027985154401032
0.029161459692702
0.033455173403091
0.028132304749203
0.030229814831041
0.028230852541928
0.030835395220119
0.028120364988318
0.02877006586487
0.028713421039536
0.029818870736031
0.03111935945322
0.029141494873348
0.029799770844304
0.028710756821334
0.028788584406117
0.028877715200892
0.029336776819453
0.029270850309116
0.028976844797021
0.037375876056388
0.031055454919548
0.037380530822186
0.027454300839292
0.030366977704233
0.029005364924893
0.029505031258284
0.029053247408169
0.031594548762207
0.028836328543212
0.027882055610101
0.032738864423057
0.027908283066151
0.027158576644167
0.031063889545403
0.027535561016898
0.029631419421954
0.027671805172261
0.027620074342269
0.037437429551208
0.027666807795918
0.027586361307346
0.027549771098427
0.030265512999959
0.029676751253898
0.029521127134417
0.029807557173288
0.031186529396963
0.02781432294077
0.031227723169977
0.027334471165371
0.027973219768187
0.029326909079316
0.028142650983255
0.029178259452941
0.028644491981263
0.027400042609993
0.030051805716469
0.028578617464384
0.037406779597817
0.03055203335494
0.027352612844283
0.029921708020732
0.027228515754951
0.027514982353003
0.03740763742989
0.027770653531091
0.027268508303043
0.027530763879149
0.028544819196309
0.026987188780191
0.027751443652141
0.030140807736591
0.028446537162498
0.029407838674321
0.030400016851166
0.027972228644221
0.027786313526738
0.028602840372844
0.028689378869762
0.029968661228901
0.032970887286363
0.027977861690915
0.027613054536968
0.027240205404239
0.027512030817474
0.027314910791522
"n_494_d_0_tr_20_a_250x250_idx_0_p_fullyAdaptiveFlooding2"
0.034979993066563
0.034715899609002
0.03434218430557
0.034698601999721
0.034055123207708
0.035089545682915
0.034442630746979
0.033930145265815
0.036522315980603
0.034572456645932
0.0344167546409
0.034163314463507
0.033807912975597
0.035226185101099
0.034587969669017
0.034814834830189
0.034117850449485
0.033985061025663
0.035039688196468
0.034580972679261
0.034390852289378
0.034114960830446
0.03393009557136
0.034328641336125
0.034164271707491
0.033936714945921
0.034035061336636
0.034068041359263
0.033925124132943
0.030562456318491
0.029536969818896
0.030242895810357
0.029816929192726
0.030219010570784
0.030877598120844
0.030497412601905
0.030856531940962
0.029858426635908
0.030913405861696
0.030786478172541
0.030126803074697
0.03088967875535
0.030943726062327
0.03062030258015
0.030699345615245
0.031078676818172
0.030840939029747
0.030742985294334
0.030598950091592
0.0307574879649
0.030701991913591
0.030385602348078
0.030732865604866
0.030839181441402
0.030588838256835
0.030508386287838
0.030762114722367
0.030886916604792
0.030223061632405
0.030124208789247
0.030124882548838
0.03073486296842
0.030113624466265
0.03065352100199
0.030553612843731
0.030742349796929
0.030188839486957
0.030010307283972
0.030090278431847
0.030098619396325
0.0304823430648
0.030581862658968
0.030669502104129
0.030797750524146
0.030617233591461
0.03078867128182
0.030688765048185
0.030526828078573
0.030824374858554
0.029857082575026
0.030620051388463
0.030423366799342
0.030316645953699
0.030646005347633
0.02995208035222
0.030050639750552
0.029979023079443
0.030074624683449
0.030001179525125
0.030511723067175
0.029922901162796
0.030608558472148
0.02976769082069
0.03007723532411
0.02981746005628
0.030430111773169
0.030202237677007
0.030307589648246
0.030083267568554
0.02989934578103
0.029950104853586
0.030074100661942
0.03005070790748
0.030120336454894
0.030067695106803
0.029902282735808
0.030315471009804
0.03003261998201
0.03003457167773
0.030208521659342
0.03036767514058
0.030313206488111
0.03015326829358
0.030278484283406
0.029993652317588
0.03010743552531
0.030187307273448
0.030106860318524
0.030445320582762
0.030447495259801
0.030362320654092
0.030387332406832
0.030229742126559
0.030390413319286
0.030282333650263
0.030317830853898
0.029946336360926
0.029837917702845
0.029627286374729
0.030425659494656
0.030238732271557
0.030339661978298
0.030234285165605
0.029969790467497
0.029970684700826
0.029890647132228
0.029819291471012
0.029916354644989
0.030501499750147
0.030394550352792
0.030490424149951
0.030155494363951
0.030055108245983
0.030009650188526
0.030224205160576
0.029946492569381
0.029848366773453
0.030311718220455
0.02974980347117
0.029838587279734
0.030164327233401
0.030194490365983
0.029917815944828
0.03000124444475
0.029894548404186
0.029763362477421
0.029875783681274
0.03005254906464
0.030173226099669
0.029871514004254
0.029940291290234
0.029871512587744
0.030274215633312
0.029644882594986
0.030005314365989
0.030093452036963
0.02977367429799
0.029663007297155
0.030132263869157
0.030465131808627
0.030526669303816
0.029785973931138
0.030378324204038
0.030679310464269
0.029919210114969
0.029988401240232
0.030350124347597
0.030206199685345
0.030447906431295
0.030349591936224
0.029673832114463
0.030803992532723
0.030145937245566
0.030652918442873
0.029885009149245
0.029773930107995
0.029969962086718
0.029800394650533
0.029800451423952
0.029790388501174
0.029973722900746
0.029512628629714
0.029697761520756
0.029697758130232
0.029953086855229
0.029975553399402
0.029860163891475
0.030109447655417
0.030029173174358
0.029866250191214
0.029756898546934
0.029528189760714
0.029605327012048
0.029703886219466
0.030001090287739
0.029819490268632
0.029916606580804
0.029801674181236
0.029755529623089
0.029755529418384
0.029893828029852
0.029702366298355
"n_494_d_0_tr_20_a_250x250_idx_0_p_mprt2"
0.033899506633321
0.025601962630216
0.033800338198484
0.026386941542203
0.024663189619114
0.029459353524458
0.026647337804168
0.027446156143953
0.025469298329375
0.031983057149425
0.025179137007116
0.02458331260011
0.026008293850511
0.026193370734605
0.025477859953012
0.025146934044397
0.027710215876613
0.028219794077632
0.024730443368306
0.031261077128433
0.02556043595628
0.024107434352189
0.027200987379884
0.026314945836176
0.025012739230105
0.026033577901161
0.027777984105513
0.025548882940137
0.033891953467168
0.0240974611689
0.025335854296155
0.02824803529392
0.024438183351608
0.027783146978131
0.028295338929842
0.03184342162543
0.025395832161202
0.025778243662711
0.028799370224351
0.033883819069151
0.02556033113179
0.024920455469337
0.024822636031814
0.025785180473439
0.026236448857456
0.027540199747026
0.028350372647596
0.024959985166115
0.028460300614351
0.02599436167733
0.025972969320905
0.025979016593814
0.027198275164642
0.023930027017803
0.027096454984642
0.029215701924712
0.033887153611708
0.029851316199609
0.025650690580916
0.028050234589397
0.023867888723772
0.028277738707569
0.026043694285223
0.033922800697989
0.025838191695219
0.027048254053078
0.02816330551182
0.034032305104178
0.032040318350307
0.023962868357588
0.025502431003765
0.025029630652606
0.02855024978347
0.025832854073575
0.025166280576557
0.025434905504712
0.023950324840527
0.025572398590747
0.026631101968749
0.030742903849318
0.028260219515904
0.025306398630524
0.027379608062481
0.026538351726081
0.024032752295418
0.034269648772265
0.02373336
0.02682436415385
0.025257785395387
0.026860826410018
0.026061464453435
0.029981030526084
0.02756617296492
0.03389608582269
0.027086270460022
0.023648208322184
0.024948721497747
0.023648208330969
0.027396308702956
0.02824311619537
0.025225887832828
0.027427766674994
0.032661283386952
0.02496647022666
0.028775762983352
0.024799840585557
0.027280524773856
0.024935053760313
0.025523628543468
0.027314098578016
0.02955847740882
0.025747924911275
0.026988476806209
0.024502443864846
0.024709014819183
0.02466004688716
0.026572640678459
0.025339223118248
0.027336824624755
0.025552101311265
0.025832664519592
0.025421503121885
0.024348447935739
0.024646977666668
0.027205248126501
0.025729931295637
0.027053357337238
0.023813074084079
0.027170968051542
0.025506332064922
0.02381307475103
0.033669074845216
0.02481056339104
0.0253117629148
0.023685648275376
0.02371780819176
0.027136035270789
0.023918480424319
0.02348132818199
0.024399598378171
0.023721744191789
0.024388716779654
0.025347897797904
0.024464537060979
0.024638202327466
0.025676225058886
0.025338840146871
0.023634105007907
0.025289575044041
0.023918864381611
0.026874866692532
0.025787229189787
0.024912972833445
0.026468405374968
0.027862478782623
0.026680164385952
0.024638051739555
0.025255905940745
0.027123054271082
0.023547089392035
0.024977563159289
0.033546928181092
0.025356819999412
0.023918864283987
0.024309159024752
0.030467834070893
0.024251578976785
0.025346818763764
0.030402106357393
0.025370115767108
0.033238638327636
0.027521682717443
0.024053178447066
0.032849772797469
0.024271980804501
0.033987919159259
0.027668303137932
0.025874535087338
0.024856278188161
0.024295897542204
0.026152222789044
0.027024117699262
0.026491839697257
0.028267983142977
0.027290711277468
0.028814722708979
0.025222641736767
0.030771075511497
0.024516191626637
0.026573291558341
0.029425957399256
0.029523757727504
0.023809072894176
0.024013831436293
0.030424104338875
0.023773873302816
0.032821680930752
0.024956453451454
0.023853585024725
0.032913262900985
0.024914432568379
0.024871141487904
0.026051027195935
0.032899041835619
0.024682345613933
0.026049402808546
0.024942572784849
0.026726430085748
0.025790279524672
0.032336465056469
0.023907218870979
0.030380434734509
0.025094477937196
0.025878418783499
0.033446967947422
0.029144517616677
0.025420882486851
0.026705822251339
0.031756566594541
0.02599282035201
0.026526901917551
0.025985225328454
0.026162676336168
0.030364400254923
0.026034506968455
0.026766572761763
0.025424535184146
0.025137875883032
0.025091665697299
0.025646004678489
0.025518099610835
0.026661336926249
0.027948698294395
0.03384907722818
0.033605392930873
0.030348186432957
0.025080897784516
0.024946344630247
0.0249606493355
0.025017984610149
0.025515871221095
0.031602906283833
0.024964385752487
0.032836067710541
0.025977926416575
0.025274618495166
0.025387526153636
0.025716771306035
0.025621568712519
0.023555280106173
0.02516637436425
0.026350114712675
0.025571371958935
0.026187983096896
0.026381536730776
0.033948547965658
0.025301335543158
0.027168053172971
0.031097782145807
0.034283832083344
0.02582143144351
0.024066654228509
0.025731546860149
0.024573720667954
0.032733428515641
0.023794545231157
0.031754939668215
0.023957681426292
0.032672593382336
0.025336366352279
0.025169476730635
0.024191873419166
0.026160226287596
0.026522150977759
0.025242695029384
0.024602174441862
0.028074544179008
0.024463357074306
0.023972426110949
0.0243663874918
0.033617712887484
0.027305220150058
0.024516195482794
0.024281961452535
0.032046505131587
0.023988689628226
0.024592645410135
0.033757180492249
0.033843730895294
0.034220095045955
0.024633675575102
0.024605292572283
0.02470229465919
0.024247047427662
0.024574605369601
0.024445001264066
0.024761841566645
0.02916022469599
0.024593422224373
0.025957212889931
0.027112079522943
0.02504059320802
0.025509458881081
0.024478431091785
0.027086602246816
0.025950664197566
0.033394500304271
0.02500856322494
0.023509296
0.030634457689815
0.030517105304237
0.026164617945222
0.02992810546477
0.030109293877097
0.028930784051286
0.028390270581591
0.024035721496613
0.0336941962555
0.025040439870652
0.03017131858231
0.030371700032864
0.024035721330836
0.026442749538979
0.027064504743538
0.033841488305919
0.025107827005609
0.026815946454965
0.027449915921868
0.024727703179365
0.025184872318724
0.028142608963631
0.026643471262462
0.033694994522451
0.026889493657341
0.025284983256633
0.023591376119831
0.025626916688079
0.030202982602691
0.025780215397786
0.02788892943792
0.033990173254327
0.024033929222857
0.025987696390684
0.024962417874098
0.033732979632649
0.02934121151742
0.030327604452709
0.025125478062823
0.027051769236229
0.02824581127041
0.03404065469195
0.03344107212854
0.023576784248325
0.027010267327605
0.024843317906068
0.024723317841194
0.023852186674536
0.023576784148995
0.033830678970091
0.028480643890184
0.033752122792329
0.026496915557685
0.0238513174077
0.02376478485027
0.023933267824127
0.033487830528124
0.033852697724148
0.033775200899524
0.025123316165354
0.02353457608846
0.026001623239355
0.03374452916224
0.023834230774901
0.027284380486399
0.03372064008183
0.023922576210915
0.034046584350502
0.033962580980143
0.024790852008614
0.033630707578751
0.024616385386169
0.025594470945578
0.023567920193671
0.030024552735486
0.027063308068524
0.023757777612488
0.023606288293212
0.02391099508573
0.032341878265506
0.02380920026722
0.033763760284633
0.033766289571908
0.023804917026046
0.027826909037715
0.025572380874539
0.024377692952417
0.028724986308029
0.024287154980734
0.034066400789295
0.03212009815119
0.032551055711422
0.034011447744338
0.031740285305287
0.02799144526204
0.033988092820067
0.033228304119991
0.023924430649482
0.033497333318525
0.024373745936828
0.033689205733659
0.023943488644451
0.023824416013461
0.033610608126272
0.023585072
0.024455721091795
0.024247562071832
0.024187771420723
0.033838980576043
0.023908368221778
0.024170024625605
0.024958334230586
0.03358696056847
0.023898549167269
0.030002099163803
0.034060698759906
0.033834000316198
0.03358324819419
0.029684144056904
0.028367281417757
0.024048947839942
0.033835323990573
0.027515824106809
0.03384912592128
0.023573424178015
0.033966720376522
0.033940693261873
0.024111990952353
0.030997714860077
0.023832242055222
0.023713969506581
0.033841909176504
0.033545136110154
0.02368529631198
0.026987504365642
0.02781508823003
0.023685296306395
0.023685296234336
0.02359092812324
0.023591430083609
0.033917783094998
0.033859529114817
0.033083341240801
0.033726153166765
0.023851971025329
0.023856912193779
0.023835408165202
0.033890320337402
0.023760528196634
0.033312942720245
0.033761913597272
0.023851536175473
0.02371454421214
0.023714544124935
0.033604752240226
0.033648752311085
0.033587696442128
0.023813488190901
0.03399429675282
0.033671280103398
0.024209520164955
0.02393938180503
0.034001913059714
0.023595504
0.033992883287824
0.02388209843193
0.023633552231062
0.023633552241594
0.033925945615475
0.02382529620894
0.023833840412964
0.023628788946656
0.033648698135297
0.023590576098485
0.023887734115363
0.026989841503846
0.023933638105701
0.023907707072017
0.024392465392168
0.023801105673163
0.033685909921144
0.033557402354843
0.033510895622912
0.023826609552603
0.023826609241526
"n_494_d_0_tr_20_a_250x250_idx_0_p_mprt2"
0.033899506633321
0.025601962630216
0.033800338198484
0.026386941542203
0.024663189619114
0.029459353524458
0.026647337804168
0.027446156143953
0.025469298329375
0.031983057149425
0.025179137007116
0.02458331260011
0.026008293850511
0.026193370734605
0.025477859953012
0.025146934044397
0.027710215876613
0.028219794077632
0.024730443368306
0.031261077128433
0.02556043595628
0.024107434352189
0.027200987379884
0.026314945836176
0.025012739230105
0.026033577901161
0.027777984105513
0.025548882940137
0.033891953467168
0.0240974611689
0.025335854296155
0.02824803529392
0.024438183351608
0.027783146978131
0.028295338929842
0.03184342162543
0.025395832161202
0.025778243662711
0.028799370224351
0.033883819069151
0.02556033113179
0.024920455469337
0.024822636031814
0.025785180473439
0.026236448857456
0.027540199747026
0.028350372647596
0.024959985166115
0.028460300614351
0.02599436167733
0.025972969320905
0.025979016593814
0.027198275164642
0.023930027017803
0.027096454984642
0.029215701924712
0.033887153611708
0.029851316199609
0.025650690580916
0.028050234589397
0.023867888723772
0.028277738707569
0.026043694285223
0.033922800697989
0.025838191695219
0.027048254053078
0.02816330551182
0.034032305104178
0.032040318350307
0.023962868357588
0.025502431003765
0.025029630652606
0.02855024978347
0.025832854073575
0.025166280576557
0.025434905504712
0.023950324840527
0.025572398590747
0.026631101968749
0.030742903849318
0.028260219515904
0.025306398630524
0.027379608062481
0.026538351726081
0.024032752295418
0.034269648772265
0.02373336
0.02682436415385
0.025257785395387
0.026860826410018
0.026061464453435
0.029981030526084
0.02756617296492
0.03389608582269
0.027086270460022
0.023648208322184
0.024948721497747
0.023648208330969
0.027396308702956
0.02824311619537
0.025225887832828
0.027427766674994
0.032661283386952
0.02496647022666
0.028775762983352
0.024799840585557
0.027280524773856
0.024935053760313
0.025523628543468
0.027314098578016
0.02955847740882
0.025747924911275
0.026988476806209
0.024502443864846
0.024709014819183
0.02466004688716
0.026572640678459
0.025339223118248
0.027336824624755
0.025552101311265
0.025832664519592
0.025421503121885
0.024348447935739
0.024646977666668
0.027205248126501
0.025729931295637
0.027053357337238
0.023813074084079
0.027170968051542
0.025506332064922
0.02381307475103
0.033669074845216
0.02481056339104
0.0253117629148
0.023685648275376
0.02371780819176
0.027136035270789
0.023918480424319
0.02348132818199
0.024399598378171
0.023721744191789
0.024388716779654
0.025347897797904
0.024464537060979
0.024638202327466
0.025676225058886
0.025338840146871
0.023634105007907
0.025289575044041
0.023918864381611
0.026874866692532
0.025787229189787
0.024912972833445
0.026468405374968
0.027862478782623
0.026680164385952
0.024638051739555
0.025255905940745
0.027123054271082
0.023547089392035
0.024977563159289
0.033546928181092
0.025356819999412
0.023918864283987
0.024309159024752
0.030467834070893
0.024251578976785
0.025346818763764
0.030402106357393
0.025370115767108
0.033238638327636
0.027521682717443
0.024053178447066
0.032849772797469
0.024271980804501
0.033987919159259
0.027668303137932
0.025874535087338
0.024856278188161
0.024295897542204
0.026152222789044
0.027024117699262
0.026491839697257
0.028267983142977
0.027290711277468
0.028814722708979
0.025222641736767
0.030771075511497
0.024516191626637
0.026573291558341
0.029425957399256
0.029523757727504
0.023809072894176
0.024013831436293
0.030424104338875
0.023773873302816
0.032821680930752
0.024956453451454
0.023853585024725
0.032913262900985
0.024914432568379
0.024871141487904
0.026051027195935
0.032899041835619
0.024682345613933
0.026049402808546
0.024942572784849
0.026726430085748
0.025790279524672
0.032336465056469
0.023907218870979
0.030380434734509
0.025094477937196
0.025878418783499
0.033446967947422
0.029144517616677
0.025420882486851
0.026705822251339
0.031756566594541
0.02599282035201
0.026526901917551
0.025985225328454
0.026162676336168
0.030364400254923
0.026034506968455
0.026766572761763
0.025424535184146
0.025137875883032
0.025091665697299
0.025646004678489
0.025518099610835
0.026661336926249
0.027948698294395
0.03384907722818
0.033605392930873
0.030348186432957
0.025080897784516
0.024946344630247
0.0249606493355
0.025017984610149
0.025515871221095
0.031602906283833
0.024964385752487
0.032836067710541
0.025977926416575
0.025274618495166
0.025387526153636
0.025716771306035
0.025621568712519
0.023555280106173
0.02516637436425
0.026350114712675
0.025571371958935
0.026187983096896
0.026381536730776
0.033948547965658
0.025301335543158
0.027168053172971
0.031097782145807
0.034283832083344
0.02582143144351
0.024066654228509
0.025731546860149
0.024573720667954
0.032733428515641
0.023794545231157
0.031754939668215
0.023957681426292
0.032672593382336
0.025336366352279
0.025169476730635
0.024191873419166
0.026160226287596
0.026522150977759
0.025242695029384
0.024602174441862
0.028074544179008
0.024463357074306
0.023972426110949
0.0243663874918
0.033617712887484
0.027305220150058
0.024516195482794
0.024281961452535
0.032046505131587
0.023988689628226
0.024592645410135
0.033757180492249
0.033843730895294
0.034220095045955
0.024633675575102
0.024605292572283
0.02470229465919
0.024247047427662
0.024574605369601
0.024445001264066
0.024761841566645
0.02916022469599
0.024593422224373
0.025957212889931
0.027112079522943
0.02504059320802
0.025509458881081
0.024478431091785
0.027086602246816
0.025950664197566
0.033394500304271
0.02500856322494
0.023509296
0.030634457689815
0.030517105304237
0.026164617945222
0.02992810546477
0.030109293877097
0.028930784051286
0.028390270581591
0.024035721496613
0.0336941962555
0.025040439870652
0.03017131858231
0.030371700032864
0.024035721330836
0.026442749538979
0.027064504743538
0.033841488305919
0.025107827005609
0.026815946454965
0.027449915921868
0.024727703179365
0.025184872318724
0.028142608963631
0.026643471262462
0.033694994522451
0.026889493657341
0.025284983256633
0.023591376119831
0.025626916688079
0.030202982602691
0.025780215397786
0.02788892943792
0.033990173254327
0.024033929222857
0.025987696390684
0.024962417874098
0.033732979632649
0.02934121151742
0.030327604452709
0.025125478062823
0.027051769236229
0.02824581127041
0.03404065469195
0.03344107212854
0.023576784248325
0.027010267327605
0.024843317906068
0.024723317841194
0.023852186674536
0.023576784148995
0.033830678970091
0.028480643890184
0.033752122792329
0.026496915557685
0.0238513174077
0.02376478485027
0.023933267824127
0.033487830528124
0.033852697724148
0.033775200899524
0.025123316165354
0.02353457608846
0.026001623239355
0.03374452916224
0.023834230774901
0.027284380486399
0.03372064008183
0.023922576210915
0.034046584350502
0.033962580980143
0.024790852008614
0.033630707578751
0.024616385386169
0.025594470945578
0.023567920193671
0.030024552735486
0.027063308068524
0.023757777612488
0.023606288293212
0.02391099508573
0.032341878265506
0.02380920026722
0.033763760284633
0.033766289571908
0.023804917026046
0.027826909037715
0.025572380874539
0.024377692952417
0.028724986308029
0.024287154980734
0.034066400789295
0.03212009815119
0.032551055711422
0.034011447744338
0.031740285305287
0.02799144526204
0.033988092820067
0.033228304119991
0.023924430649482
0.033497333318525
0.024373745936828
0.033689205733659
0.023943488644451
0.023824416013461
0.033610608126272
0.023585072
0.024455721091795
0.024247562071832
0.024187771420723
0.033838980576043
0.023908368221778
0.024170024625605
0.024958334230586
0.03358696056847
0.023898549167269
0.030002099163803
0.034060698759906
0.033834000316198
0.03358324819419
0.029684144056904
0.028367281417757
0.024048947839942
0.033835323990573
0.027515824106809
0.03384912592128
0.023573424178015
0.033966720376522
0.033940693261873
0.024111990952353
0.030997714860077
0.023832242055222
0.023713969506581
0.033841909176504
0.033545136110154
0.02368529631198
0.026987504365642
0.02781508823003
0.023685296306395
0.023685296234336
0.02359092812324
0.023591430083609
0.033917783094998
0.033859529114817
0.033083341240801
0.033726153166765
0.023851971025329
0.023856912193779
0.023835408165202
0.033890320337402
0.023760528196634
0.033312942720245
0.033761913597272
0.023851536175473
0.02371454421214
0.023714544124935
0.033604752240226
0.033648752311085
0.033587696442128
0.023813488190901
0.03399429675282
0.033671280103398
0.024209520164955
0.02393938180503
0.034001913059714
0.023595504
0.033992883287824
0.02388209843193
0.023633552231062
0.023633552241594
0.033925945615475
0.02382529620894
0.023833840412964
0.023628788946656
0.033648698135297
0.023590576098485
0.023887734115363
0.026989841503846
0.023933638105701
0.023907707072017
0.024392465392168
0.023801105673163
0.033685909921144
0.033557402354843
0.033510895622912
0.023826609552603
0.023826609241526
