"n_494_d_0_tr_20_a_250x250_idx_0_p_flooding"
31.4575415930003
30.3377005190004
28.0656568490003
30.7856965100006
29.0256600340002
30.2096708100006
30.6576773700002
31.6176395090002
31.1055441800003
29.5696889440005
33.0576043860002
29.8256936450003
34.2417188990005
32.0016442150006
29.2496803950004
29.3457586100008
30.7855680910003
30.7856205910007
31.9697559560002
31.6497376050004
30.4656322790007
29.9536143080004
29.2497033620003
31.0097200850006
32.7375287300007
29.5696876010005
30.0176697120005
31.7456199390005
28.4175874250003
30.2415847810003
31.5536590240004
30.2097055760004
33.0576782130008
31.4257145240009
31.0736621130006
29.2815845340009
31.7456745930005
30.0176109010004
30.8817300170006
31.3297303540003
31.3296763040007
33.377573909001
34.2416867119999
33.7295805310003
34.0176836370008
30.9776038720004
32.0337696650013
30.7856939700004
33.4737589030007
32.6096276270009
31.7457000680008
31.1055503700013
32.6415060400009
29.6015463570001
28.8016459350011
31.5217460340005
30.433665346
34.1137600030006
33.8577151590007
31.5217540810009
33.6977129490013
29.8896541600016
33.5697066930001
30.1455772790007
35.105603173001
31.2976557150009
31.6176981590006
30.9776185540001
30.1136424900008
31.777615419001
30.3376525450014
29.889708153001
32.8016307990007
30.6897380420006
30.7856669490008
30.9775992880015
33.5055763650001
33.6015562770005
28.0655780720007
31.2976476150011
34.3376720640007
29.8895617450015
36.6416270090006
31.2976975930006
30.7856985710009
33.0576309650015
31.6495986640009
30.3376471470003
34.8817197250009
31.4896797690007
31.5536641070011
30.6576659570013
32.193626573001
29.8895755190012
28.3856525610009
30.9776843520009
30.4656162440002
31.2017243520009
31.3616333130007
31.9695785220011
"n_494_d_0_tr_20_a_250x250_idx_0_p_fullyAdaptive"
591.862216883
563.883972218001
436.317818284
411.027928151001
520.658774013
568.609364263001
426.815626999
337.842032614001
564.579399995
608.472909933
590.889313864
576.330345793
358.207756586
466.250831343001
481.862427474
546.278242643
454.424753571
498.674075018001
621.542070055
330.944038615
394.248481807001
449.346326687
526.698210459001
397.370552439001
491.171005204
437.698453271001
408.839341462
282.758090588001
383.953014715
452.388906846001
270.488777815001
356.139263422
356.706369087
395.996466420001
268.882175898001
390.510768920001
356.199703847001
520.744894134001
566.751213576
474.180275448001
595.375443025
538.880370419001
522.409097345
472.688210034001
487.427559852001
396.210727740002
324.628911408001
546.436781381001
471.087769479
611.255143445001
412.370300603001
550.287062040002
510.978169248
568.647974637001
429.435400816001
305.512037770002
590.307822083
473.452206932
476.585860694001
590.144037695
345.160068457001
367.572346063001
639.977998732
301.494260220001
466.104634519001
295.082487515001
585.65711919
428.467468375001
569.952411848001
371.571692191001
572.409937936001
402.380033870002
318.055817638
309.097430941001
410.276972001001
500.537533290002
540.603259066001
338.814397224001
434.763825022001
527.704454373001
515.479107216001
537.915303541001
378.638180693001
459.735310819001
475.342773035001
260.375826592001
405.583122575001
326.480405788001
519.776207458001
346.080757975001
515.106406799001
611.628233045002
468.082254957001
535.863276614001
578.938165175001
602.904694683001
467.623013425
604.769700128001
483.630029344001
393.519187074001
"n_494_d_0_tr_20_a_250x250_idx_0_p_mprt2"
29.7615367990005
22.2411140100003
31.8096800090002
30.3376704590006
33.217728871
31.4256511250006
33.4737488560002
32.9936438220004
33.5697315260002
33.7936993430001
32.0657025360003
32.3537002160004
30.8816329740003
32.1936511250005
30.3375658040004
33.3456369920007
33.7297390010001
34.4657087670006
32.609696208
32.3857063440003
31.8096806270005
30.6256983600006
31.1697316740003
28.4817129020007
31.8096115880002
29.4417258920006
30.6577045640002
35.5216993030005
29.7616479320002
30.9457133970006
30.8497261970007
29.5697322360002
31.0736500770004
29.2497325280006
31.2977023700007
31.0737546390008
31.2977123670004
31.2016548830005
29.5697259840004
31.9377585410003
33.2176285980008
33.1217817250007
30.3057090740007
30.5296956880001
31.7136432460003
30.5297203310007
31.3937631110006
31.7457132880001
30.881646610001
31.8417909890005
29.5696350720007
29.3456438320012
30.2097102010004
28.8016937310003
31.7137677660009
30.0177263020007
29.8897295350002
30.6576936450007
29.2497102010003
33.249630998001
30.625746390001
38.7541784830008
30.2097170740003
29.8897132910003
31.8736157380011
29.4417038610009
30.3375948950002
33.2817132590009
31.3937690740005
32.2576780330008
28.8017081610006
31.0737814300017
29.1217108860007
29.889729304001
28.4816937310008
31.9057739850015
28.4817223370002
28.8017262780009
29.7617604310005
29.569673779001
33.4417155420015
33.4735929560015
29.7936701330004
32.385733642001
33.0257005920007
30.8496988000018
32.6097349280001
31.8416713630008
28.6095015330012
32.6096462600018
29.7617134740014
30.2097179560015
30.945749123001
30.4337978930009
32.3857182780012
29.9857147030016
29.5696894600015
29.5697203750009
32.3856258680006
32.0657005600014
