"n_494_d_0_tr_20_a_250x250_idx_0_p_flooding"
494
494
494
494
494
494
494
494
494
494
494
494
494
494
494
494
494
494
494
494
494
494
494
494
494
494
494
494
494
494
494
494
494
494
494
494
494
494
494
494
494
494
494
494
494
494
494
494
494
494
494
494
494
494
494
494
494
485
494
494
494
494
494
494
494
494
494
494
494
494
494
494
494
494
494
494
494
494
494
494
494
494
494
494
494
494
494
494
494
494
494
494
494
494
494
494
494
494
494
494
"n_494_d_0_tr_20_a_250x250_idx_0_p_fullyAdaptive"
494
494
494
494
494
494
494
494
494
494
494
494
494
494
494
494
494
450
494
494
494
494
494
494
494
494
494
494
494
494
494
494
494
494
494
494
494
494
494
494
494
494
494
494
494
494
494
494
494
494
494
494
494
494
494
494
494
494
494
493
494
494
494
494
494
494
494
494
494
494
494
494
494
494
494
494
494
494
493
494
494
494
494
494
494
494
494
494
494
494
494
494
493
493
494
493
494
494
494
494
"n_494_d_0_tr_20_a_250x250_idx_0_p_mprt2"
427
439
494
494
494
494
494
494
494
494
494
494
494
494
494
494
494
494
494
494
489
494
494
494
494
494
494
494
494
494
494
494
494
494
494
494
491
494
494
494
489
493
492
494
494
494
494
489
494
494
494
494
494
494
494
492
494
494
489
494
491
476
493
492
490
493
492
493
493
493
493
493
493
492
493
490
491
493
493
493
491
476
491
493
493
493
493
493
493
493
493
491
493
491
493
493
491
493
493
493
