"n_494_d_0_tr_20_a_250x250_idx_0_p_flooding"
494
494
494
494
494
494
494
494
494
494
494
494
494
494
494
494
494
494
494
494
494
494
494
494
494
494
494
494
494
494
494
494
494
494
494
494
494
494
494
494
494
494
494
494
494
494
494
494
494
494
494
494
494
494
494
494
494
485
494
494
494
494
494
494
494
494
494
494
494
494
494
494
494
494
494
494
494
494
494
494
494
494
494
494
494
494
494
494
494
494
494
494
494
494
494
494
494
494
494
494
"n_494_d_0_tr_20_a_250x250_idx_0_p_fullyAdaptive"
259
259
272
254
274
260
258
261
259
261
260
263
255
272
260
260
264
220
263
258
264
258
268
263
257
268
263
270
263
262
282
275
266
264
264
259
255
262
258
267
264
281
268
267
258
255
267
259
266
258
262
261
270
261
257
253
266
254
264
257
260
264
261
262
265
265
258
271
271
257
267
268
268
263
265
259
259
256
257
260
257
262
263
257
262
279
257
259
263
265
264
266
263
258
262
258
266
271
266
262
"n_494_d_0_tr_20_a_250x250_idx_0_p_mprt2"
90
107
143
147
145
141
138
134
146
152
134
127
144
138
137
144
151
140
153
152
154
140
141
142
152
147
142
142
145
145
146
134
144
144
148
144
146
146
149
153
144
142
138
153
152
139
138
137
149
145
148
145
134
137
144
141
140
140
130
146
133
137
138
142
142
146
138
147
146
140
136
138
142
139
144
137
141
147
142
151
144
134
132
137
147
143
150
147
151
141
134
147
147
134
140
145
139
139
145
150
