"n_494_d_0_tr_20_a_250x250_idx_0_p_abba2"
328.539169564001
397.304884186
373.680238872001
399.002851820002
343.692278703
378.003674190001
320.040818449001
309.057314435001
449.923048613
401.542931113001
414.879183694001
404.317794728001
397.052369225001
327.847974623
388.456692630001
366.760674871001
345.419694208
403.232232583001
405.601613437001
383.824714122
385.547175195002
347.664660558
386.424482783001
346.775359239
380.980911314001
344.780867384001
381.195958999001
366.432435996001
382.598218967001
361.442755110001
366.905244028001
398.120164046001
401.818334097001
372.827654675
387.394501398001
401.285251383001
428.167661002001
301.520829445001
383.471626694
399.605284362002
350.961820917002
378.877788840002
369.498009403001
358.015003740002
432.129039143001
432.692356236002
412.213207958002
389.472710858001
381.606258942002
363.594028793001
385.929109999001
388.339806573002
409.202673984002
364.283868351
380.088343792002
374.745127767001
367.377678892
397.544619020001
377.531956536002
374.377828860002
363.998844829002
385.185054931
378.886192843002
398.620400457002
352.716942078002
377.111514080003
388.184719159
354.181038426001
381.119432154001
386.260997596002
381.166319945002
416.437949000002
379.694154596001
378.468723501001
372.528489589001
416.930656609003
367.752472148
374.715653530002
334.018637068002
372.995084047002
391.637347708002
395.232695548001
383.357238007001
398.303253239002
372.676072429002
388.791841124002
369.309926530002
401.451376635002
385.440127482001
390.919676535003
412.318223525002
417.759744344002
380.086242871002
379.279973582001
346.121669679002
404.865623157002
437.186630145002
334.907888733001
372.760351903002
375.243328758001
384.162086033003
353.083681567002
388.662282794002
345.705032835001
387.349064651003
409.988760772002
472.107237219001
334.139011040003
351.634673027002
398.752042104002
338.061891106003
397.740525081002
385.027698138002
402.185593684003
354.113153285002
373.992205553003
336.633832354002
378.521839527002
341.514982089002
386.493268196004
429.127105661003
370.674889102002
373.175383745004
348.106509118001
373.780227971999
480.704145714004
329.910266450003
437.397951797003
382.558777170004
398.865772912998
417.283749491002
338.840253847003
330.201780987004
367.208088672001
361.051156376998
386.780598415005
369.016879356003
382.562682885006
399.377378785001
382.207664665
406.681774696004
448.762222310002
397.382985764004
377.313535986001
390.090637272003
369.636210458005
336.772206428002
373.501881166003
385.202286362002
335.219775842003
385.811197889005
398.393658975003
333.072311433
360.557484188004
397.541607177001
369.420851313002
390.024091512004
383.121736246
396.658920660005
388.014120123003
410.917241273005
494.991375750004
379.558640220999
405.273774696003
398.608809807001
338.426762229005
390.734418544003
326.651235897
385.823274011003
371.768295847001
363.890712609003
360.153945824003
388.077340013002
391.943841884004
324.988465609003
393.548885295004
320.496163465002
326.494171446001
446.769068870005
345.623101801003
371.117878703004
348.060961826004
403.680232583
372.468148933002
390.056417395002
391.211745841005
381.482725373004
392.547186614003
380.854977175005
388.042637272001
383.735219218003
371.589308292002
360.507891270004
337.807252227005
332.017802714002
378.676725964006
413.002727513003
244.215903171
350.973010813004
351.792120241001
409.232606675005
400.137617788005
337.137575863
441.595992277005
384.277047581001
407.938300596005
309.442300596004
367.579156641003
488.337198281005
370.008203090006
347.653473455004
362.194329156004
364.923816637003
382.718182216003
397.521188314002
338.330486412005
397.472695548004
401.862766923003
408.308407255003
425.302347768003
391.623841884005
397.855017847004
424.732050461003
395.110821702005
328.769601126002
391.897490153006
373.438722076003
382.323679625003
404.890134716005
339.723807153003
233.638879402005
367.723337375004
346.701396096002
375.985593927005
389.448267673004
416.354023697004
375.773403853003
381.994648752002
338.541090356003
380.373537280004
381.484687177004
399.681376322004
368.875818526004
405.491958783003
387.542551311004
388.644790384006
330.993706482005
361.338249412004
390.918103741004
361.971882694004
400.417723429005
402.756385059003
357.522783620006
379.645154985006
426.542508185005
397.650452368005
328.536919854002
382.057314038004
338.370946112004
320.504608915002
409.306729602005
377.501213572003
408.296683055003
332.236081480008
362.099882694004
413.338274599006
407.790282399006
328.825123402002
378.555871655006
385.843966789004
405.341309492005
396.185941116006
395.551668500005
387.802806770008
396.659348157005
398.555155839006
365.784657963005
473.059472589
366.387882694003
358.960764052004
386.070336510009
393.848828790006
413.215500832003
407.981979106005
374.636958555008
321.726600437003
335.527157153003
375.956747829001
379.070157058997
445.384238828005
408.976752246005
384.902548848004
393.266185613001
377.416929096995
385.873900765006
407.608541803008
344.562989779007
332.235038073001
380.401491902994
373.01393259601
404.892011243007
400.232117350008
374.084351829005
333.199032048
391.858509627006
361.138757573009
412.109179855008
369.182821853002
330.663211716995
378.579276511005
405.940578251005
386.358494963005
382.270377324005
413.084002353003
466.277986623005
408.036598792009
374.259259082002
482.065827936005
350.402759750999
337.134105066006
338.72690695501
394.957397137006
380.173487220006
415.665072575003
323.522940661007
350.961820917007
366.792387267004
349.128435056002
341.229402534005
389.83463727201
396.747884740009
367.688881819006
382.921585112001
388.409858066005
378.01438257501
389.089370429005
396.294559639003
407.412431297004
407.961774696005
367.233564070013
353.721590927009
394.400129148003
358.357356095006
361.987218004003
326.324956131998
345.756335086008
374.938692872007
381.066340744006
324.125048367002
385.030548848
379.678496756007
360.563882694002
392.476009419006
358.921436176004
380.184193923
430.210466827006
376.976430535009
372.662000215001
409.838698532006
374.629449640999
374.753591464007
369.012738799007
374.101132178005
363.378757573003
406.605350951004
332.055603644008
380.740913777004
323.320252721004
372.233898367
386.376553736
334.010129230009
348.581121168003
402.244489933004
373.242750427004
412.996194874999
374.193000946008
358.651868351004
348.445362141007
386.562501398004
393.085660955002
396.963815433004
352.739469023007
329.646654977005
371.702204630004
399.315562327004
370.345341771007
322.837326474009
333.511738585003
343.946729876002
389.574548848003
420.834746799009
367.214824316008
397.001149435006
360.294043197001
370.926272720006
423.135195179007
464.146216102009
332.911915006008
392.698058116004
369.934558163003
"n_494_d_0_tr_20_a_250x250_idx_0_p_middleAll"
188.912681368
139.389430352001
172.402836983
159.930236889001
137.555377494
148.245808352001
184.479053768
136.589374880001
148.032112808
138.256778611001
150.159112222001
131.775768474
144.334845483001
148.308144320001
152.102261333001
145.620707701001
152.846917822001
160.763460941001
165.796314351001
143.674809120001
143.924420486001
149.721679058
161.595239449001
145.654499715
177.386675601001
152.108783604001
136.807335798001
145.002061794001
131.378147226001
163.728154526001
139.202415779002
170.869261809001
134.674983829001
130.218593636001
145.114194488001
135.778349243002
136.245652132001
159.322399181002
135.775957407001
165.348712218002
166.941220982002
160.618155975001
162.733978426001
148.469024878001
144.731250388002
139.165992557002
140.518398944002
155.775931367002
133.590375567001
152.331949232002
129.085369537002
155.170893929002
148.920336497001
154.265463217001
144.255298429002
165.812183823002
145.556761768001
134.353942957
161.594792875
176.946492529002
142.287629729001
136.249095820002
156.256929417001
139.676621453001
137.835206268001
147.312810250003
155.059747969
147.781161954001
131.131001535001
168.009853785001
157.800581777002
138.300174328
171.674270308001
170.335436064001
134.247874633001
148.108944214002
164.590682095001
174.870188683002
158.511233297002
199.693539609003
140.274928433001
189.029826435
167.803310326001
190.718699053001
149.038848840004
154.098315701003
134.020835435001
146.332017736002
170.477388690003
132.811304927001
152.892010691003
142.304679319
141.305756018001
175.094266777002
150.266352186001
134.003625207002
138.495467035002
146.569485229001
153.427348830004
160.539704938003
133.685243528003
153.476614586001
196.082822286002
161.079142782002
159.180172736002
145.933689689002
153.403545809001
149.739966696002
134.142223479001
138.323516845002
171.898357668002
134.156853442001
139.767387527002
145.063793018002
158.905287006002
157.696531655002
141.854365513002
131.889357186003
135.901940538002
137.681280120004
131.588188408003
162.975704870004
147.048909220004
174.244240624002
147.617289299998
163.529081789004
163.772782316002
144.480252462003
152.437021261001
158.783275925998
158.968821996002
142.907724534002
171.467779852005
145.352656177003
178.383347878999
137.873175930004
132.782654513001
132.821020813005
161.588723872004
160.539476709001
158.681094386004
149.679821908002
132.128504364005
150.933209990004
130.490134275
144.300968717005
132.764814392001
136.743090647006
144.151247982002
141.901259604001
153.425671265005
171.474316457001
179.718997110001
145.922494129003
144.487953455002
270.569689841004
143.599961836003
186.198329007002
195.566478620005
141.162997095002
157.540546551004
184.616368827001
154.240189600003
135.275141788004
139.885825752003
179.331469201003
145.766270659003
141.060442153002
149.409496038004
143.820934748003
159.625932484005
140.967467536001
209.906638685002
141.513214192003
156.975852867003
146.495045435003
148.870324873002
141.161643589001
133.660400714003
145.900685391002
137.424817300005
140.405877063003
143.312438123001
138.394015879005
141.671707351001
141.718060199004
146.769965435002
135.353674844001
155.359778567004
155.044182152
135.557316103004
130.868616957002
166.467951237003
154.481843274002
172.783655139003
169.188798558004
156.253397010005
151.371296468003
140.523911183003
145.882106165001
164.003450226005
194.634093647004
144.821056507002
158.547094183003
160.135631958003
132.398864434006
143.020159075004
146.808291547
136.202458524004
147.687513115002
201.409171058003
143.704983028002
141.959790085
167.756284504005
139.767408299001
169.796861214003
155.504858653003
149.457173868001
141.981295532005
149.037344495003
165.485132613004
180.938578555004
132.438336762004
143.621368202005
154.280929803004
155.708695231006
200.739747219004
140.925493884001
176.067657364005
166.379662688001
177.874981376004
165.391700321003
154.355005957001
154.299771080005
128.910206132002
149.140995962004
149.110267011004
143.629895057003
136.398191552004
158.896664012001
166.524367395006
131.002602891005
144.757222590005
147.661013328005
134.403629969004
140.595808214005
144.076166667002
181.748353153001
147.657784988006
145.304337809002
147.548221120008
171.332930875003
140.158855623003
173.831230814006
157.774303053003
150.151129297004
147.674753440008
148.518244064004
197.878021364005
171.466016936002
150.117048549006
159.065983462003
143.903718990003
131.906803092004
185.969067045004
150.318824705007
151.656594401004
181.215814632004
139.815057464006
137.872415284004
171.644653869006
150.043848865003
150.600801439001
154.866401461003
137.113001536004
153.706178949005
145.294166902005
133.416980172004
138.500902116004
144.319825806004
146.231491115003
145.531614582005
133.114008530008
197.767730375006
152.286291201008
142.438075111009
145.443790064007
159.410576250004
161.567383867997
134.444072986007
136.26264281001
172.053820470005
158.243872740009
157.865717714998
152.192059869009
142.579969173006
147.088624758005
162.599107106004
159.341754904993
157.847203279005
187.221522903009
141.862442931007
144.753182471007
190.142042916996
137.408442581005
136.803554261007
177.040420661008
133.522919745005
185.161444411996
146.133273857011
157.014858255003
134.602477099008
151.471049493004
157.388231940999
160.259845339006
138.867574575009
164.727538435002
131.697821680007
146.427425674005
160.888526220013
139.535853732006
156.328467074005
163.724466153006
164.144905063004
159.402804292007
140.270007137005
143.266604590011
148.993918710005
151.133150272003
140.223706073009
205.629251731004
157.377301033009
145.980173218007
161.200014146004
145.504647767005
167.448077856008
141.279406024005
136.210138609002
138.264492630007
157.168642030008
163.91278398001
152.684180093004
144.698461995006
139.182856235003
141.975523172
129.031486744005
130.359870033004
132.277666793001
159.105377741
165.202528759004
141.249451796007
147.849733771004
145.470854877004
180.892803624999
189.003754448002
151.567737168008
173.227019878006
181.145666707003
148.817935918004
140.279046829001
160.13326859801
167.260032818007
167.113673179003
151.296503951002
149.799161571003
134.544064413006
153.859264192008
163.470057257001
155.813181899006
147.744286509003
141.492547426004
147.762733045006
159.342798502003
146.134721189
196.829757873999
208.015033384008
145.464203131006
137.924506727003
165.641858551005
139.916637854
166.037521317008
134.381793941003
141.190734279007
157.653452059002
153.525159474
145.761573607011
182.312328056007
138.824322897008
138.015559524007
148.360572724002
138.866109891005
141.873854115005
135.875300091008
137.644464587005
132.746074566001
169.79669120601
145.410664957005
146.260837374008
139.457659244002
156.319162302005
"n_494_d_0_tr_20_a_250x250_idx_0_p_middleFix"
22.241147232001
23.9691285140005
23.2010384760004
25.0570684000015
24.5451966260006
21.2490851940013
20.7051296120007
20.8330632770011
24.8650415010001
21.7290600360007
23.2332152130006
21.4730660740008
22.0490716230008
24.2890373560005
22.017187927001
24.1930403540014
24.5131718630001
25.153108066001
22.2411774440001
22.8810631940011
25.2490412280011
23.393137478001
21.4730967470009
22.8811496880006
22.5610429410006
22.4651855460012
24.4171746710009
21.5051395030015
24.0651481370007
22.3371652820008
21.8570804020013
22.8812324020007
24.7371472320008
21.8251727200016
23.8732908380008
23.9051102230015
22.3371517830007
24.5130803310012
21.6971710730007
23.5212189620011
23.0090295520018
22.7853146970016
23.2012625080014
24.1292223780007
23.6491302360005
21.7931750670015
22.3690487170014
22.5611569530013
23.6811855560006
21.4732418090016
23.3204480210016
24.8332020410018
22.1770543460007
21.7291296120017
22.3690325350017
23.297188582001
21.2492318540001
24.2891472320004
22.4651320780005
21.2492004160012
21.6971210040011
25.6011904419999
23.4251599340016
24.7371472320008
23.3290681000025
26.4011259110024
24.6091140040008
22.8170953470013
23.2971647010007
23.2010926070014
20.9610701880028
22.2410518969998
23.2010712170005
28.6410802900026
22.5611472320022
23.2011044150013
23.8731967020005
23.0090474310014
21.793118365002
23.3291472320012
24.9611224030026
22.241041501001
23.0090402200016
23.1051580310009
23.1370623250022
23.1051284770025
24.1930428000021
24.9291398450016
24.513188710003
23.3291191580012
25.0570645340016
24.1931186420015
23.073285804001
22.3371927520013
21.5691516880021
24.6091327170017
25.0570608680007
23.2010516200027
23.3611350300027
22.0171435560026
21.8252343990031
22.337299869001
22.5930701230013
23.2010597320027
23.0091183650014
22.7530360640031
21.153133250003
23.6490555780016
21.4090786460019
23.7450983790026
23.3290759110023
24.4171108940012
22.3371757480013
22.5611000270014
21.6970775230028
27.105074040005
21.6010882370021
22.3371383210011
21.6972138030016
22.3370752160026
25.6011511410037
25.0571510830007
23.2012048500039
22.8811374780022
22.6890937459991
22.2411511970044
22.1452252240013
23.2331969240036
25.9530521540015
21.2810305069979
24.2890566770022
25.1531245250014
22.6891153190039
23.1370547730023
22.1451878199979
22.1451243890023
23.3290760660019
22.8811785560055
23.5212461610033
23.5532138960011
21.2811140040046
23.7771450430024
23.3291306800041
21.4730507150023
25.5051237460009
24.8650796290022
24.4172388310027
24.2890305070027
24.6410704680038
24.1931335160004
22.8811472320025
25.5051376220017
22.1131103159991
24.1930942980026
21.5691478400046
23.192451600007
22.1131480890016
23.3291125380006
24.0970506470042
24.0971306800049
21.729109585003
23.425154226004
23.4251927359992
24.0651608800029
22.6571082480014
24.6411261950037
24.2250882230017
24.0970471359994
22.8811314110047
22.8170572920021
24.225114004004
23.8091156850011
24.2251436490015
22.6890343810027
23.7771472320034
25.409140645003
22.1130794470028
23.7771472319999
21.9210660670015
22.2411447290014
23.7451300230056
23.2332082900051
24.4811803109997
23.8732011840028
24.8650325350006
25.6330667170026
21.8252069960023
23.4251034760007
23.6490648120018
21.6010636150017
24.3210810570034
22.5931957330019
23.2332029670026
21.9210503490039
25.3130340840038
22.0171690620035
24.6090409350046
22.8810575720004
23.3291325020026
23.5531034210013
21.5691426830027
24.417048044004
21.4731994750004
23.8412647950028
23.2972181330027
23.3291448950048
22.4332679610022
21.4090396470006
23.105216192004
24.4171140040024
24.6410965130046
23.105146985003
23.6490653100034
22.2411222270047
22.8810373560009
26.1450813490036
23.4251650940038
24.8331243280013
21.6971822450027
23.1370634330013
24.7372416140053
23.3291773620046
23.6490810580037
26.6891817330048
22.5610663340028
23.2010839320047
24.5131645830021
21.6010840830023
22.2412367020048
21.4732608120016
22.2410680910059
25.1851438290025
23.3290786910025
21.8891840100071
23.0090851940012
24.0651705650059
23.009160815004
22.0490384150018
22.1130835580041
20.8330883270023
21.1530693490047
24.5131219190036
20.513134607004
23.7771249300067
21.4731184920041
23.3291472320047
23.2651350990025
23.2012470070018
25.6971214300066
22.5291349820047
20.929181808004
21.4732181940036
20.8331157490029
23.7451438110057
21.3771617880028
23.201065601004
23.5532138060037
24.2890751790021
24.6092367300079
22.465178052002
22.7851910890067
22.3371274010056
23.6171686660036
23.0090624350048
22.9132055050023
22.6890437660039
23.5531492230052
24.1932501830036
20.7051140040058
24.6411848480044
23.1051912840066
20.8331457750042
22.7532139910025
20.7050474850057
24.8650565620032
20.961099126005
25.4732542170046
21.4731247490043
22.6891097190034
24.5131789550044
21.9212249650056
20.5130386370058
22.3690361140001
22.6572034070003
24.0971140040074
24.0970650740024
25.1531731450072
22.2091748100084
21.3771019749984
21.7931030730085
26.6891504910092
21.4730597410053
21.4731414500093
24.4171780529996
22.6891481540079
21.4090817730082
26.2730832730043
23.9371978270029
22.3372456359954
22.5610409580099
21.729061235007
23.1370627370069
23.4251520870004
23.1051456189988
23.2331478630101
24.3211343570096
22.0171035280075
22.9131322250069
20.3851238639956
24.9930894020096
21.9211270480031
21.7291284240062
21.6010687690016
24.2891128830038
25.0251093270109
25.0571287510084
21.6011084890084
21.2491276510036
23.9690997440007
25.6972024340101
27.0092890960072
23.8730615710026
22.6891445840067
21.9210305070021
23.9050628140092
22.017151900009
24.065169059007
20.609202473004
21.7930904439996
21.921179032006
23.1052097610061
23.8412360180078
22.4651189300076
21.8251437260051
22.3371431660055
25.9211468440057
22.4651633250019
22.2411675980041
26.4331690620025
22.3373208360087
25.1850381420056
22.1451675540081
24.4170592370025
24.0970650419996
21.7930861370021
25.8250435290037
23.1370950710073
22.6571735100052
23.0091444930025
22.4970608300055
22.2411109580065
21.1530449790089
22.8811214210012
22.2091382590008
23.9692092680031
22.3372033380045
23.0090780930041
23.1051782160065
23.3290791770031
21.8891565200039
26.945081739008
23.8730746600098
22.6890659050056
21.3451246800034
22.0490475560027
25.6970893270108
23.0091707060041
21.0250683220039
23.553053878004
23.201057027002
25.6010400590085
24.5130677690071
22.337090977004
21.1530384370064
23.5530407720006
25.5051485530089
23.3292606280031
22.8810695970054
25.9210921510018
22.6892433100048
23.4251707660107
22.4650806010089
23.0091095850042
21.8890868880024
25.6971778760047
23.425178442011
21.8250908490063
22.1131249000095
23.0411505600046
22.6571584789994
23.2010645190073
22.3691008990059
25.4091715190086
22.3691140040003
22.8810926430043
22.0171688360082
23.9691322490074
25.9211600210065
21.569164111007
24.2891363010003
"n_494_d_0_tr_20_a_250x250_idx_0_p_middleNone"
25.793334618001
24.2894222560004
28.1933297070003
28.289363782001
26.4653194980005
27.5533997850008
26.0173983860001
27.0092493200007
28.5133643940005
27.8734461330004
27.4573337970008
27.3293479330006
26.9773648300013
26.2412902860003
24.3853922590009
28.8653167890009
27.8413321100013
28.5133721810009
26.9133464660003
25.6972643960003
29.8254668150015
27.553364740001
25.7933190310009
27.6494232310007
29.377299180001
28.9613774580015
26.3693140490009
27.6173594570013
26.6573904720007
29.6333444030008
26.561358706001
30.1453533440004
24.9294245020009
27.4574204420004
28.6413667940009
28.0973314490014
28.8973540130009
25.5054163630009
27.137305580001
28.5133451040007
24.2893741320014
27.4892808820013
26.9773627690011
25.5053737620017
27.6173547030005
30.465304784002
28.6413850110012
28.9613453110018
25.9532624940011
29.1533813880012
29.1853525270014
29.1853137380027
26.6574051670005
26.3693278490003
28.9613766150012
27.4253503010016
27.2013213850002
25.4733173490003
27.1373394080019
30.4653531950017
28.8333729270018
27.009334264001
27.5213139470001
25.6013833350011
25.0573745280018
28.7373418680019
25.8894229870013
27.2012808100026
26.9773563240019
24.929344168001
26.7853815760013
27.2333726060001
24.9293653920013
27.7772889710022
25.3453290750016
28.9613817080028
25.4733890460006
27.841357693001
27.0093223880021
25.5694052780022
26.5613351770018
25.4733226730011
29.4413443040007
25.4733328130019
28.3853596480022
28.641341651003
23.6493146200019
26.4652875650011
25.6972618930025
26.9133794130028
27.5532878860023
27.4253502260002
27.2013571830012
26.9773762140009
26.9134368230013
27.1373168590028
27.1054044200021
29.1853290310016
26.0173863200031
25.6973674560026
27.7453539260026
29.2814197760016
28.0653891370015
29.377340443002
29.4733542610022
25.601336221003
27.5213233930014
28.9614136410012
28.5134198780028
26.6573702130017
22.0490843320036
27.6173475320007
26.5613562580018
26.6573649990018
25.601361557003
27.3293265520032
25.153344855001
25.3773900580025
26.7533238340025
27.9693533860019
24.2893976470029
24.3853810680008
26.2413755610034
28.0973129480024
25.1533477159995
24.065328994002
27.9693740200031
27.201336711002
32.8336340480035
26.2413097740009
27.4253506240036
25.5693498060019
25.6013309740055
27.0093289510029
26.017362344998
30.497445103002
25.4733369400029
25.4732921650032
25.4733208410016
28.6413824890026
36.6416971060026
27.0093466560013
26.0173664480057
25.6013313500034
28.0973398810005
26.1132970800055
25.9213240220006
25.9213563930025
25.8573144260019
29.9532848870001
26.9773445920052
27.3293149270017
24.3853272880017
24.8333298880041
27.2334506310017
29.0966811850026
24.8653006600037
27.1052324020005
28.2894903820043
26.8814577980017
29.601343659003
30.465289081004
28.0972963190003
27.5533787730033
27.6493118220031
25.3453153100054
29.2813746700027
25.8253621930002
27.1053556330045
29.153357009001
29.2813755850041
27.8733830180009
26.145427686
25.2493690610045
29.2172730070028
26.3693566010055
27.009313386003
27.7453820660014
27.2013318520017
26.7853728950023
27.7453153610026
25.6973904340043
26.017362748
26.5613230960042
25.2492709360013
28.513361457005
26.7853651670009
26.6893317970016
25.7933314280017
27.649377967002
28.8653560680032
26.2413079130042
23.7453441440003
25.1533241940045
27.5533618000061
26.8813074300063
28.353334982004
27.649333227
24.9613199020047
27.1054402300024
26.9206644580038
26.0493208100065
27.0093400740024
26.977379755003
27.5533788430025
26.6573538140058
27.7773185280026
26.8813184110002
28.6093066630038
29.1853432970015
23.7453109720036
28.8653283860043
25.1533227940008
24.9613229440051
24.0653340760026
31.041347731005
29.4733355660028
27.3293504030008
26.7853854400073
27.6493470620025
27.2013098250063
25.2493298070036
26.369309097003
24.9293891010041
26.9132877100056
28.4173701470039
26.8173281610018
27.2974095110037
26.3373602400065
28.0973781380034
29.7933745650063
27.6493490220027
29.7293650090005
27.9693264710055
27.9693608660025
24.5132928190053
27.137354928005
27.8733649990031
26.2413065060052
27.6173835910036
27.7453796070048
27.0093073780053
28.865396745001
27.5533765410039
27.649374771002
29.2493115320056
25.2492814650047
28.0973228210009
25.8893699350047
25.7932861220027
23.8412801470069
26.8813389670051
26.7853491060031
27.6493412400072
25.697214745005
28.257393472007
26.6572557840057
26.0173708580034
25.5693755430038
27.2332991730018
28.8655190860041
26.2093889980051
26.5613313370032
28.4814207300066
26.2413323770048
25.3453319300085
27.9373876130045
25.057413536004
25.8253662270036
26.7853985840034
27.9694461890045
23.2013016880046
27.5532655530029
28.9614677590038
27.0093418210031
31.1053743420047
27.6493485670031
26.5613125670043
25.2493604290045
25.1531831820024
30.4013342430025
26.6573656760016
29.153390380003
24.7373130650033
27.0093418520077
30.4653197140041
26.4333505450054
26.2413077790029
28.3213575699932
28.0973396610094
28.6413553690039
27.7773379980033
27.4253411510017
29.2813669359973
31.6494066970066
26.5294142220043
28.0653555990042
29.6654034230031
27.7454323369994
27.1053990510097
27.3293485430059
25.0572667260016
27.777351619001
26.7853941029941
28.7054141230101
29.0574009920093
29.2493431340048
29.4734038210009
25.1533300249989
28.1934109610091
27.5213121210029
29.0573332140056
27.7454090310059
26.0173749900048
27.7773203170071
25.4733800950078
30.0174194670078
28.8653377590009
27.7773160650057
27.873348659007
28.737427677008
29.7294030150042
25.0893651340007
28.7693203660027
27.9053347550047
27.4573486940071
26.4652666560039
26.2413741370011
30.1134363760056
28.4492983460112
25.3453063310047
27.2973780470025
27.2973624870048
28.5133538100055
27.3293229850111
28.0654030810084
25.6973760810055
22.9772050770052
24.1932900340061
28.0973651170058
27.1373256100134
25.8894226350037
28.2893283770065
25.7933222400055
27.7773317930041
26.2413658930072
25.4093287990074
25.7293218870061
23.8732285160026
24.1931074040025
25.8251517890074
26.5612646890077
27.5532599690038
27.841453213
28.9293733289995
27.0092979510039
30.7854908090093
27.5533780460009
29.6013966719997
28.4492824290012
30.3693583260056
25.5053484800101
26.0173488680024
24.6094144640026
24.9293697650046
26.1453686210089
24.7372782500079
26.4654266940028
25.6013441140013
26.5613059790013
28.8653102370091
26.017313500013
25.2493660550073
27.3294445030032
26.7853706560004
24.0653206520065
27.0093469430037
26.0173580960057
28.4173544720048
24.5133090569993
25.9213297950112
29.6974003820054
27.7453792470084
23.4253519480063
28.8653172300073
28.0653698930067
27.1372858020058
26.8813626400117
29.6013462400069
28.0973377040041
24.6093305390076
28.3213869330083
27.1053433400112
29.1852933830015
27.7453448700058
29.9213471290045
25.7933074130037
25.1533672950046
29.2493265350018
27.2333495010031
"n_494_d_0_tr_20_a_250x250_idx_0_p_middleOpt"
169.757139231001
199.281058846
151.737365266
136.142543520001
148.497466961
139.268247424001
165.546824343
211.725350783
149.718042232
163.750947901001
180.817016977001
158.450090494
150.485826634001
163.863759297
174.607131551
176.385535278001
149.071864734
180.560527414001
172.328750593
137.476767686
203.124498123001
138.142255694
147.528364136001
160.169129538001
153.858317822001
187.229309564001
168.876814929001
165.355449332001
166.239831390001
151.835818832001
196.117086908001
170.198101779
139.211906678002
156.578267687
211.481539239001
196.874312924002
161.086690557001
133.801839374001
160.898779945001
150.610351476001
195.993184741001
147.848079342001
133.691000644001
200.427420360002
185.659629440002
196.666073579001
157.758151330002
172.793487403
128.559614608001
157.822141574002
159.809785380002
158.836181881002
156.362270703001
154.347331849001
139.991544033002
153.188577957001
185.992167925001
148.135567785001
132.769378895
152.431739242001
144.867604879002
155.966290330001
141.679651796
207.185400057002
173.599580022001
187.845445037002
204.268934171001
162.130471796001
216.969597811001
164.329817671002
171.734036701002
235.003072159001
144.017090504001
164.849201697001
146.344909394001
162.925663054002
146.518676701001
151.880299961
148.908104129001
141.572308154002
153.422952133003
157.859842137
166.149977258002
163.790415326002
143.157638396001
149.723177875002
145.231280033
165.266896153001
134.637235286002
145.946886098002
145.610458654003
157.344380433001
181.793738729
146.774822188002
169.115090752003
183.257962364003
173.903862955001
292.531185317001
143.927565605003
139.583982493003
188.100591551002
190.009102541001
153.970130220003
136.043592617002
188.035438182002
173.203267536003
134.502427909002
161.012645570002
165.591256293002
143.727979125002
166.537561158004
151.994927354002
157.228086859002
177.359538629002
264.942255530004
157.215144677004
147.571843281002
218.045888432002
180.969981407003
161.203048633004
205.220822074004
187.394747632002
160.977932620003
150.500272462001
145.410271593999
147.568575740003
214.589463676003
207.426581305004
202.611445976004
209.626990988998
169.825974728003
186.526567177001
158.360191129002
150.702743106002
171.322900575998
134.586875888004
204.109083019002
146.815443216003
141.466627101003
189.451100257003
159.429600484003
158.033186187001
207.927638727003
166.068764453001
162.010980233003
199.524653720005
135.467796872003
210.783816524003
187.366326740005
153.560166189003
162.781792510007
185.291080364003
153.479994017999
155.038080397002
184.507279401
155.153295253005
174.220031599003
214.463193926001
130.603718176001
197.578855475001
144.650220430005
167.229214096004
150.095519647
171.256571634004
173.583845574001
137.084859598005
183.812144467002
186.782981761002
132.770406465003
169.725424668002
182.905052693005
148.412780485003
174.476454122001
195.893045789003
195.646902302002
157.096077662004
157.823320935002
178.487731563003
141.079393199004
169.098595610002
169.047627949006
185.452929162004
144.014780352002
136.062321965003
185.780090521003
146.004794248004
133.244836843001
176.911544343
184.462724127002
175.046688998002
171.209698105006
142.655154917001
166.888995058002
142.553871330005
162.922028556004
158.180396345003
135.579610215004
200.401514281001
165.560825375003
214.058660006003
214.086454251003
201.900079855005
159.190853863002
170.927790828003
128.143669829001
186.750572757006
162.345713075002
180.966031177
145.724251836004
178.354093997001
157.207193561003
166.076840150005
174.113490707001
153.763418760008
137.321708873003
153.821042037006
155.566147051005
147.247803452
180.188264296003
159.906708471002
145.500369593005
171.668140952004
143.278459601003
157.519620974004
160.837740731004
182.372882078006
164.401814666004
212.879911017001
140.192030798005
149.001696129002
154.327332826004
133.469281257003
175.788118035001
157.373530743005
149.148655958005
169.449981980009
141.368135564004
166.592973481002
151.181185940008
149.572709464003
183.755752882004
177.864045056005
180.341532772001
175.729956984004
146.049067079002
162.526137967006
160.957427026005
145.217493306003
164.980433751005
152.748370860007
141.943273704005
178.088056351005
183.855688034001
197.875130583004
154.721208852003
167.534296909004
158.136616224002
183.526417867004
144.387988179005
154.606757928004
168.457971619006
196.997143891004
188.331590771003
140.129593083003
155.826487797004
143.232411809006
166.306832891003
188.876047025001
165.046468855007
179.750080310004
154.550185876005
164.198025092006
170.312935476002
176.007814644006
140.545090501004
190.233033978007
169.145191296003
189.538458753002
149.371905841004
200.514788516006
193.298641760009
199.981923982001
147.044869648006
146.068908881006
138.956722473004
138.382095162008
139.258029252005
219.114318371005
158.863172302993
148.09049814501
261.899630570007
196.173813790004
138.351735787005
148.085302747994
151.067547176005
141.137061929008
149.330543924002
158.985067505
139.643639629
145.729137818009
165.47054709001
146.641640914005
161.560675628003
179.190007052
143.408837410007
145.072107495004
148.130043592005
177.380647327006
140.703807689995
148.17818014501
216.698926451009
149.093430337004
209.938211930009
155.434295978999
156.379346615005
160.665477387006
193.444902058005
177.305072363005
223.116936930005
152.297042449007
209.289761949009
220.007685366006
178.177642052006
180.712263139
143.150870517005
165.775462702008
147.215594040006
150.482847652
154.315130631005
160.369786785012
183.23106999501
130.697497896008
167.857815841003
200.288751184004
165.20570014201
160.688608148007
177.814323197005
159.478839788001
194.047206977004
164.311731463009
159.131166813005
158.295249114005
173.519463769004
189.028544429
171.583394007001
178.68600092801
209.283877403003
169.113375023002
163.821765768006
158.475959709001
135.15766482201
181.523533723009
183.224411774006
142.395750045004
177.393919340005
166.756850125005
163.532212677005
152.740829202003
141.396708085004
160.117894306005
185.943060268009
149.261894923008
165.726200204006
165.413504862002
199.967510454002
146.923119081009
179.417195631004
179.823131001008
145.539755711006
204.040327788
186.127284457008
175.893637805004
175.968425343008
153.317560899005
159.956393343002
154.829292424004
166.274314337009
158.076267167004
155.159620199001
152.131895381999
193.162250532005
176.459025879005
157.900801791008
206.987645660007
213.286268959003
140.559351341011
206.941205595008
220.018830335007
153.222552297002
149.789345099002
168.321336110012
173.113377331006
164.673987907008
161.899326092005
155.731635119004
155.630446659011
147.082131686005
155.069116293006
169.812169768001
195.113563182005
