"n_492_d_0_tr_20_a_250x250_idx_0_p_abba2"
320.392746900001
335.330752466001
344.405784466001
345.693808258001
403.675327719
401.428903830001
392.177104717001
310.531304850001
406.036775896
531.298964040001
397.787855687001
338.583988787001
329.522829412001
319.744221391001
314.416183966
404.500787651001
379.726247252001
405.706564200002
342.336681822
345.555502649001
425.765156644001
402.406149503
359.146244372001
398.256016728
351.301996264
348.083264121001
402.077927859001
463.262696616001
394.227246570001
308.120267793001
411.630590423002
388.737012006001
342.357622121002
489.799776616
335.031382950001
396.509104210002
373.823287364001
352.698657479002
335.150914844
337.759669992002
331.178835856001
365.160669684002
351.969998788
333.194084266001
424.119209345001
271.597800786001
350.835720495002
338.556526049
368.018906663002
343.446639346002
332.161363967002
379.753535796002
487.605053084001
357.576062616001
320.823420692001
309.770179236002
330.054000169
347.835642787
324.117812067001
399.473392799001
379.186587000003
400.217443775
350.265300631001
410.873910487002
409.949671206002
350.672922535002
361.774183640001
320.739938106001
382.115011616001
535.845813390003
304.176544143003
422.104631296001
339.217453840002
378.267132732001
359.968054839001
496.676999406002
438.431271090002
348.814498869
362.231446963001
408.113151484002
335.217920095003
386.230612924001
141.949569965002
469.776372981002
317.151302109002
368.384329651002
422.690189725001
354.232774400003
337.530315337002
330.677215141002
382.117800818003
341.279241378
328.369616219002
332.660142967002
405.687326599002
392.393382851003
357.012769760003
345.628194400003
373.771692163002
387.833014818002
354.557791043003
348.678835081001
371.504703719001
320.664573767003
368.822677885003
423.010160296002
366.055072107001
324.130293942002
328.244191805002
346.195302977003
347.517885648003
337.174970294001
351.361599596002
322.984261928003
340.366174060003
329.890377293003
403.141201408001
377.756364699001
351.763664934001
324.441983931001
352.866120966002
436.979144275
403.174149503005
375.945539033001
356.335617783998
355.348453725004
344.111648752001
350.764394259002
365.171082913001
367.146829075001
344.685822302004
320.517898465003
374.356287539005
410.814124062004
338.945149522999
403.800660657001
349.089738124
361.703694100004
402.634431550005
361.874214940002
399.669379842003
393.683348111001
425.206115983006
398.593116054002
438.354847727002
391.572870551002
330.658573899001
369.126226560006
355.895974551004
333.729626745001
339.089426242005
339.317130989002
377.626850121001
378.373805465003
403.925997819002
305.329432395002
400.136198102004
343.305925170004
360.559272358003
326.311968894
407.643601673005
392.218409343002
314.493170161001
379.910611406004
367.480991896002
366.398455089005
420.135790652001
376.784610725
344.107750942005
305.585432025001
320.620567597004
342.124727602002
328.550476743001
328.389170609004
325.032004122001
474.897841347005
360.948578102004
422.175052976002
376.170768875003
324.375876367
423.764501855004
349.728064115002
315.416210020004
424.494291283004
487.874461778002
362.226010173003
373.267303014003
318.701436018003
450.230373717005
347.150930634001
500.122186419006
451.532680454005
421.365644358001
343.863582323003
335.641184603002
453.610695245004
415.482971557005
381.927099999
306.625888599004
336.110130029002
"n_492_d_0_tr_20_a_250x250_idx_0_p_adaptive-local"
20.7371806300012
22.7851767230005
24.0972132530004
22.5610784250012
21.6971655060005
21.0571457780011
22.0492145630002
22.3691373340005
20.7371531190006
21.7291241520003
22.1131532050007
21.8251501570004
22.1451727700011
21.505183985
22.4651255550006
21.7290999560014
21.4732412220009
24.4171977380008
22.0171460400005
22.5611755080006
244.771369717001
884.435879486
877.561518049001
913.095674622
1137.105064943
235.351590004001
892.022342149001
879.195884147001
234.798141954
268.954225332001
218.317027054002
239.771853312001
868.855855842001
352.294025147001
591.894790959001
589.912683419001
356.291360766001
603.284589062002
587.594199532001
557.811175087002
584.336687760002
610.412359395003
583.684001170001
593.993306927001
583.521981122001
594.897123272002
622.996060985002
607.698069751001
567.719524078001
558.793747448002
563.309496668001
590.076578331002
573.437822306001
596.185106221002
575.770255446001
536.733139559002
609.110148888
554.578410155001
557.184237329
597.610105274002
579.257235992001
590.267603394
565.009110720002
603.612720169002
565.778769548002
578.775165803002
597.833340257001
596.282071777001
553.714688702001
579.972231003001
577.630285673003
566.586934305001
568.911890425001
584.342486211002
605.419319479001
579.833404795002
564.719611694
539.805363623001
588.582122328001
586.608032128002
543.557458175002
582.831979966
586.573428924002
585.732396057002
576.389695256003
601.154475338003
574.106636272001
585.915576770002
618.770414304002
557.568027354002
595.014935211003
574.190237300003
589.194258761001
577.597384754002
547.818243519002
554.161280513002
573.935570596001
618.117121165001
600.394731383002
547.638480096003
553.925488525003
598.987970069
549.556963751002
585.376533050003
563.626073143002
569.747183968003
555.827324255
548.343078488001
562.115388776002
590.699059901002
586.191821413003
560.898622019002
577.376891563002
568.996906734002
577.332409528003
564.007564607003
549.205059524002
542.212003633002
603.990276693001
556.376585863001
586.857056299003
622.011828507002
551.521248903004
547.203865512003
564.694636427998
548.132453766002
565.946675943003
554.977989022003
583.650064266003
596.442272198999
572.005405561004
542.201525544002
575.445076880005
577.494374853003
563.955044838998
572.371757222005
566.765665045001
593.796935705004
574.700906478004
586.127622240003
567.645971963003
595.576133937001
564.203636792005
610.117580960004
587.422835339002
583.942767607002
572.505690954003
569.216871721004
585.977584033003
571.833346654003
559.802891255003
606.114866486003
582.708585176
572.322833747002
579.821928399003
580.648093248005
584.173030284003
567.840283001999
547.071116195003
578.680512413001
569.345233030006
554.173316373003
578.481829200005
571.572050328005
575.319260620002
604.523353368005
555.245944437001
589.260356164001
551.012700839003
573.735935884002
555.264769547005
630.804407712002
578.844809224002
588.577419372005
597.943074846
559.922700797003
596.261636452002
554.698850651
560.702543557003
581.413677304003
569.939727391006
573.570806414004
603.309129898001
556.019190782003
565.987553456001
568.803034617005
564.613444348002
557.557317063001
581.660332816003
566.206275638002
585.876161081003
552.813173097004
593.156454607001
544.486290815005
580.052510815001
584.685914695004
589.862664955003
569.766633813
560.687988890006
598.782310428003
"n_492_d_0_tr_20_a_250x250_idx_0_p_adaptive-swsp"
20.7371806300012
22.7851767230005
24.0972132530004
22.5610784250012
21.6971655060005
21.0571457780011
22.0492145630002
22.3691373340005
20.7371531190006
21.7291241520003
22.1131532050007
21.8251501570004
22.1451727700011
21.505183985
22.4651255550006
21.7290999560014
21.4732412220009
24.4171977380008
22.0171460400005
22.5611755080006
296.228416769001
234.410483544001
220.927640298001
244.499394437001
878.606829264001
1050.646512262
815.800065230001
840.192755792001
253.908359943001
268.775579058001
232.202086352001
243.549540460001
832.226223164001
359.486185202001
607.867396765002
1068.824083155
563.697023285001
607.648364787001
605.595835362001
568.417849935001
577.515179884001
583.099482459001
626.39889531
561.262467312002
608.369556153001
600.172310502002
636.883970563002
578.292440476
545.063382131001
596.242441359001
563.066666879001
589.104267663002
555.512390288001
578.844600040002
564.494707854001
558.045265497002
579.640078025001
574.770450851
564.947560410001
594.576572396001
604.746575241002
574.134596947001
569.094809717001
604.424337767002
561.848713974001
596.708094978002
579.280494972
575.258096915
581.486304449001
558.375631365001
601.482548762002
571.991857131001
553.670596022002
603.521848409001
564.373088667002
579.798105850003
588.127576317001
554.474552630003
587.129091832001
596.024653926001
575.966538050004
551.362079376
562.840622295001
559.150061774002
573.432519205001
577.717056463003
608.972385575001
561.283360124001
565.093659975002
603.766453791001
572.907311404002
573.687543342
561.924283394001
573.105148223002
565.396083934003
583.927187977002
594.579892814002
561.207912824001
570.448586756003
576.251434306002
610.872242492002
593.305638929001
560.466103788002
593.068487827003
571.363857314003
580.946193364003
608.790298423001
589.496168056002
602.013190334002
560.399675861003
590.727478513003
583.581610076001
593.147419484001
564.580366371002
576.303940908003
579.471828992002
555.832169425003
582.990021370003
600.176824362002
609.392870737002
581.844189735001
585.590501354002
586.102778047003
548.755140953002
568.473833365999
588.979929012002
576.473033917001
583.758744421004
590.338494480005
557.017029518999
566.799654138002
596.698128826002
568.729746968003
576.955864745003
585.296151281
597.205197847003
565.308236338002
560.296018200006
551.171626608003
598.734511707001
574.991593151005
568.774579042003
566.111307851003
555.332787522001
592.429578318001
579.276422312002
584.839021886001
566.916039801004
562.334050338002
594.034032121002
573.445777039005
599.343992386004
585.686649844
557.017485486003
555.664862164001
593.268256357003
569.117040459002
565.141875175001
561.822700074003
557.437267554001
542.276025514003
589.211587773001
605.476894729002
588.961432102003
565.152925602003
607.625295797003
595.762732586003
566.790466470003
576.370874536003
554.446422558001
570.004073153004
564.252526542003
557.609118410003
578.940751047003
595.696087307001
581.840042388006
582.554500216002
581.136860602001
583.147920015005
565.489979016
552.773456277006
567.942177878002
623.174372219001
583.640305217003
552.907041062003
557.517902163003
590.974674539002
589.857454861001
583.134462009003
574.337746727004
543.639439667004
638.017735515003
586.213075063
553.061829753002
574.488198706003
572.868639677004
598.851304157002
572.912147118
553.445411318005
585.672644446003
"n_492_d_0_tr_20_a_250x250_idx_0_p_flooding"
20.7371806300012
22.7851767230005
24.0972132530004
22.5610784250012
21.6971655060005
21.0571457780011
22.0492145630002
22.3691373340005
20.7371531190006
21.7291241520003
22.1131532050007
21.8251501570004
22.1451727700011
21.505183985
22.4651255550006
21.7290999560014
21.4732412220009
24.4171977380008
22.0171460400005
22.5611755080006
22.6892067150013
20.8332293750004
22.0171546310013
21.8892358670004
22.5612034830007
21.4732063020016
22.3692091710008
20.8651485720006
21.8251538730003
23.7771690930009
21.0571373620017
23.7771866990011
22.6891050740008
22.4651511590004
23.9692334880006
23.8731393980016
23.6492030280004
21.6971740700016
21.0571570090003
23.2330836680008
22.561195525002
23.0091874660019
22.1451699820001
21.7931747870015
20.2891702370014
20.7371313450011
21.793098803002
21.2491869329998
22.8812466580006
21.8249741860017
25.4091748190017
23.2011810600028
23.6492471900007
22.6891180980004
27.105255966001
19.9691367310013
23.5531590489995
21.2491869139999
22.2411831710012
22.7851499820009
24.5132406540023
22.0171279400017
22.3371638730008
22.1131595580015
21.0571487590023
22.017179656002
22.0171572790004
21.2811288620003
22.2411743980011
23.1371112720016
21.8249142040019
24.961213719001
24.6410953680005
22.7851879770018
21.7932283460023
20.7371402600032
23.5531869550005
21.6971523260003
25.7931059080008
21.6971790810021
21.0571461020024
23.0091967300012
21.8251765820003
25.3772930360014
22.5931931610024
21.9212358130019
22.2412780030012
20.833166132002
20.6091714290011
23.4251780520012
22.5611401550019
21.1532379170016
22.0171302550014
22.2412586650016
22.6571493700032
22.5931680320031
24.2891804030005
22.9131765110022
22.657104938002
21.377129960003
22.1769570750023
22.6891861930003
22.145216160002
22.2411969730025
24.0652317940029
22.1451341380021
23.1051161680007
21.6971962200034
22.5611930820016
21.0571492140019
20.6091268050024
24.0011577480015
22.561220941002
22.8171236640016
24.5131178910025
22.0170951050029
22.1451753280011
21.8251555770017
21.697184575002
22.8810916790021
22.1770900140044
23.5851021880009
20.9291450100046
23.9372517600032
21.8251112110011
20.289170087004
22.8811965450006
21.6971397130052
23.6491629660023
21.6012276769995
21.7291907490029
22.8812051640013
21.8251413210027
24.0971199030007
21.793172384001
25.4091640580043
23.7771646010003
24.2891873390043
21.7931868520012
22.4651590490019
23.4252207410037
21.1532077900038
23.0090911700067
23.3291297590021
22.4651093580022
20.9291281450028
21.697169129002
21.1530658860042
23.5212103550033
22.6891101320028
21.6971688100038
21.0571660750034
21.6971360319995
22.5931628560012
21.5051674400044
24.097212412002
25.5051003980036
21.6011031889991
22.9131415730031
22.785155259001
25.8251368350031
21.1532179230005
20.6091998229994
22.0171163680014
23.649205663002
22.9131586260038
21.3771469380006
23.4571122750005
21.0571533860033
22.6571367030033
22.8812112050036
22.5611880640031
22.8812230020026
23.7771398750048
22.6890812920004
24.1931844030034
24.0011131250029
25.3773291920005
24.417179692005
23.3611861900052
24.1932390430044
19.9691746530029
20.8332246920016
23.3292224240031
22.785237913002
22.3371776370058
23.6491352190029
22.3371785540003
22.7851402030019
22.4651510450009
22.1452153270043
20.7050699050022
20.5132063980002
21.6971483580046
20.4171818460033
21.4731087720033
21.9212146260013
21.6971080270021
24.2251756460021
20.8330780780024
"n_492_d_0_tr_20_a_250x250_idx_0_p_mprt2"
21.5691833250009
22.4652056010006
22.3371549460003
23.1051950640007
22.7532548630007
23.4252566600013
24.0652950010007
23.6172734320004
23.2972137880001
24.8333127170008
23.2012367710013
21.3772290180003
23.2971830080011
23.1691549460002
21.5691896740005
23.073242654001
23.3611809380001
23.6171830080005
24.4812087090001
25.1212005560006
22.1131603300018
25.7932834310006
25.7932441860014
22.2091549460002
22.7851392280005
23.9371684740011
22.3692622050002
22.657234616001
23.2012198800007
20.2891932940013
23.0411537620014
24.705254185001
24.2892100560015
25.8891888350004
25.1850984110007
22.7852068680017
23.1051132960012
23.0091559900014
22.6572360870003
22.4331806020013
22.3371919600019
22.113293230003
23.4251549560014
24.4812646840007
23.2971907900019
22.9772249920011
25.6654286910027
25.79334102
22.3692648030003
24.6092522350008
27.329486838001
23.5212630900019
22.4332116960007
23.8411986120006
21.9212037490006
23.3932522610019
22.7851956679999
22.5611852150003
24.4812414960016
24.0654008530008
23.7451940900026
25.0254258040012
26.6252537930001
24.5452028850011
20.9291962710019
23.649190217002
23.2972290180005
24.9292724680004
24.2892293330019
24.2893407130023
22.3371467480025
22.8811727480007
22.8812235390006
22.0172405660009
22.0171066300026
21.6971962710026
24.7052448720009
24.161267640002
23.4251437600026
21.697183325001
23.0731869080021
23.9372837480012
23.713254317002
22.3371679280007
21.5691990400035
21.8891730380015
22.5611123490008
23.5212394870015
25.8892009090008
23.6491351230015
25.0572069790032
22.241268309001
22.8492222730008
22.0171783740017
24.8331452190023
25.2490123350029
21.9211248430007
21.1531248430017
22.3372202010026
22.785196271002
22.2092018270033
21.3771625730015
23.6491710380022
23.2331537620016
23.9372222730019
22.017221028003
22.3372094680006
22.2091625730023
21.4731110680013
23.0732468210029
22.8811025180029
23.2012182630008
22.689110811001
24.0651909610019
22.0171604280033
22.1131348420034
21.569189991002
22.6892562000032
21.3772352190027
21.7931050770019
24.1612241420022
21.9212365450012
22.6572364410025
22.3371625730024
22.4651934790003
24.7372342260022
23.5211974440013
25.1531922450035
23.2012049190011
21.6972250380003
23.1052229660023
23.4252354750026
23.9372032400063
22.5612599760012
21.569186089998
24.8972566990027
22.0171935780016
25.5693012130038
24.033283209004
22.3372229660015
27.873061481003
22.3372397330017
22.6571776550024
23.745272818001
21.9211680210023
23.201270208002
26.6572365450024
22.1451960130032
22.1132801860016
23.3931945790005
24.0652269920041
22.2411044020028
22.6571549459997
25.4732283730021
22.433210093002
25.2490043880051
23.4251853370004
22.2092393350017
22.9772363890035
21.3771537619998
22.6572276200052
23.2332026910029
21.8891833250012
21.5692167120025
22.209227620003
23.329256411003
23.3932182630028
23.009104402
24.4171044020014
21.6972001220022
26.9454079830034
23.3932200580007
24.9292200580022
23.5212140200041
22.9772155190027
23.1052118090034
22.9771672030026
24.1611875660013
22.5292102030039
21.1532232560003
23.7452560170048
22.0171373510034
21.2492280870009
22.5292262790049
22.6572382650012
23.9372678530039
22.465214267001
22.2092100150029
24.6412012410033
22.3372505560029
21.8892162810036
22.3372110670041
23.8411497940021
22.5291938800041
22.5612610810018
22.2411596590035
23.7452078960025
22.3372265610031
22.5611799280045
22.785193294002
