"n_492_d_0_tr_20_a_250x250_idx_0_p_abba2"
462
470
476
481
486
467
486
470
471
472
490
447
491
470
477
471
472
477
477
479
473
461
487
471
472
479
471
460
479
464
484
480
474
470
463
486
484
464
467
474
483
486
471
477
462
335
475
467
491
462
458
486
488
452
470
473
457
468
460
475
462
460
478
481
472
486
484
480
461
465
470
470
455
478
475
453
454
492
476
470
455
491
125
466
490
482
486
468
492
464
482
482
485
460
481
471
491
466
476
491
490
471
355
482
475
476
481
461
465
484
470
468
450
475
473
469
462
485
484
468
480
485
459
465
483
441
471
484
479
482
476
464
473
462
477
480
464
464
479
469
478
354
459
477
478
479
470
490
472
487
484
480
470
468
483
459
455
458
467
473
462
481
472
480
482
483
475
473
480
468
471
481
475
479
453
469
477
480
481
457
468
483
477
466
459
472
354
482
468
471
472
465
474
465
479
484
463
477
479
478
"n_492_d_0_tr_20_a_250x250_idx_0_p_adaptive-local"
492
492
492
492
492
492
492
492
492
492
492
492
492
492
492
492
492
492
492
492
144
394
406
388
394
120
427
386
124
123
114
118
487
164
472
492
215
492
492
492
492
492
492
492
492
492
492
492
492
492
492
492
492
492
492
491
492
492
479
492
492
492
492
492
492
492
492
492
492
492
492
492
492
492
492
492
492
492
492
491
492
492
492
492
492
492
492
492
492
492
492
492
492
492
492
492
492
492
492
492
492
492
492
492
492
492
492
492
491
491
492
492
492
492
492
492
491
492
491
492
492
492
474
492
491
492
492
492
492
492
492
492
492
492
491
492
492
492
492
492
492
492
492
492
492
491
492
492
492
492
492
491
491
492
492
492
492
492
492
492
492
492
492
491
491
492
492
491
492
492
492
492
492
492
492
492
492
492
492
492
492
491
492
492
492
492
492
492
492
492
492
492
492
492
492
492
492
491
487
492
"n_492_d_0_tr_20_a_250x250_idx_0_p_adaptive-swsp"
492
492
492
492
492
492
492
492
492
492
492
492
492
492
492
492
492
492
492
492
152
122
118
117
399
417
425
416
125
131
127
118
484
161
484
492
492
484
492
492
491
492
492
492
491
492
485
492
492
492
492
492
492
492
492
492
492
492
492
492
492
492
492
492
492
492
492
492
492
492
492
492
492
492
492
492
492
492
492
492
492
492
492
492
492
492
492
491
491
492
492
492
492
492
492
492
492
492
492
492
492
492
491
492
492
492
492
492
492
492
492
492
491
492
492
492
492
491
492
492
492
492
492
492
492
492
482
492
492
492
492
492
492
492
492
492
492
492
492
491
492
492
492
492
492
492
492
492
479
492
492
492
492
492
492
492
492
492
492
492
492
492
492
492
492
492
492
492
492
492
492
492
492
492
492
492
492
492
492
492
492
492
492
492
492
492
492
492
492
492
492
492
492
492
492
492
492
492
492
492
"n_492_d_0_tr_20_a_250x250_idx_0_p_flooding"
492
492
492
492
492
492
492
492
492
492
492
492
492
492
492
492
492
492
492
492
492
492
492
492
492
492
492
492
492
492
492
492
492
492
492
492
492
492
492
492
492
492
492
492
492
492
492
492
492
492
492
492
492
492
492
492
492
492
492
492
492
492
492
492
492
492
492
492
492
492
492
492
492
492
492
492
492
492
492
492
492
492
492
492
492
492
492
492
492
492
492
492
492
492
492
492
492
492
492
492
492
492
492
492
492
492
492
492
492
492
492
492
492
492
492
492
492
492
492
492
492
492
492
492
492
492
492
492
492
492
492
492
492
492
492
492
492
492
492
492
492
492
492
492
492
492
492
492
492
492
492
492
492
492
492
492
492
492
492
492
492
492
492
492
492
492
492
492
492
492
492
492
492
492
492
492
492
492
492
492
492
492
492
492
492
492
492
492
492
492
492
492
492
492
492
492
492
492
492
492
"n_492_d_0_tr_20_a_250x250_idx_0_p_mprt2"
492
492
492
492
492
486
492
492
492
492
492
492
492
492
492
492
492
492
492
492
485
492
492
492
492
492
492
492
492
492
492
492
492
492
492
490
492
492
492
492
492
492
492
492
492
492
492
492
492
492
492
492
492
492
492
492
492
492
492
492
492
492
492
492
492
489
492
492
492
492
492
492
492
492
492
492
492
492
492
492
486
492
492
492
492
492
492
492
492
491
492
492
492
491
491
461
492
492
492
492
492
492
492
492
492
492
492
492
492
492
492
492
492
492
492
492
492
492
492
492
492
492
492
492
492
492
492
492
492
491
491
492
492
492
492
492
492
492
492
492
492
492
492
492
492
492
492
492
492
492
492
492
492
492
492
492
492
492
492
492
492
492
492
492
492
492
492
492
492
492
491
492
492
492
492
492
492
492
492
492
492
492
492
492
492
485
492
492
492
492
492
492
492
492
492
492
492
492
492
492
