"n_492_d_0_tr_20_a_250x250_idx_0_p_abba2"
0.074672182782083
0.07466335787679
0.074672785562427
0.07465439689109
0.075455756567727
0.075002031962998
0.066476479375639
0.065588123531043
0.056503506153918
0.056503505758873
0.056503506180194
0.055570657954827
0.056568814229829
0.056576989092244
0.055266739329518
0.056789511109598
0.055570274626062
0.056862994107458
0.056231453369752
0.05666428862856
0.056824145110569
0.05588034012816
0.056556070054438
0.056590482226872
0.05589313386265
0.055621632301666
0.056676841475015
0.056882454874822
0.056318441371207
0.074867057261163
0.065939090119083
0.074577146216386
0.074256256278196
0.061572127327071
0.055331149443801
0.055739477320312
0.057846444718604
0.057937900019844
0.055443525047376
0.058697002751652
0.056146696889678
0.063968359833061
0.055345245693855
0.062825511451633
0.061723157591014
0.062031273140246
0.056253907709287
0.062619453475807
0.064425713762679
0.073897856296228
0.074542021265393
0.074633680257493
0.056522332618802
0.067856498055097
0.056290135561747
0.055854924047823
0.055968715055151
0.066004262316817
0.061900643745752
0.057157223475783
0.065376516875371
0.067499213070934
0.058027419741123
0.066564219264129
0.065739303792644
0.063538975314053
0.063713845477351
0.058106496290295
0.064949420163951
0.060034261256918
0.059934430938869
0.062009154688343
0.059148900368831
0.054471618477065
0.073810688094656
0.073825225143875
0.074274896643135
0.073895936031566
0.07485862365228
0.060173183422864
0.073596730040593
0.072700310492963
0.069306344278937
0.0639765901771
0.070156551707126
0.05641765582698
0.070477096895272
0.059419082435664
0.058905410604768
0.056920448586028
0.061635445078917
0.061792525783434
0.057101876669169
0.066871725286635
0.070024188974303
0.067967516282827
0.073951663284441
0.073248538190466
0.071174541047719
0.065427727194493
0.073513870667102
0.074259283287399
0.073049851828682
0.070975208670221
0.073982918277564
0.065973291755336
0.060229502580945
0.06763910916064
0.073653244212512
0.074106455109605
0.072034098314404
0.074008327385928
0.065919608355869
0.065799989632471
0.066681999177681
0.073460931171712
0.073722368245949
0.07392489628306
0.067292237320166
0.07384943669345
0.073483265219242
0.072829440084218
0.073369600188375
0.073369600248815
0.07322508828927
0.073256448209749
0.073376
0.072857856129248
0.06686259725599
0.06685135139204
0.064309776505542
0.074815076593728
0.073048993597622
0.074868718523416
0.065786939133556
0.065692132131481
0.066008188166258
0.07500771745245
0.074740679456599
0.066860957052019
0.05609033002197
0.056903833912824
0.074839733334894
0.056544719075558
0.07485249250819
0.073530014796727
0.073511064672319
0.056641934203125
0.063728384
0.055413470428119
0.055213712342414
0.06432654218991
0.055213509064714
0.055213125301298
0.058459836585709
0.057246618786668
0.055965101170554
0.073491711897435
0.064404378168938
0.055799751483872
0.067121255923655
0.07166274078656
0.068349513567259
0.068151780628822
0.065771739139539
0.070789894803757
0.057662476562628
0.05624263128263
0.058006599248487
0.05624263045689
0.056300213579875
0.057699671467924
0.056866800583934
0.061303171796156
0.063125409968119
0.062287255957026
0.067659662517467
0.063486768332194
0.058113227601849
0.062914824147548
0.059460217003846
0.067827673668881
0.057326153986982
0.064182253128432
0.056006167838371
0.059291747473882
0.06423707195372
0.056156472957459
0.057764163318365
0.05643522364978
0.071923813831378
0.058520437495063
0.058088727410908
0.058476704953279
0.059215927142058
0.063116300991804
0.06228493270804
0.06989843378653
0.062869600830192
0.05846296088881
0.061512419637295
0.05858326797979
0.060821128543524
0.060602542653201
0.057620314044098
0.064022111100071
0.062239012231982
0.061375188802121
0.057814827738931
0.056574217708369
0.06246696085514
0.068941184129712
0.056965940267965
0.056821794425843
0.056821093641004
0.057705728990399
0.062717592124602
0.061047057807329
0.058301745603255
0.059721860553639
0.063533503278062
0.057358796204743
0.058562855348795
0.068369449244716
0.066640008516019
0.073566970710585
0.061759081519785
0.061657084242459
0.062318466771828
0.062301665601262
0.061728531541044
0.065628456231332
0.066082838660352
0.059369984198656
0.064601932390359
0.068343900330311
0.062266771217734
0.062608356613307
0.057849811280104
0.062171178101396
0.073801071686235
0.062422710217635
0.067115021894728
0.065421851172393
0.059332068180199
0.064205145047505
0.063848036915515
0.059314567232861
0.061698279388732
0.060115676541616
0.06257056528317
0.068653770234233
0.064034795775006
0.063454958766254
0.063365809302036
0.059172386860147
0.070113899865622
0.065773961292811
0.074233358734824
0.064822171064835
0.061064340017123
0.066054683508668
0.059684668530054
0.058439097711981
0.061555966488976
0.06148100055904
0.060644832660726
0.064169943942636
0.069803027202539
0.063202828801721
0.064554354319218
0.059691667800595
0.066492838278287
0.063267120273466
0.060002170803875
0.064301359303055
0.064107685911199
0.057212543591196
0.058376850526704
0.058812388500666
0.057436693918896
0.060672425807917
0.061428272829996
0.059370999798768
0.058081961003986
0.068817095824572
0.074002927576795
0.058310001887884
0.073739205284622
0.063012146531171
0.058110294779558
0.059967236744278
0.059230283428441
0.05744689618429
0.057806301603513
0.058294018164264
0.059827282424424
0.061323748922036
0.060219456823782
0.060143605405895
0.060368956366846
0.059125157762456
0.07303314615696
0.060751018835827
0.06001509476772
0.063830528
0.073842050489052
0.069739927903975
0.060979840154944
0.060991383692755
0.055077782834418
0.072646656202669
0.073823196187242
0.073790025831892
0.060420463490533
0.064221556365648
0.06827355433381
0.068086169471182
0.071985387838804
0.069131896247747
0.074410830240445
0.073863694873224
0.055886649670017
0.063648326814791
0.06443068099528
0.062566295843092
0.063577415791767
0.063297860656577
0.062605501638352
0.068171809141534
0.064180848222428
0.065752726912468
0.073391566251555
0.07296830014002
0.073648582322621
0.072305152144635
0.073654664552017
0.073754117193466
0.073758954702201
0.067386137439381
0.073733548475364
0.073370460999953
0.059834895317354
0.059842663163676
0.070537726059751
0.066847790078694
0.07395106062408
0.073550091012756
0.073708842966889
0.073100087104732
0.068777804881648
0.059756967661059
0.064664170619813
0.056455858831807
0.056602747254243
0.071330896324436
0.05834647416709
0.056018769407275
0.057774491381826
0.058126389345095
0.065384962931873
0.056355545879995
0.056302048025148
0.057388614755676
0.056461516338579
0.0721182946538
0.073132996425422
0.064110846345009
0.064017980502931
0.063530591682262
0.063524952911104
0.064552303482318
0.06571980935266
0.064437400273627
0.064293829322561
0.073365674207399
0.073800345365827
0.073226240322855
0.073601740100182
0.063735695127761
0.073385728269225
0.073520000790453
0.056305786315094
0.05673725197234
0.059951843049714
0.056185900636152
0.066146716761012
0.056072074377464
0.055452630798408
0.055841078925328
0.05821070137119
0.060854123659162
0.058509370778683
0.05959802824072
0.057621214135124
0.059651842011779
0.057676482486486
0.060031745766772
0.060967496987148
0.066221789787068
0.058824578330957
0.059692542643633
0.057409739551836
0.058840261405199
0.072094776650124
0.063340110456045
0.059667686834323
0.058394870357006
0.057185492619019
0.061348923191068
0.064919767369893
0.059404455615535
0.065942735085497
0.056754918506455
0.058629219364863
0.062340674308979
0.060648894156181
0.057475544861324
0.058820506778929
0.058250955525418
0.058489802817181
0.063372492374397
0.058592361877063
0.063389442652979
0.066641748668848
0.073715029460586
0.063768853042365
0.062605542955824
0.062483114308032
0.063577055677072
0.063338142185885
0.062544539075008
0.065669028757122
0.073463004152153
0.060061574482168
0.07392600719734
0.073925504215558
0.069270685638201
0.064510438693848
0.073522379734673
0.070502625274556
0.066371968079476
0.066609495438819
0.073716477643228
0.061544416398152
0.061795011866064
0.062881188495274
0.05750463665143
0.063440495572071
0.060430191706526
0.073414864153674
0.073924149641781
0.066492661457526
0.068827958866769
0.066411392216756
0.054026880260223
0.073329920131608
0.073473256742415
0.067953113519151
0.066409856193974
0.073820930328212
0.065532560706969
0.07405016116904
0.073287507988675
0.070064670549085
0.066013824319674
0.066180480077301
0.069849625908465
0.061457873417845
0.062806710605735
0.068148132331416
0.066453621568271
0.064793610582769
0.067551361111502
0.065466449980686
0.067445234699324
0.067096448325765
0.063925765261895
0.064067160152177
0.064065081122664
0.064062153599672
0.063864711514746
0.063804802245544
0.063757696273675
0.06456886732991
0.06245184098875
0.062468052475403
0.057835732781499
0.057828436003524
0.058250113046741
0.060544809006101
0.060443030001542
"n_492_d_0_tr_20_a_250x250_idx_0_p_adaptive-local"
0.081288493454698
0.079830570057961
0.063497659008183
0.063498234438514
0.064159891782209
0.063041451698488
0.063083161574049
0.063047151669089
0.063406830537524
0.063406828140521
0.063405964537098
0.079225550850651
0.063229722318834
0.063601883750376
0.062744494583975
0.063724527308056
0.079323924977643
0.063888062007257
0.063610357516528
0.063899877053846
0.063874488360667
0.063284113007651
0.079880961279679
0.063858934350665
0.063321070299667
0.079538787628682
0.080100610108544
0.080147809369262
0.071831316091593
0.063074781759884
0.066071470086614
0.063518778418883
0.063476921450593
0.078392337105261
0.063364644634297
0.063483108269215
0.063342539249251
0.063237737104306
0.063473853962571
0.069106788683596
0.06450821837718
0.063735505811212
0.064134235314803
0.063279529534758
0.074351114299168
0.062978226819834
0.079610373797543
0.062956204744384
0.062920108823751
0.079350477561645
0.0790131201149
0.063376101522504
0.063299396263122
0.063179748410947
0.079630558880061
0.06326475351269
0.063377738518944
0.06752774532881
0.062837635936854
0.063168437966157
0.06343536416907
0.067674851550112
0.063198018378968
0.062567809943151
0.062749863718722
0.073929351183145
0.078914326325265
0.074381666313185
0.062514686400314
0.062906369126997
0.06505963322335
0.063369466018559
0.063053641708313
0.078234389865783
0.062978508413318
0.064481638919285
0.063213151651575
0.063303109956041
0.062873504950781
0.078604271194651
0.062724152929646
0.079593716496466
0.062640471693833
0.063187415068808
0.07910334657764
0.074309926147203
0.074168787519075
0.077877814894759
0.077747252245768
0.077634770151304
0.078793886046458
0.074763811599975
0.0777079878712
0.073849708879918
0.07385133686101
0.074401036850729
0.074544363421617
0.073679156153316
0.073093644823925
0.074803598037143
0.073570711346612
0.07455666320166
0.07431683340157
0.074353078996145
0.074756759084593
0.074353970809718
0.074548011663761
0.074547017402522
0.073189445670906
0.074218661653582
0.074235121467738
0.074552820540737
0.072887602186136
0.074435956984187
0.074432461440281
0.073374251669843
0.074073531958292
0.073394198483073
0.073563921616723
0.074304886712607
0.074306598836654
0.073232327860133
0.074096116865369
0.074035250236967
0.073720075837322
0.073892608219489
0.073058336311621
0.073210516239662
0.07308243359843
0.07436677079722
0.073892608255575
0.073232657998696
0.078321324908312
0.07387688446886
0.073876893738622
0.074182351517887
0.078206470747089
0.072883988028173
0.072883970335867
0.06542531948815
0.064897862044518
0.065956205473566
0.065093659442284
0.067189381116096
0.064430880398435
0.067638474861327
0.065264691065869
0.069960910803065
0.079552266773665
0.069806170480732
0.06538060026386
0.073534208115708
0.073534848
0.079024034240784
0.078925849635381
0.0662387830646
0.063494002359113
0.063654725466738
0.079728187797803
0.063845231539432
0.063508531304909
0.065697172848037
0.065319408979209
0.063249036085995
0.063349199208814
0.063865399187448
0.06807232503114
0.078314392688066
0.064523072847267
0.077058155515778
0.064599948248313
0.078440085732016
0.065323967373897
0.064292741411668
0.063406217561321
0.065429711923675
0.078008787913699
0.066119882479212
0.063510075246371
0.080014435576884
0.066202617791343
0.068984372315259
0.064523657790716
0.078430327788252
0.063599749092567
0.070359051210796
0.063209297571682
0.063317571377988
0.064713375968803
0.078205753997337
0.070426516264423
0.066402882645176
0.066243793902507
0.078508566006243
0.065920136029199
0.064842884944303
0.065645578969841
0.079938844542095
0.062805565952371
0.064730384829463
0.063279874887657
0.067577153337832
0.064324777186875
0.067776986433313
0.06615122152695
0.063102268110883
0.066130158052486
0.063271748079859
0.064759681045215
0.064703652622106
0.064078547825022
0.071128228830313
0.067624781387006
0.069701519773365
0.067618063520851
0.063616757636193
0.063199454863344
0.077916187594707
0.073116561531448
0.080105590790933
0.079824304501195
0.066029970821385
0.063483331126548
0.073231319491568
0.065354926378528
0.064718300528499
0.064920881552418
0.079906686475645
0.06322539461204
0.078306506646067
0.068723058833376
0.079270602576623
0.066922573917987
0.0703176968004
0.063693082255937
0.073513104581015
0.06346066158094
0.067563099582795
0.076482523825045
0.062903985296454
0.072046064954309
0.063219297965371
0.063443778677171
0.078682971839546
0.06327432932803
0.072613667691744
0.063108805685756
0.063276311335601
0.06285600780779
0.062856295413739
0.062937894143255
0.073036363712612
0.074503348484384
0.079041265313922
0.077364409077433
0.062579102235404
0.063267448747478
0.063923984032501
0.065082834470114
0.079913696681706
0.078459017151555
0.063362258745193
0.073480240285896
0.079445482244577
0.073220843660166
0.073459129763891
0.073458065665294
0.077593651080658
0.078588507278832
0.077638407389423
0.077386173130268
0.077522700843304
0.063687138366379
0.066075749543633
0.065230873591459
0.063163092969297
0.06310746214307
0.063175085749173
0.070040147260034
0.063288696023897
0.063345463601448
0.063491350831106
0.07405956169792
0.063305137058183
0.064913571886168
0.063196438498244
0.064324639447918
0.073283260809576
0.062758796329077
0.062666476252393
0.063294715922973
0.079388956513721
0.062957166371472
0.07904196385794
0.065807315673959
0.066721770900201
0.063398376036445
0.074239636640556
0.064156556440279
0.077680593196706
0.078318608835919
0.073204343075986
0.073201283291219
0.072951897565936
0.072739254674375
0.073530013521219
0.073064192115888
0.072614912
0.072717696
0.073686237516939
0.077740054463287
0.06286468370997
0.06233466678503
0.062681223373119
0.063235641158369
0.06259688120293
0.063422609782655
0.06342205225921
0.079768118770331
0.062649980248792
0.063165541781717
0.063523459768737
0.067296147779023
0.077853288271763
0.07753865442477
0.063011871121881
0.07772843731574
0.076987682115599
0.077649220737259
0.073285663103304
0.073286645240221
0.073286504320146
0.077466245164064
0.077123163058655
0.073512900797619
0.073029370679365
0.072717696
0.077773872892687
0.073680984821835
0.073678794791639
0.073675687945162
0.073356307215867
0.073521063530579
0.077272687343394
0.076931557260621
0.072758572514952
0.073335698607796
0.072617465931462
0.072615063226419
0.072616021555741
0.064248824289071
0.065091922186143
0.079878373063304
0.073223303057295
0.077652079693068
0.073501697729886
0.078195842502685
0.07322093113731
0.073781388334145
0.079852019530684
0.073507417378391
0.073361784062206
0.072903021546865
0.072146818136244
0.073379592738062
0.073379590514751
0.073395942258481
0.064219006549818
0.079195375713636
0.072992669471018
0.062953232890881
0.062910489011222
0.06335951183655
0.06345793018262
0.063525627687367
0.064940340537909
0.06312080785491
0.068674064618525
0.062852778418746
0.069367934451459
0.068074939115503
0.069492398825029
0.065972127420675
0.066569076274354
0.0776739429426
0.068528975349729
0.067063558674905
0.06357246238906
0.073211019509914
0.073582592629492
0.079307959431876
0.065461884589238
0.064688010610648
0.064362214499212
0.06439764088847
0.065641265386441
0.067662789770558
0.064800297007123
0.07307842470298
0.073078770162262
0.073203057324829
0.072953508825869
0.072953988311489
0.068734122252054
0.065324674231211
0.066088809976244
0.065469553835799
0.064252763328393
0.066652118182757
0.063903390953711
0.063873246942877
0.064097338173249
0.067362907704293
0.067817293931761
0.066049979468589
0.066575126115167
0.063159312550936
0.063815054213335
0.069400610774029
0.064031704623733
0.063196318798012
0.066905444621618
0.06362614185356
0.066965994797929
0.063436543301244
0.063909603006271
0.068292331423973
0.0659660047273
0.064524574266453
0.071702472130828
0.06617370870966
0.063134778362039
0.064244402023091
0.072229120078302
0.073523232251079
0.073675817114666
0.073675041264632
0.073153210920694
0.073516828313317
0.063423762208762
0.07763588798281
0.063922159186183
0.079300391744612
0.063916975573457
0.063977668518762
0.06433270926697
0.063181038931211
0.079618985904673
0.078042056146272
0.062847291544194
0.06263060740351
0.065397352699902
0.062555815457124
0.063565318686795
0.062461805484231
0.062454834330864
0.079091950034003
0.077640733448086
0.078284631015905
0.072129152
0.073550277076974
0.073551810821689
0.073670143710256
0.072884457151733
0.062449887048955
0.076953579370778
0.077578988829523
0.073626359111628
0.077117395224414
0.073280490717153
0.071799040130306
0.077149631879967
0.077994259169958
0.073772635724953
0.07230515232902
0.07291485148149
0.072914850712894
0.073599458640079
0.072968360644049
0.072969032355433
0.073398135217042
0.073252080355348
0.073532740259851
0.073074126993913
0.072901823340422
0.072606928106676
0.072671929284521
0.072973709711851
0.073076417095318
0.073076408851546
0.072634042747542
0.072630255311806
"n_492_d_0_tr_20_a_250x250_idx_0_p_adaptive-swsp"
0.081500569421148
0.080053059462536
0.063722035597709
0.063624339015545
0.064265128805338
0.063306260971311
0.063303460318905
0.077767908971728
0.063663305368159
0.063664590700493
0.063663726922476
0.079861144513727
0.063471215405394
0.063830509528068
0.062961741481336
0.063951523254025
0.079366216388154
0.064087664805954
0.063926744087385
0.064009345905409
0.063972043531649
0.063634352439068
0.080134604781862
0.064062313298618
0.063665941768143
0.079500928647014
0.080203551972727
0.080444818421948
0.07272709018039
0.063193480300808
0.065400400280251
0.063527147555687
0.063520772912622
0.078392774720316
0.063565705377531
0.06348084696274
0.063336595440377
0.063285357767233
0.063670445717043
0.07275259428084
0.065012342545779
0.063891375491477
0.064572795837084
0.063377940865216
0.074364583175112
0.063412973977354
0.079331867081278
0.063211445526421
0.063177660308762
0.079602648500159
0.078377339298712
0.06348195212188
0.079778202358114
0.063284790831425
0.063759692434032
0.063168598538161
0.06328488584044
0.069099437277989
0.077590657438927
0.063299044499589
0.063313069535127
0.070136112632292
0.063594546556816
0.062938511191773
0.062989602991427
0.073915047388931
0.078861696560589
0.074331244437681
0.062657994645377
0.06305005199604
0.064124416758974
0.063692855594406
0.06312173322972
0.078040828848424
0.063249049983054
0.064041079269399
0.063377874702048
0.063143713547759
0.062871160784537
0.078707725110903
0.063155235795184
0.079803412579648
0.063043053435256
0.06320144763176
0.078661736406353
0.074313315417719
0.074169236304334
0.077863627832384
0.077619993541013
0.077202700831478
0.078776584466
0.074768966159778
0.077506572351468
0.07383879843084
0.073838408111784
0.074366151436984
0.074512767909354
0.07356205503811
0.07266535773732
0.074794506480018
0.073139096585105
0.074532843985923
0.074288163514293
0.074349649162383
0.074701279046528
0.074350407467086
0.074526208095861
0.074524182650578
0.073090924038921
0.074214345708726
0.074223773653526
0.074542680905544
0.072803248200799
0.074424466078434
0.074423396037267
0.073288426705892
0.074061787715178
0.07298082234254
0.073144528708044
0.074296846088765
0.07429875056064
0.073134603557393
0.074094128216232
0.074028304992847
0.073711884203306
0.073893888223961
0.072962048090544
0.072796179541485
0.072670241893081
0.074368594715314
0.073893888067545
0.073118355255411
0.078450191708793
0.073874452300463
0.073874462522989
0.074146931399161
0.078223781236321
0.07277429347607
0.07277427433453
0.080198160207664
0.064985984565951
0.065731492149439
0.065068616981688
0.06801928815008
0.066261484303493
0.067541768762627
0.065341652704401
0.070103354126686
0.079671627721266
0.071533870179181
0.06589559175779
0.07353088028927
0.073535744109916
0.07905703107987
0.078958579132122
0.06600934277519
0.063841395862017
0.063875603997197
0.080173445920466
0.063755493747979
0.063622118149264
0.065232308474317
0.065544429099409
0.078392621889662
0.063611919550992
0.064176359771694
0.069667635043058
0.078789753776856
0.064445842915278
0.077288916818199
0.065177517649399
0.078498248088074
0.064387864313703
0.065160793132848
0.063582896788028
0.065307389836097
0.077998253544459
0.065775859314953
0.06363719878188
0.080160576783893
0.066565050171764
0.069568097618057
0.065661016958585
0.07848711342166
0.063799081572582
0.071511696697302
0.063371763296854
0.063856518184626
0.063977350268361
0.077996779874671
0.070102174262955
0.066936750683917
0.065378722633901
0.078529883301189
0.065824380205921
0.067026540497614
0.065856729960595
0.08003422581448
0.062872641878831
0.064506460627709
0.063266839632795
0.066681068354218
0.064710369178839
0.069553907697602
0.066846407587213
0.063202593616715
0.065935367978379
0.063372165566448
0.063949561981476
0.064905281847534
0.064842888628708
0.072251105234276
0.067908504786639
0.070158689265534
0.068237411617061
0.06377694188112
0.063331115223447
0.077811965830907
0.073005085196722
0.080012572092896
0.080256182864132
0.065981533637015
0.063517229920624
0.073096932305659
0.064981454272342
0.066041835823557
0.065010265370694
0.079778666451041
0.063171848225599
0.078189609702642
0.068692572463857
0.080429000532056
0.06673759778245
0.07080052676691
0.063621003127519
0.073384564641149
0.063415936204553
0.06744905483014
0.075819222023896
0.063299800873447
0.070590688551441
0.063342688996524
0.063481519524385
0.076998250867334
0.063514765574075
0.074126766087605
0.063240972442826
0.063418187762672
0.062982250342402
0.06298253792655
0.063073861309318
0.072971566063923
0.075512661044571
0.079157356685323
0.077354244357563
0.062599574662841
0.063246375904008
0.063384381029429
0.064246435162575
0.063511104456486
0.078192661628962
0.063101310576264
0.073355859783811
0.079376701243738
0.073124621353943
0.073344031317858
0.07334386620416
0.077697490416211
0.078063057833744
0.077552658341658
0.077405489783856
0.077419894006807
0.063305901046991
0.065059261182001
0.064589583524432
0.063067919001758
0.063139363892019
0.063098310957645
0.06992724806799
0.063187268523635
0.063336647301758
0.063500918119263
0.076024813722473
0.063594896469112
0.064117488913905
0.063319039874432
0.064289949351873
0.071883476936878
0.062781001194865
0.062671582990931
0.063334296490936
0.079355721419944
0.062985671113714
0.079075433579693
0.063234891845296
0.066880624976363
0.065983425491981
0.062780853236285
0.063484570699808
0.077574603932089
0.078066896927103
0.073094689317072
0.073093744927205
0.072944693493962
0.072753222661588
0.073530149637966
0.072960512
0.072512768
0.072616192
0.073590561301848
0.077622258597131
0.062988134948094
0.062401231785028
0.062770596736496
0.063193637110602
0.062693795340196
0.063427183464135
0.063321624637192
0.080084268866874
0.06274041642002
0.063316698307344
0.063531739613156
0.065217951036004
0.077731318551912
0.077844384124262
0.063020655118789
0.077804137797625
0.076889788079311
0.077574341034339
0.073282242874531
0.073281377242102
0.073281354997185
0.077372891686828
0.077014690198315
0.073392957941692
0.073054692644292
0.072616448057854
0.077663832258962
0.073590056626362
0.073588583176247
0.073547314108207
0.073230951457043
0.073385352257552
0.07749794334908
0.077139664083602
0.072966386247114
0.073142546078271
0.072837974771032
0.072839493669129
0.072840198997246
0.064343904505042
0.064905837360073
0.080307268616077
0.073123062807185
0.07754948143165
0.07342036436716
0.078106561618304
0.073147878113348
0.073725674848159
0.080092599205066
0.073426855525021
0.073257778264202
0.072807455998048
0.072363681932267
0.073177605741286
0.07317875679821
0.073199333123308
0.064132822388205
0.079405367441205
0.072803867763438
0.063053289085819
0.063014919302084
0.06348837072295
0.063588708829565
0.063657975223091
0.065086579363174
0.063253597949005
0.068642684759638
0.063147651482658
0.067746438284827
0.068203902919783
0.070322737052248
0.065823215116553
0.066192597108725
0.077591029552312
0.068246158054443
0.068106287026588
0.064374253088899
0.073101287181971
0.073513657764022
0.079458865265335
0.065931753265268
0.065048179764027
0.065427968359125
0.06467565832396
0.065902740524329
0.068141731712882
0.064471696980068
0.07299242585764
0.072993661797524
0.073097941195326
0.072750501010748
0.072750500296202
0.069931790979046
0.06483836402231
0.066063766876044
0.065955536811506
0.064077806802907
0.066572362912512
0.063918601392394
0.064344573447721
0.065009490144016
0.068404284954584
0.067894715930001
0.066034813223592
0.066940637720974
0.063277805153752
0.063702710993992
0.069139926232084
0.064345468974208
0.0633248046153
0.066795509523192
0.063455892084802
0.066944743207834
0.063617473695829
0.063702210029671
0.068192417221281
0.065957485283977
0.065002570103642
0.074624257981484
0.065863264933324
0.06332410072428
0.064515443938156
0.07243878424668
0.073387873594111
0.073527016715026
0.073526242164596
0.07307185622982
0.073414270112171
0.063434249526523
0.077900051288064
0.064212133566446
0.079460255445558
0.064099117454802
0.063899370703333
0.064234233073569
0.063355326790984
0.079817305265577
0.077902878295621
0.062994719884643
0.06277890317061
0.067223761657305
0.062702054129176
0.063513649421067
0.062613888900755
0.062604341629275
0.07944689939231
0.077543604214922
0.078143106130921
0.072438784078006
0.07341514117103
0.073414465622955
0.073549726835994
0.072780044991653
0.062707123165286
0.077184658339484
0.077452287508322
0.073459257534309
0.077349749666056
0.073141132098221
0.072105472130306
0.077377975659104
0.078389765003225
0.073643737533165
0.072512768131608
0.073143304228699
0.073142794656552
0.073492418468024
0.073137674298227
0.073137243227938
0.073273108516108
0.073132751109322
0.073441542994629
0.072957871423207
0.073118845031937
0.072825190033722
0.072825930711878
0.073119339318356
0.072972479238566
0.072972470385736
0.072833465934236
0.072827599756255
"n_492_d_0_tr_20_a_250x250_idx_0_p_flooding"
0.075292536795416
0.075448191030617
0.075412540798425
0.07540921306325
0.075773541182737
0.075212698260195
0.075773107097843
0.075154685456118
0.076391580751352
0.07639167140914
0.076391576717419
0.074967708687271
0.075941637128047
0.076442490607065
0.075424526459672
0.076653044124466
0.074964378175703
0.07669656481716
0.076433511607312
0.076505574006824
0.076684140058549
0.076100198784827
0.07655952363699
0.076659409676306
0.076175964920788
0.075014545422675
0.076773471963154
0.076879386620321
0.076377724238881
0.076110709877379
0.076884126638173
0.076569747204809
0.07677326451486
0.074395950640534
0.076912360017136
0.076668516025376
0.076379121432206
0.075914209831322
0.077048585315275
0.07698218474699
0.077003622667084
0.076626384657339
0.0770644897063
0.076717691659373
0.074464917164522
0.075759659223141
0.075350564683854
0.076455260251901
0.076409883888575
0.076506819530796
0.07684692828481
0.075786381191224
0.076015524263246
0.07578835786125
0.07587021599279
0.075602024152033
0.075779392971419
0.076345390851147
0.076127377059705
0.076566962625356
0.075909093824762
0.076434861789334
0.076512488928496
0.075858381092215
0.075999518603011
0.073922478470636
0.074540258924816
0.07436447093493
0.075411914381756
0.076176845807809
0.076213431190274
0.076217113212636
0.075780221247614
0.075280133407135
0.075762523362596
0.075998218244431
0.07625392650154
0.07591784931271
0.075608175081446
0.074843199758816
0.075600777728334
0.07597068179588
0.075524746365726
0.075647904925167
0.075047253263499
0.074363712005912
0.07417557188675
0.074968840628171
0.074920167328988
0.07422711197
0.074892977494687
0.074783620639725
0.074540856945209
0.073857166378085
0.073857927734195
0.074452063396451
0.074573191287133
0.074482104415994
0.07370395006957
0.074866533085401
0.074190872922608
0.074478986448958
0.074399354949365
0.074337656897874
0.074702945253175
0.074338292723065
0.074567969286014
0.074567861720822
0.074068427522044
0.074278117572683
0.074254516049425
0.074606245534224
0.073712019008777
0.074409489817732
0.074466036900649
0.074206735735323
0.074040554578276
0.074015129226621
0.074200724876193
0.074307484435337
0.074307384441327
0.074079017264621
0.074128050211459
0.074042863431054
0.073730187234633
0.073897216093162
0.073889280251265
0.073832085814284
0.073713793447842
0.074384050943528
0.073893248067545
0.074089232900587
0.075006062847267
0.073906706646844
0.073906716231992
0.074183311058313
0.074258971941213
0.073726866800969
0.073726850206771
0.075889165954933
0.07631400237699
0.076126918523335
0.076196954767818
0.076358161690763
0.076196427664147
0.076588026774911
0.076220311243283
0.076907418249331
0.075639446617523
0.076822080131855
0.07602046687543
0.07353088028927
0.073534848
0.074900636482634
0.074900159208899
0.075733958563436
0.076603037080775
0.076027686745831
0.075834513707752
0.076016666109603
0.075961015454356
0.076722703187391
0.076422746714393
0.075787777920671
0.075793011326689
0.076424337697175
0.076502395119906
0.075305557767654
0.076504185330584
0.074078095504135
0.076825045174682
0.075160781459935
0.076579654176065
0.076564858212238
0.07656611061377
0.076869455140609
0.075041649553413
0.076730496051146
0.076270024692008
0.076316683508553
0.076902232678899
0.076911238488331
0.076611093923636
0.075235150324347
0.076961451161006
0.076651864174822
0.076551414054338
0.076453682800991
0.076478291374342
0.075145447951771
0.076658225744206
0.076764888767573
0.075481808024307
0.074810978190215
0.076026086933938
0.075754355972954
0.075889662771676
0.075996235284071
0.075839765438346
0.075875160944141
0.075958368471636
0.075726244461058
0.075727017875514
0.076375967403488
0.07562799291842
0.076298386684555
0.076187901815755
0.076084725369638
0.076758529870715
0.076912709399486
0.076966434490363
0.0768378598191
0.076762164760809
0.076615543229214
0.077217547170383
0.076626295592313
0.076037340503472
0.074830229014791
0.073954693245879
0.075505474698263
0.076133399190966
0.076556371646699
0.076022257765216
0.07407692927658
0.076449581609453
0.076427344954421
0.076270571610915
0.076308862623978
0.075920683338724
0.074893503159426
0.076358333384996
0.076315451565785
0.076452965552877
0.076404701289237
0.075730805000101
0.074348380330671
0.075846273910545
0.07605979258552
0.076134750375369
0.075998225972194
0.076310913599913
0.076050263658111
0.076425403265938
0.076836556404212
0.076371922085665
0.076314825792585
0.075994661784109
0.076377771240889
0.075741325103178
0.075844811075075
0.076074387138857
0.076644111187004
0.076345537459092
0.075707385581757
0.075079055178321
0.075451468217818
0.076076197285171
0.075845215653862
0.075957707038747
0.075745444934907
0.075287754690182
0.075668791989064
0.074372405641714
0.075431286427178
0.074058776913201
0.074325685159479
0.074326166654606
0.074799318844962
0.075128358336101
0.074521212782485
0.074354082274838
0.074517934328893
0.076012154442886
0.076554342236288
0.076673157715302
0.075991731710416
0.0762823140446
0.07591171558595
0.076202647270122
0.076486708163755
0.076502775573321
0.075698687652661
0.076645248317855
0.076571953467786
0.076360874646872
0.076657523044721
0.076537309634627
0.076665358901067
0.075600753867974
0.075473161195561
0.076185090095387
0.075454163888035
0.076234976492109
0.0754175394906
0.076267356676812
0.076525932855785
0.076398507920755
0.075721541671703
0.076403552482887
0.074361069247845
0.074891677936237
0.074007483034423
0.074023905488073
0.074057933227502
0.073900705406819
0.074527680715635
0.073893888087051
0.073534208
0.07353638411842
0.074599587554718
0.074598521616752
0.076354463396413
0.07595847932511
0.07611022251151
0.076226721245662
0.076026727819088
0.076323809160903
0.076077875827333
0.076130853638222
0.076071735199145
0.076127619114244
0.076359244996671
0.07619550173238
0.074808147888103
0.075381630378244
0.075499019541396
0.075372118342999
0.073757187569964
0.07519299826332
0.074294879480338
0.074293725407413
0.074295048085075
0.074287525298812
0.074104224860218
0.074374445803659
0.074014500725265
0.073535488057854
0.074474844197673
0.074558103874886
0.074560595611338
0.07455273872249
0.074165939954519
0.074368175537635
0.0750373738463
0.07464475528481
0.07447857954408
0.074401428678501
0.074346998057883
0.074344979703854
0.074345843316937
0.075941956291815
0.075903805567385
0.076736655195313
0.074079758516751
0.074378011031224
0.074377398396714
0.075214777158831
0.074087050262504
0.074640194807571
0.075987044968935
0.074468366025693
0.074169997735791
0.073748105428737
0.073808482467693
0.07448458456015
0.074484580614398
0.074502116771672
0.075783234440749
0.075785889847993
0.074042654198416
0.076284378459206
0.076287804487847
0.076701691420434
0.076955820733617
0.077057282682771
0.076965764759389
0.0765078401251
0.076736928437224
0.07634753905991
0.077090350410794
0.07692855186079
0.07726001347919
0.076978122219354
0.076600609224158
0.074387030727544
0.077246303124005
0.077017129333121
0.077016703012268
0.07404997903611
0.074453306096127
0.075614129957172
0.076296807742439
0.076648386454632
0.076458682528581
0.076792133193295
0.076261794263639
0.077043854871038
0.076529977192131
0.073946540593587
0.07394606368248
0.074037350126605
0.074030980975512
0.074032036594131
0.076608561188949
0.077023157059252
0.076846686848292
0.077015101705646
0.076697130804918
0.076938565350264
0.076489534315602
0.077275912023178
0.076975432741554
0.077267069712951
0.077087463716797
0.076941689722152
0.077309305108763
0.076785530886349
0.076238968365002
0.076632050688546
0.077036604917276
0.076454022291053
0.077224316671209
0.076474977496578
0.077046074829841
0.076537763078601
0.076590382075801
0.077030713043363
0.076992541327446
0.076583491713827
0.076677262961536
0.076900687748467
0.076927758579713
0.077006947257704
0.07389324824668
0.07436954011489
0.074503697213372
0.074504264354921
0.073963026439538
0.074356148595084
0.076609082369026
0.07512593359217
0.076178293239216
0.075676226616908
0.07615711637587
0.076803121707253
0.076078354256701
0.076840651457244
0.076311869173129
0.075221833365301
0.076315106178161
0.075842840184741
0.076018394852857
0.075834870939895
0.076231049989306
0.075705425318679
0.075694770455098
0.075709303088022
0.074735192010162
0.075149024604745
0.073893248078006
0.074377764566596
0.074377378439944
0.074492438452043
0.073737416937741
0.075405789574984
0.074335085263678
0.074130352347463
0.074442990957909
0.074076036204163
0.074086193297383
0.073534848130306
0.074453229241793
0.07465758589001
0.07465023076732
0.073537024131608
0.074222004227381
0.074221521758151
0.074450423725129
0.074198750236503
0.074198748013601
0.074146198356836
0.074199793335089
0.074392039056475
0.073901544439715
0.074139241190996
0.073858052965675
0.073832850175923
0.074125315515406
0.073899098088467
0.073898513439249
0.073844995074633
0.073805923132185
"n_492_d_0_tr_20_a_250x250_idx_0_p_mprt2"
0.064298017604214
0.072793686084011
0.06029741996636
0.061272036184269
0.061026256790487
0.06108463218875
0.060881878603341
0.061386591496081
0.061033425941267
0.061117089705377
0.060984215254607
0.061289688483766
0.080889905209824
0.061602403563612
0.061151411303187
0.061460369667943
0.064992729506742
0.061198290528674
0.061036150524498
0.080482625355882
0.06149905770884
0.080372038773916
0.06185827495733
0.076315906129683
0.061714404445016
0.061617751989048
0.080170643765835
0.081032529728598
0.067500171019455
0.061566809110455
0.061320529993551
0.078446360506464
0.080779476579488
0.061441374370294
0.063897200041724
0.060854602191156
0.072059065756703
0.061085951702761
0.066561875008364
0.060982104016716
0.061844555818768
0.061204455750761
0.060911570195745
0.074269760332311
0.077709250329838
0.06101334268484
0.061921671805344
0.06120445620149
0.061807408931336
0.065872047582388
0.061968243608715
0.061288416944224
0.06104060789963
0.068186216416069
0.061368133072433
0.062010316245039
0.080111269840075
0.062372892653689
0.061186902610336
0.068962216148513
0.061204456161559
0.061833648205471
0.080003721345397
0.060866169844011
0.066048281702789
0.061006560832956
0.06214583336262
0.069525003379953
0.074466763428649
0.081631346647008
0.060355370485204
0.061847496469173
0.079240848147881
0.081985164874235
0.061186903182123
0.060502610338091
0.061517190764329
0.061543318141974
0.068138391525171
0.06395304038993
0.065964184840874
0.061579156364925
0.061006562129317
0.063209193020397
0.068367101430313
0.070686333948045
0.061483526397753
0.061317364487682
0.062124347054335
0.065161063588441
0.066702740425888
0.061815612385919
0.061774965319903
0.06380790951225
0.063996003952436
0.059647792189939
0.079378899840738
0.065387380358655
0.060390281398393
0.061593614317436
0.072187143642641
0.064644090462952
0.061421119976514
0.079495666369808
0.074371914974421
0.061493736985562
0.081102336096462
0.061422759412878
0.06131915922855
0.061319159194878
0.060076880990827
0.061700215227394
0.06143987928069
0.07719357715628
0.061235157591269
0.062024357510924
0.060590577900902
0.061580894156496
0.063130118600725
0.062161983761434
0.061580893142868
0.061580894011966
0.060906480289325
0.0748951113673
0.068846889506433
0.065073512650347
0.061876774495474
0.062002521694368
0.061431820654148
0.061902393954389
0.080476842645495
0.062135359407156
0.060957550453926
0.074302391872203
0.062183010875344
0.059746512829929
0.068381789142176
0.066306460600362
0.060764840388626
0.064795038510072
0.061825055620466
0.062117438006133
0.081732461222506
0.061446137452396
0.062121019481151
0.081928197785409
0.077656239382353
0.07200343585489
0.063391807194007
0.075394562261662
0.063397530213277
0.066276418594746
0.063222745188066
0.061792981187942
0.059596784293967
0.063542877506905
0.061142015169758
0.072718714668297
0.077413586608936
0.061478814321796
0.061629037990321
0.065877554221914
0.061662403890409
0.061789649103802
0.060054960881336
0.060265968946982
0.078863571371905
0.064819528925645
0.079668208848887
0.062029665440559
0.060867332404996
0.062634243056674
0.062152673636149
0.062029663862643
0.079311644092838
0.060054961151671
0.081214988993275
0.060806018866827
0.06100313894719
0.08038535766939
0.061464758283802
0.062292235939278
0.059579312078089
0.061876352733806
0.064675920975897
0.06051506277724
0.061022434115995
0.080669235925884
0.062216029546194
0.061077725464645
0.062318692777754
0.068303317802607
0.061601938056478
0.060449392584064
0.061554194794432
0.063433252005334
0.080102288538413
0.081973571391297
0.061655927966965
0.062031211811466
0.081119503334318
0.066553718374449
0.06165161895188
0.061402198867333
0.078740553139009
0.061485380497696
0.061674922998429
0.060004976393786
0.081113845205653
0.067843108817374
0.079739694081946
0.060029362558418
0.063027036324548
0.076061189595578
0.061878026471272
0.06234678150063
0.061650642571655
0.061801502427217
0.061672393270475
0.061853506939655
0.07154554585464
0.066422959226789
0.069939804333919
0.062576948677816
0.061692960072828
0.080147475851855
0.066334764175245
0.063683448688988
0.060056627510798
0.061931813593998
0.062025218724139
0.063239422096926
0.080388718183279
0.062260907616297
0.079171227802746
0.060505524868255
0.081021023162405
0.077101876014886
0.080656387986765
0.066664087215328
0.062498017841932
0.076342640395082
0.07992575817568
0.078258661627664
0.068840131548431
0.065252902703513
0.061070294777809
0.060984429354244
0.062998033665137
0.080720727142737
0.061006206596305
0.061014989114299
0.061512556447057
0.061279175958521
0.080580595511679
0.081727597142882
0.061367358031999
0.062457088041566
0.061245124158476
0.061245127763459
0.061817029531307
0.080469282216377
0.06236089913106
0.061912005540007
0.06772958848465
0.065731005983422
0.063962983000284
0.06394268967837
0.060654909542513
0.062026533120764
0.062339549155767
0.059943626587959
0.05956827227479
0.080057210763125
0.059956784772705
0.060444057734864
0.080141045009462
0.059956784934846
0.079766088116232
0.06039656019034
0.080218012297209
0.060053401359923
0.080097073368289
0.079544249176585
0.06005340125754
0.061732951734421
0.064979432408655
0.080104365361702
0.0599838560341
0.060107440328171
0.061245735070859
0.060107440332669
0.061263658756183
0.080210328212303
0.060378095983032
0.080778456133531
0.061354651516757
0.081332847811315
0.079819440360321
0.059663792270114
0.080143792271355
0.059663792297051
0.081111373277746
0.06120256217357
0.080056821136263
0.080408629812178
0.06625882832295
0.061241722126992
0.065156995366726
0.061000772281704
0.065090434605079
0.080160464143951
0.060039344097014
0.060870525179309
0.060938620286168
0.061388541262294
0.060171857174222
0.063891716358883
0.063661653789032
0.077232877239742
0.060171473179755
0.061520425887707
0.08012795232312
0.06313013637004
0.06843774755614
0.061757648358709
0.061280694812149
0.061560840421771
0.065672735874241
0.064553663430093
0.061839004536257
0.061772191049501
0.070676177034966
0.068205987249855
0.061421096466002
0.061699610960924
0.071912379125401
0.061403941767611
0.06193703112596
0.061733272793708
0.062208547192916
0.075251942663022
0.06266873252125
0.061562567114598
0.060229264825095
0.065523157155662
0.071765108970364
0.062109395528905
0.068608446951929
0.080115665093081
0.060825266034195
0.061112212750008
0.060844978355664
0.061261109552492
0.060915223642231
0.060021936037446
0.061468638115788
0.060879024602575
0.061252344831447
0.075491400185921
0.06121183414996
0.061667637849899
0.061322672417785
0.061233017893886
0.061491454128699
0.066532016323237
0.060800596233363
0.06099415278801
0.078354387254293
0.060958052089336
0.060416176144804
0.067776894010733
0.080128176132301
0.061014274304308
0.075749729757305
0.07985406639984
0.069730141773572
0.080389542857005
0.061857012591512
0.080306282967721
0.062774527053373
0.067801053776845
0.061449057042185
0.060509202581644
0.065604778656717
0.080255256193569
0.078582446441758
0.061251029927489
0.08002216042705
0.080300466104498
0.061186464471234
0.078375571603209
0.074312579139918
0.080227662882596
0.061140115397181
0.060791288219475
0.080223156301254
0.079922352112252
0.08009633633083
0.07591569878059
0.079902100337849
0.079509744
0.064467750544892
0.08006625913998
0.059597648
0.059503856130306
0.080054288100506
0.059876274131563
0.080188400898006
0.060480910402923
0.060361330815498
0.08032674242346
0.060014032473898
0.068260826067692
0.080356997601369
0.0784527622835
0.080154082720641
0.080420478914317
0.060005777225414
0.080167953296804
0.076551260860795
0.060004913623618
0.08008315287492
0.060363596653419
0.080213735588287
0.06518552027394
0.059549680199764
0.073994833100364
0.077665219471662
0.065583185076916
0.072751156946919
0.079991802625032
0.078636632328609
0.080306706189862
0.060596338454001
0.067025406888919
0.059485008
0.064301397644848
0.070743229208866
0.060398384227246
0.080110741286251
0.08034296116123
0.060004501405513
0.080100924380212
0.080269814585194
0.063208016170421
0.060512849329222
0.079697936244516
0.077268049556096
0.080289012555608
0.059996560130491
0.059996560314255
0.080111729173668
0.05994785654894
0.059667536168082
0.059667536159412
0.060061776164288
0.079807824051594
0.078307570721801
0.059944913704277
0.059637104038712
0.078991540475273
0.075445601597083
0.070986639344717
0.069691857836543
0.060328657964049
0.05996984065844
0.080035055344163
0.05959348807535
0.059922960205221
0.080058064223961
0.059593488
0.079889078279363
0.080269253114456
0.05949585632902
0.080164432264312
0.08003055751109
0.07964158568882
0.059893745691181
0.059521008115708
0.059515216144635
0.079693456202669
0.073875414894157
0.060083536847903
0.06008353679813
0.066471408349199
0.059738672134855
0.076541712652714
0.066534355180176
0.059971567565214
0.060450640282398
0.080058064193872
