"n_492_d_0_tr_20_a_250x250_idx_0_p_abba2"
222
231
229
232
246
218
238
218
220
225
249
210
242
223
225
221
228
226
228
233
224
223
242
218
228
242
221
219
227
213
230
244
232
223
221
234
239
225
223
223
239
242
225
230
230
152
224
228
234
214
206
251
249
197
226
221
218
227
208
238
212
210
222
230
220
237
240
229
223
222
225
221
207
239
231
209
210
249
224
221
209
241
61
221
250
241
238
222
242
209
251
236
231
213
228
224
240
224
231
255
245
235
170
230
223
228
236
208
221
237
230
220
214
225
231
211
213
243
242
218
237
235
208
222
248
190
222
244
241
245
223
224
231
209
225
231
226
209
231
230
226
173
211
223
236
238
221
249
227
236
245
235
225
229
224
216
214
213
223
216
211
225
224
238
245
237
231
228
231
225
223
232
226
247
207
220
242
242
240
205
219
238
228
229
209
223
164
238
218
216
232
219
219
228
233
235
212
246
228
232
"n_492_d_0_tr_20_a_250x250_idx_0_p_adaptive-local"
492
492
492
492
492
492
492
492
492
492
492
492
492
492
492
492
492
492
492
492
89
181
184
174
180
55
201
167
53
55
53
53
237
60
226
245
89
246
249
245
245
242
247
246
245
244
248
249
249
256
250
250
251
251
246
251
250
253
238
246
252
256
253
248
250
251
252
254
252
249
248
248
248
255
248
253
246
252
247
253
255
250
246
251
249
253
253
255
251
250
252
254
253
253
255
250
252
250
256
249
250
253
249
251
250
246
251
250
253
251
250
250
251
259
251
253
254
257
253
251
254
247
233
255
259
252
251
260
253
251
254
252
256
252
253
255
249
257
253
254
252
263
254
250
250
248
256
254
251
250
255
260
250
250
251
253
250
260
246
257
246
251
251
254
248
254
251
257
252
251
248
253
258
252
260
258
249
248
259
261
252
253
251
256
248
258
254
250
255
252
251
257
255
261
253
249
251
249
245
248
"n_492_d_0_tr_20_a_250x250_idx_0_p_adaptive-swsp"
492
492
492
492
492
492
492
492
492
492
492
492
492
492
492
492
492
492
492
492
88
53
53
53
174
188
199
197
54
54
54
53
231
60
233
253
241
239
247
247
251
250
251
245
250
248
240
247
245
256
251
251
258
256
251
253
261
255
254
251
257
252
253
252
249
253
256
253
253
257
250
259
259
254
256
257
255
259
256
253
258
256
254
252
255
253
255
254
253
255
259
251
253
254
257
254
256
253
253
254
254
254
255
255
253
256
259
256
258
261
257
253
258
253
254
260
250
251
254
257
251
254
253
254
254
261
248
254
255
250
253
260
252
252
256
254
254
250
255
251
250
251
249
254
250
256
256
260
242
252
258
259
252
253
252
254
257
259
256
250
254
255
254
250
250
249
255
255
261
251
255
256
261
254
253
257
252
260
256
250
256
254
254
260
254
250
261
252
249
251
260
258
253
263
257
258
254
258
256
252
"n_492_d_0_tr_20_a_250x250_idx_0_p_flooding"
492
492
492
492
492
492
492
492
492
492
492
492
492
492
492
492
492
492
492
492
492
492
492
492
492
492
492
492
492
492
492
492
492
492
492
492
492
492
492
492
492
492
492
492
492
492
492
492
492
492
492
492
492
492
492
492
492
492
492
492
492
492
492
492
492
492
492
492
492
492
492
492
492
492
492
492
492
492
492
492
492
492
492
492
492
492
492
492
492
492
492
492
492
492
492
492
492
492
492
492
492
492
492
492
492
492
492
492
492
492
492
492
492
492
492
492
492
492
492
492
492
492
492
492
492
492
492
492
492
492
492
492
492
492
492
492
492
492
492
492
492
492
492
492
492
492
492
492
492
492
492
492
492
492
492
492
492
492
492
492
492
492
492
492
492
492
492
492
492
492
492
492
492
492
492
492
492
492
492
492
492
492
492
492
492
492
492
492
492
492
492
492
492
492
492
492
492
492
492
492
"n_492_d_0_tr_20_a_250x250_idx_0_p_mprt2"
145
148
143
144
149
144
147
151
152
149
147
151
149
144
147
153
154
148
144
153
145
154
152
149
160
150
153
155
153
153
149
149
151
148
155
143
159
154
152
153
150
151
145
160
145
152
148
157
151
152
152
154
151
151
155
154
156
157
145
155
148
148
151
152
148
147
144
150
153
149
150
155
150
148
153
149
154
151
162
150
148
147
146
158
149
145
152
156
150
152
153
149
151
157
154
148
157
158
153
157
160
156
162
156
156
157
159
150
159
157
161
147
156
150
144
151
147
147
149
147
150
155
154
147
144
149
155
154
158
148
152
154
152
157
148
158
151
160
155
155
154
145
150
155
152
153
149
153
148
149
151
146
142
153
146
150
155
152
150
151
142
153
145
144
150
156
146
155
153
154
150
153
155
152
153
146
152
156
154
148
149
144
147
149
149
148
157
146
160
151
155
151
150
153
156
155
149
148
153
153
