"n_200_d_5_tr_10_a_112x112_idx_0_p_abba2"
-0.27960680170548
-0.2788864176558
-0.27888641761103
-0.27942987091999
-0.28152928941755
-0.28081395199199
-0.28384839871797
-0.28117723532101
-0.28117723528697
-0.26771000831351
-0.28420859068934
-0.28309248138767
-0.26707649356561
-0.28312801463188
-0.28301816831164
-0.28499171591319
-0.26550888325765
-0.26550888323724
-0.28268352647481
-0.28166426955825
-0.28229778433508
-0.28193759221613
-0.28273228933408
-0.28457974785244
-0.28369601589126
-0.28333582383176
-0.28700980016606
-0.28650493297557
-0.28796777619184
-0.28618439274355
-0.28922438956422
-0.28901804623461
-0.28614474085758
-0.2742255925142
-0.2891056417055
-0.28997545362304
-0.27466729361813
-0.28997545359925
-0.27319584553331
-0.29003023125604
-0.274722071228
-0.29203512513554
-0.29097836794133
-0.29034542218072
-0.27430710164494
-0.29111512810835
-0.28967003924761
-0.27688884007608
-0.2921970000789
-0.29065948045034
-0.29175328855158
-0.29318496966907
-0.29220367030766
-0.29153598948669
-0.29153598942169
-0.29255208695343
-0.29210439363566
-0.29329882626229
-0.29434915922195
-0.28063278707191
-0.29103290451556
-0.29184347826736
-0.2936870691194
-0.2911757973846
-0.29360000079495
-0.29399852445948
-0.29293863430167
-0.29293863417878
-0.295416549248
-0.28051416383536
-0.2805141638077
-0.29458962082198
-0.29594094714584
-0.29296668502296
-0.29510193981306
-0.27923548312784
-0.29558075507407
-0.28027259508341
-0.29505635726
-0.29697503167483
-0.2952205630589
-0.29522056302241
-0.29474174772309
-0.27955221107417
-0.30010520322642
-0.28376348325599
-0.28479704323334
-0.29974501116333
-0.29974501114082
-0.29974501110554
-0.30295027249544
-0.28954135738563
-0.28407665914386
-0.3037689413548
-0.30268836535468
-0.30376894137462
-0.3042748221854
-0.30581896113231
-0.30262646645884
-0.2905108011222
-0.30397750975463
-0.3058538629531
-0.2890700331118
-0.30454766531412
-0.30437819304803
-0.28970426978702
-0.30615880450502
-0.30441309482635
-0.30418747328288
-0.3084694923938
-0.30811362494353
-0.2931656568839
-0.30811362493194
-0.30961632789667
-0.30811362481142
-0.29208508088896
-0.31080511110693
-0.31477163206974
-0.3166990033384
-0.31195551652867
-0.31669900333198
-0.29991559964147
-0.3159786193204
-0.31776483658756
-0.31561842723332
-0.3159441435165
-0.30662430246126
-0.3177648365736
-0.32034076273818
-0.31794294724099
-0.31758275524356
-0.30373966444989
-0.31953113315008
-0.31926018669713
-0.32193246243319
-0.31832744035873
-0.30540550643007
-0.3217197985847
-0.30301928044446
-0.31990526441758
-0.30459710445505
-0.32217822485785
-0.32275322892074
-0.32121207837988
-0.32121207833511
-0.32358465489307
-0.32389575564343
-0.30858759562654
-0.311593228126
-0.32337501470144
-0.32337501460804
-0.32726158010815
-0.31346382533325
-0.32841179332763
-0.32991076320292
-0.32554708119153
-0.30987872925479
-0.32955057119986
-0.33231758649473
-0.33210050794072
-0.31833618173845
-0.33292395776502
-0.33458630987836
-0.33290855441764
-0.33290855438686
-0.3189179578426
-0.33422611782316
-0.3325483623637
-0.33386592578789
