"n_200_d_5_tr_10_a_112x112_idx_0_p_flooding"
-0.283810558733
-0.28452948136352
-0.28356069656551
-0.2851899481007
-0.28483116989044
-0.27877921193825
-0.27842104876266
-0.27907390341791
-0.27976935395722
-0.2829741442794
-0.28333660816111
-0.2831491805443
-0.28358862952633
-0.28395115910917
-0.28155349373531
-0.28191469543568
-0.2804820266136
-0.2819188426288
-0.28242562281769
-0.28192652878037
-0.28155845357383
-0.28291219623222
-0.27857689733312
-0.27831920599562
-0.27861145090724
-0.27784972253354
-0.27861315142968
-0.2771572585943
-0.27761240219518
-0.27728796959001
-0.28538561375462
-0.28502334446935
-0.2870542051293
-0.28604224440731
-0.28548567551739
-0.28203854597081
-0.28142639182547
-0.28239275272827
-0.28275666949724
-0.28211038038382
-0.28144823818488
-0.27944137108557
-0.28008673713498
-0.27910182505752
-0.2800865163896
-0.28008653000917
-0.27935442137981
-0.28228049756051
-0.28267204806774
-0.28182477619089
-0.28108528613208
-0.28303272522984
-0.28124507510897
-0.28160062873279
-0.28010889574043
-0.2857867546654
-0.28514898261612
-0.28581247226442
-0.28469766438783
-0.27946647047376
-0.27874317407055
-0.28078456198393
-0.28100392673697
-0.28087614425521
-0.28064389148358
-0.27873625709689
-0.278736256974
-0.28458250349556
-0.28404412399706
-0.28465705772233
-0.28491216933285
-0.2840431517448
-0.28530341332793
-0.27914266704022
-0.27912732833264
-0.27941531555147
-0.28014130784154
-0.27875503442202
-0.28195155809661
-0.28231511628671
-0.28278490062266
-0.27928115807789
-0.27928115801289
-0.28002332463814
-0.28038586709023
-0.28277566658645
-0.28277566649306
-0.28313797474502
-0.2781677759617
-0.28390586827243
-0.28390625547032
-0.2839075690102
-0.28319800547994
-0.28426820417145
-0.28400336644844
-0.28367747151371
-0.2831490477712
-0.2820384083066
-0.2823964019487
-0.28563843236659
-0.28563605250101
-0.28599482066269
-0.28609065593052
-0.28609364962322
-0.28599816487167
-0.27864888997443
-0.27852673863717
-0.27889008083462
-0.28426616329324
-0.28390260351378
-0.28390410145311
-0.28488721044168
-0.28249814501684
-0.28294279203412
-0.2828602796355
-0.28366940519775
-0.28367217462454
-0.28064442506879
-0.28064571816821
-0.28145307571477
-0.28075278909998
-0.28232395555963
-0.28232229959434
-0.28098786787808
-0.2831806359317
-0.28174130345406
-0.28210241181617
-0.27811168048984
-0.27847591611661
-0.27935257653942
-0.27920772416062
-0.27935151390443
-0.28286280279887
-0.28265924734667
-0.28322367905283
-0.27671629835995
-0.27671629840472
-0.28255909161161
-0.28255909157413
-0.27995736587954
-0.27935113055095
-0.27826329110735
-0.27836039296202
-0.27869841988889
-0.28003802367919
-0.27967480155087
-0.28039159183623
-0.27967056629643
-0.28459687679922
-0.28459687672818
-0.28124381787788
-0.28160591857209
-0.27874041204812
-0.27791281681283
-0.27813797669003
-0.28546702151069
-0.28546840081679
-0.27928338915167
-0.28017202513594
-0.28080942665522
-0.28118306374194
-0.2799260708315
-0.28064638424526
-0.27963464074318
-0.28510369230006
-0.27891659586474
-0.28068474203711
-0.27933853327838
-0.28203994281633
-0.28015422761805
-0.28055504027146
-0.28055323191337
-0.28015800826613
-0.27979455847675
-0.28019888554076
-0.28002272797443
-0.27947559872538
-0.28494113481022
-0.28454964102369
-0.28458123565113
-0.28458439800331
-0.28458068166249
-0.27834993532147
-0.27919903143068
-0.27774978081451
-0.27787781276077
-0.2778165763316
-0.27745241350557
-0.28322544511037
-0.27951585424492
-0.27828909859801
-0.27865346436752
-0.28386111867518
-0.27780220789677
-0.28314505194983
-0.28294543447327
-0.27751684565606
-0.2800874605626
-0.28102999706968
-0.28139377313245
