"n_200_d_10_tr_10_a_79x79_idx_1_p_mprt2"
-0.28076354017956
-0.30276867801782
-0.28405706726364
-0.29150883622758
-0.29992483185353
-0.29460618697019
-0.29308139030832
-0.30301350667943
-0.30450580925844
-0.30014479392553
-0.29572418020189
-0.30938981263134
-0.27866487667365
-0.29874051119302
-0.29215369988645
-0.29464135458305
-0.29080825741741
-0.28853439767722
-0.29439748187076
-0.30651529619469
-0.30719726512325
-0.3101004848303
-0.29831863103437
-0.29374223991581
-0.30865530221917
-0.30171753499885
-0.29873349579855
-0.31114868159556
-0.31272873413752
-0.30936567698402
-0.31226069626736
-0.30804415793223
-0.30719068205867
-0.30383038736902
-0.31063135980095
-0.29855543801429
-0.294840739683
-0.30117469947516
-0.30646304051815
-0.29541481913284
-0.30967510155364
-0.30720606705577
-0.28813883767761
-0.30743514170257
-0.29354197984013
-0.28821942468962
-0.28921095063437
-0.29967122318945
-0.30431715411791
-0.30555144974256
-0.31309889647907
-0.31083660317717
-0.31077604329383
-0.31263083865369
-0.31374935887615
-0.30676752407215
-0.30691165061819
-0.314717536142
-0.3125046783732
-0.29674086823353
-0.29639848491599
-0.3142550301112
-0.29570683939306
-0.31298727509287
-0.30388613261258
-0.29421785058837
-0.29366320071872
-0.29522544568457
-0.29372304515146
-0.29378816918959
-0.29309624500312
-0.30476289166835
-0.2892774777941
-0.30485864557598
-0.30759553639798
-0.28559202164916
-0.30385060929804
-0.30138941901748
-0.28872224965614
-0.30724086140105
-0.29155793749821
-0.30887286261825
-0.30746516526264
-0.31047051717926
-0.29482863488898
-0.30486435869173
-0.31234583072791
-0.31005821991114
-0.30164782532557
-0.30818591445207
-0.29486722499003
-0.31191542173398
-0.30765401818931
-0.28749948106282
-0.30649734428579
-0.30162865090684
-0.30681604746673
-0.30976300354718
-0.3071785475389
-0.3089812084303
-0.29733162174035
-0.29435874469415
-0.3035253935075
-0.30012242393333
-0.30734002128912
-0.29352565538012
-0.29637144062139
-0.29329224570441
-0.30795405024864
-0.29501785866247
-0.29176882022775
-0.28878074761018
-0.30316645696578
-0.29913575857137
-0.30823917453687
-0.28813394090337
-0.29478003353528
-0.29572786291815
-0.31382213447263
-0.29511613766854
-0.31176308958915
-0.31424939372327
-0.30706267321404
-0.29629425800644
-0.29473348637734
-0.30003795797835
-0.29602731289071
-0.3077580246222
-0.29426089362578
-0.29846773856796
-0.30761745692955
-0.31601571443321
-0.30822536544247
-0.30002022894417
-0.29399680370132
-0.3067499409592
-0.30180934702654
-0.29305061040402
-0.29488442887698
-0.30110890764732
-0.2918760055911
-0.29873380020442
-0.3047619415784
-0.30880892551704
-0.30038676969986
-0.29394753870369
-0.29659306059396
-0.3060495415646
-0.29014644308669
-0.29075368501536
-0.31000348519829
-0.303265398353
-0.30458910677659
-0.29971062736663
-0.29271856007335
-0.29382705811847
-0.29480945854377
-0.30981110890476
-0.29716972795655
-0.30458596999937
-0.29207226671021
-0.30943816516701
-0.29238533863277
-0.30418217128041
-0.29170849901843
-0.30981042446157
-0.28180268243357
-0.28172446507612
-0.29261348848437
-0.30085336894746
-0.30877183641063
-0.29848591550503
-0.3077076280039
-0.31118770436075
-0.31129481055289
-0.30853238177065
-0.31080721846305
-0.30637122793555
-0.30150151230116
-0.3095232473185
-0.29597395775577
-0.2942552842437
-0.28979445287039
-0.28453843959394
-0.29266038073237
-0.28437739993414
-0.2922259864486
-0.29375090389457
-0.29156958044008
-0.29967712132206
-0.31460017350124
-0.29703338343952
-0.29885802882499
-0.29681165253447
-0.29971816563752
-0.29191401736709
-0.28944676605819
-0.28863215663018
-0.28825267409869
-0.30480648853128
