"n_200_d_5_tr_10_a_112x112_idx_0_p_mprt2"
-0.29476170230692
-0.29939727317322
-0.29387964029426
-0.30140888451822
-0.28909687086679
-0.29660367450444
-0.27998395455019
-0.29518557433772
-0.30226681679389
-0.284476586426
-0.29777562997262
-0.29697963008384
-0.29667956715263
-0.29836167298269
-0.29565560234307
-0.30028104568182
-0.2853851206818
-0.29090438060406
-0.29939422932142
-0.3014813070047
-0.29894542466728
-0.3077621973624
-0.29857866036603
-0.29644150699854
-0.30090030836235
-0.28025947761932
-0.28543863988722
-0.29580016900525
-0.29797655059834
-0.29561194038656
-0.29554360618866
-0.29411263011542
-0.3014251284413
-0.29723082355461
-0.29442339943458
-0.29551069786624
-0.29252909793648
-0.29120808796441
-0.28675334526913
-0.29694771051985
-0.30577723357309
-0.30090992319825
-0.3039368930676
-0.29585908961041
-0.28893616830133
-0.28955804365673
-0.28693281396021
-0.30222763994637
-0.29189689019165
-0.28796917031591
-0.29739662750746
-0.30737948957312
-0.28723487634015
-0.28970963644825
-0.27956588042237
-0.29362533958345
-0.2820789744199
-0.29377995225019
-0.27883610740417
-0.28722624855617
-0.28367816649951
-0.30494117579294
-0.30831161564615
-0.30455495127647
-0.29861713618447
-0.27949521396114
-0.27949589975724
-0.2970016900825
-0.28102331235211
-0.2928442766015
-0.30085988513699
-0.29236909903689
-0.29489147565406
-0.2992864940495
-0.29681237596
-0.28668537781192
-0.30386574328476
-0.28369173917956
-0.28022363366263
-0.29316805722568
-0.29418128687816
-0.29618829568044
-0.28095396838849
-0.27849842838314
-0.29381375650853
-0.27944145654808
-0.27944216153405
-0.29225069352427
-0.29485236485623
-0.29749675695154
-0.28648264924417
-0.28655983957184
-0.29520161006605
-0.2995161221018
-0.29674815245793
-0.27944625736136
-0.29694784058104
-0.28436658975564
-0.29717427908727
-0.28789080528436
-0.28733395271328
-0.29953841109451
-0.28798640008353
-0.28845024735436
-0.28886885888106
-0.3005452362794
-0.30149991247659
-0.28820388202117
-0.29405967409577
-0.28174008118745
-0.28173930518515
-0.29630939813247
-0.2847540563393
-0.29674723894632
-0.28570235325709
-0.28832510901313
-0.29938814254583
-0.306396583685
-0.29154089134822
-0.30412255058024
-0.28561112540344
-0.30574925309725
-0.2921313449818
-0.29803566730477
-0.29714838356629
-0.28017365105882
-0.28155108286531
-0.28460251036582
-0.28479998979038
-0.29389121562331
-0.29683443302467
-0.30351655481708
-0.29351693781441
-0.29364862409337
-0.2914915402666
-0.27982346895138
-0.27982333047457
-0.28029822946
-0.28029822945463
-0.28961486620686
-0.30477520521477
-0.28487417995658
-0.30026664394351
-0.30376216666258
-0.29939710358478
-0.28281999189264
-0.30141498899176
-0.29734406336348
-0.28002028984724
-0.28002200617855
-0.28622936724167
-0.29354572389576
-0.29864546760052
-0.28035180424641
-0.29678534907664
-0.29229578879069
-0.2810983838152
-0.29851480046595
-0.3013236201058
-0.28759794677319
-0.30445196943341
-0.28873317464967
-0.29951912929615
-0.30213850169747
-0.27973569364419
-0.27974825663668
-0.28650481759936
-0.2852455860918
-0.29523350912639
-0.28728009167786
-0.28816530766526
-0.30393089785425
-0.28727358509299
-0.28626056933674
-0.28743491796171
-0.30146860756385
-0.28434409054309
-0.29558336085939
-0.29753248394363
-0.28573727144061
-0.28534427912645
-0.29105276829981
-0.27868860235256
-0.30336396873389
-0.28235244311337
-0.29634125920277
-0.2954475497495
-0.27848447772029
-0.28428554096807
-0.30281173997087
-0.28313332964765
-0.29946440745582
-0.28247586810589
-0.278343564802
-0.29771547927696
-0.28573087950264
-0.28023540007816
-0.28483088202081
-0.27824302922266
-0.29123972975823
