"n_200_d_15_tr_10_a_64x64_idx_2_p_abba2"
2885.649794431
2885.649794431
2885.649794431
2885.649794431
2885.649794431
2885.649794431
2885.649794431
2885.649794431
2885.649794431
2885.649794431
2885.64979443101
2885.649794431
2885.649794431
2885.649794431
2885.649794431
2885.64979443101
2885.649794431
2885.649794431
2885.649794431
2885.649794431
2885.64979443101
2885.649794431
2885.64979443101
2885.649794431
2885.64979443101
2885.649794431
2885.649794431
2885.64979443101
2885.649794431
2885.64979443101
2885.649794431
2885.649794431
2885.64979443101
2885.649794431
2885.64979443101
2885.649794431
2885.649794431
2885.64979443101
2885.649794431
2885.649794431
2885.649794431
2885.649794431
2885.64979443101
2885.649794431
2885.649794431
2885.649794431
2885.649794431
2885.64979443101
2885.649794431
2885.649794431
2885.649794431
2885.649794431
2885.64979443101
2885.649794431
2885.649794431
2885.649794431
2885.649794431
2885.64979443101
2885.649794431
2885.649794431
2885.64979443101
2885.649794431
2885.64979443101
2885.649794431
2885.649794431
2885.64979443101
2885.649794431
2885.649794431
2885.649794431
2885.649794431
2885.64979443101
2885.649794431
2885.649794431
2885.649794431
2885.649794431
2885.64979443101
2885.649794431
2885.649794431
2885.649794431
2885.649794431
2885.64979443101
2885.649794431
2885.649794431
2885.649794431
2885.649794431
2885.64979443101
2885.649794431
2885.649794431
2885.649794431
2885.649794431
2885.64979443101
2885.649794431
2885.649794431
2885.649794431
2885.649794431
2885.64979443101
2885.649794431
2885.649794431
2885.64979443101
2885.649794431
2885.64979443101
2885.649794431
2885.649794431
2885.64979443101
2885.649794431
2885.64979443101
2885.649794431
2885.649794431
2885.64979443101
2885.649794431
2885.64979443101
2885.649794431
2885.649794431
2885.64979443101
2885.649794431
2885.64979443101
2885.649794431
2885.649794431
2885.64979443101
2885.649794431
2885.64979443101
2885.649794431
2885.649794431
2885.64979443101
2885.649794431
2885.64979443101
2885.649794431
2885.649794431
2885.64979443101
2885.649794431
2885.64979443101
2885.649794431
2885.649794431
2885.64979443101
2885.649794431
2885.64979443101
2885.64979443101
2885.649794431
2885.64979443101
2885.649794431
2885.64979443101
2885.64979443101
2885.649794431
2885.64979443101
2885.649794431
2885.64979443101
2885.64979443101
2885.649794431
2885.64979443101
2885.649794431
2885.64979443101
2885.64979443101
2885.649794431
2885.64979443101
2885.649794431
2885.64979443101
2885.64979443101
2885.649794431
2885.64979443101
2885.649794431
2885.64979443101
2885.64979443101
2885.649794431
2885.64979443101
2885.649794431
2885.64979443101
2885.64979443101
2885.649794431
2885.64979443101
2885.649794431
2885.64979443101
2885.64979443101
2885.649794431
2885.64979443101
2885.64979443101
2885.64979443101
2885.64979443101
2885.649794431
2885.64979443101
2885.64979443101
2885.64979443101
2885.649794431
2885.649794431
2885.64979443101
2885.64979443101
2885.64979443102
2885.649794431
2885.649794431
2885.64979443101
2885.64979443101
2885.64979443102
2885.649794431
2885.649794431
2885.64979443101
2885.64979443101
2885.64979443102
2885.649794431
2885.649794431
2885.649794431
2885.64979443102
2666.05959786501
