"n_200_d_5_tr_10_a_112x112_idx_0_p_flooding"
1899.108867782
1967.686979048
1991.578123276
2090.962947704
2221.110050181
1851.79744689001
1928.371613118
2094.305613968
1995.593518049
1834.672560735
2091.61135086501
2220.473211986
2029.52391483
1918.809231392
1939.85526445001
2109.239120742
2116.743166398
1996.657790421
1883.877317479
2040.343249113
2152.769412786
1906.577165684
2020.18113814901
1736.59459168901
1909.86541885501
1955.21454008701
2118.770919564
2228.84900680101
2102.58215905
1836.58889025501
1907.729313773
2036.337097667
1949.42057286401
1969.37867941301
2033.56761835001
1884.877712196
2098.61771768801
2153.634335992
2076.78651733301
1793.57892913301
1919.034850511
2140.80721033301
2063.43301060001
2103.77249016
1685.020014469
2214.107024287
2075.59262593601
1991.99667391201
2135.23747324501
1972.94200673101
2125.93881039101
1852.47399306401
2209.13406447101
1662.448718886
2031.08909480301
1976.030940154
1884.45570602901
2234.79999636901
1934.89220796
1764.09893241301
2008.202619274
1716.94616670501
1768.080858068
2179.12125365201
2032.05379131501
1820.04350567701
2219.486582136
1961.31450484001
2060.644448266
2079.76121144701
1884.427378537
2140.981666659
1713.07875197601
2196.644311687
1904.33643324201
1937.730424169
1950.289310035
2026.929045058
1936.18875939301
2136.20030738601
1990.396125137
1804.090298841
1965.04417826701
1813.10193942801
1794.40374293401
2029.373192918
1859.31661504101
1982.649022917
2295.545933757
1974.04787869001
1830.496182133
1785.38369799401
2019.898030459
2131.91829578301
1924.48825122801
1898.364723454
1884.29931229701
1853.456094138
1954.72545403501
2035.43080361901
2103.961448302
1814.21596475001
2158.923928612
1894.86451458001
1994.91930766201
1905.16431899101
2017.52987436601
2120.27477074501
1800.62875689301
2017.910768892
1952.396125669
1998.838609991
1901.35033975601
2234.863372802
2023.157679446
1824.96568135701
1816.15619433901
1946.30608086601
2081.05927490901
2212.73899558001
2107.39359744401
1625.11920058001
1811.90614645601
2034.30732543901
2109.038497566
2384.93799202401
1784.76539442601
2167.813542034
1989.85300517901
1871.51094074501
1874.840790832
2024.45359459201
1933.28364153201
2025.49911243801
1962.26172607301
1824.699861186
2106.24110253601
2115.04521070701
1709.267619431
2257.92432915201
2087.997718228
2103.34230935001
1967.22697006001
1719.035935797
1878.30386435401
1950.714452821
1983.85607009701
2026.56299177101
1938.82098357101
1784.12936914501
2154.713649355
1875.12224663501
2012.191035162
1826.65789288701
2113.86843781601
2200.43061492301
2109.92889094301
2256.09772685101
2123.507935287
1951.49440046501
1966.40782090601
1695.94027210002
1742.03250729601
2133.61652971901
2022.81423298501
1835.390805401
1744.26394690301
2299.14515679201
1988.08340394901
1749.76436865001
1926.225351688
1861.32975193101
1975.82693337801
1797.03878871801
1875.54685535601
2006.92642859501
2052.71488102701
2076.66205216901
2042.64548308601
1779.65437937601
1846.68630638001
1823.56844831501
2113.26197776501
1933.61265729301
1868.29961140801
1810.42274496901
2045.94431491302
1960.42623074601
2157.51075361002
2140.62323491002
2127.44240644801
2043.22103410701
2177.973481034
1992.954860227
2003.72331477801
2125.77564082102
