"n_200_d_10_tr_10_a_79x79_idx_1_p_abba2"
6088.83532879901
6088.835328799
6088.835328799
6088.835328799
6088.835328799
6088.83532879901
6088.835328799
6088.835328799
6088.83532879901
6088.835328799
6088.83532879901
6088.835328799
6088.835328799
6088.83532879901
6088.835328799
6088.83532879901
6088.835328799
6088.835328799
6088.83532879901
6088.835328799
6088.83532879901
6088.835328799
6088.835328799
6088.83532879901
6088.835328799
6088.83532879901
6088.83532879901
6088.835328799
6088.83532879901
6088.835328799
6088.83532879901
6088.83532879901
6088.835328799
6088.83532879901
6088.835328799
6088.83532879901
6088.83532879901
6088.83532879901
6088.83532879901
6088.835328799
6088.83532879901
6088.83532879901
6088.83532879901
6088.83532879901
6088.835328799
6088.83532879901
6088.83532879901
6088.83532879901
6088.83532879901
6088.835328799
6088.83532879901
6088.83532879901
6088.83532879901
6088.83532879901
6088.835328799
6088.83532879901
6088.83532879901
6088.83532879901
6088.83532879901
6088.835328799
6088.83532879901
6088.83532879901
6088.83532879901
6088.83532879901
6088.83532879901
6088.83532879901
6088.83532879901
6088.835328799
6088.83532879901
6088.83532879901
6088.83532879901
6088.83532879901
6088.835328799
6088.83532879901
6088.83532879901
6088.83532879901
6088.83532879901
6088.835328799
6088.83532879901
6088.83532879901
6088.83532879901
6088.83532879901
6088.835328799
6088.83532879901
6088.83532879901
6088.83532879901
6088.83532879901
6088.835328799
6088.83532879901
6088.83532879901
6088.83532879901
6088.83532879901
6088.835328799
6088.83532879901
6088.83532879901
6088.83532879901
6088.83532879901
6088.835328799
6088.83532879901
6088.83532879901
6088.83532879901
6088.83532879901
6088.83532879901
6088.83532879901
6088.83532879901
6088.83532879901
6088.83532879901
6088.83532879901
6088.83532879901
6088.83532879901
6088.83532879901
6088.83532879901
6088.83532879901
6088.83532879901
6088.83532879901
6088.83532879901
6088.83532879901
6088.83532879901
6088.83532879901
6088.83532879901
6088.83532879901
6088.83532879901
6088.83532879901
6088.83532879901
6088.83532879901
6088.83532879901
6088.83532879901
6088.83532879901
6088.83532879901
6088.83532879901
6088.83532879901
6088.83532879901
6088.83532879901
6088.83532879901
6088.83532879901
6088.83532879901
6088.83532879901
6088.83532879901
6088.83532879901
6088.83532879901
6088.83532879901
6088.83532879901
6088.83532879901
6088.83532879901
6088.83532879901
6088.83532879901
6088.83532879901
6088.83532879901
6088.83532879901
6088.83532879901
6088.83532879901
6088.83532879901
6088.83532879901
6088.83532879901
6088.83532879901
6088.83532879901
6088.83532879901
6088.83532879901
6088.83532879901
6088.83532879901
6088.83532879901
6088.83532879901
6088.83532879901
6088.83532879901
6088.83532879901
6088.83532879901
6088.83532879901
6088.83532879901
6088.83532879901
6088.83532879901
6088.83532879901
6088.83532879901
6088.83532879901
6088.83532879901
6088.83532879901
6088.83532879901
6088.83532879901
6088.83532879901
6088.83532879901
6088.83532879901
6088.83532879901
6088.83532879901
6088.83532879901
6088.83532879901
6088.83532879901
6088.83532879901
6088.83532879901
6088.83532879901
6088.83532879901
6088.83532879901
6088.83532879901
6088.83532879901
6088.83532879901
6088.83532879901
6088.83532879901
6088.83532879901
6088.83532879901
6088.83532879901
6088.83532879901
6088.83532879902
6088.83532879901
"n_200_d_10_tr_10_a_79x79_idx_1_p_flooding"
410.501284126006
491.958806629
435.774200799003
463.724264189004
475.396612142003
461.998664604003
514.659987012003
478.945121588001
489.302483086004
421.206090541006
577.712010075004
498.931958526001
480.371873200006
491.477302323005
476.214434751004
515.240299304004
458.881226419003
435.797765650005
395.703346403003
490.547482751005
374.288463364007
466.758181740005
409.295990769003
466.898717599005
431.349663811005
442.582325002004
474.829980040006
521.661884517002
425.689588858003
491.427074188007
496.635792689005
448.800711267001
506.843887794005
420.984664344004
506.903922982008
470.667961500013
387.566064418003
367.745692294008
459.993098767008
488.598458001
389.618603783006
466.399646654004
487.47145155901
459.041122286003
560.338993824999
458.787701643004
494.561108209005
463.22193845301
469.051642550006
477.325776416002
524.797854143003
426.263276513005
413.465140311011
538.343186516002
531.972719297002
457.229723950007
440.388642431003
466.077893443007
490.485032248003
459.369568734999
383.933781263003
456.555194194003
512.041763390009
386.596591967006
545.247225093
492.093415557008
445.791225469002
505.472738496998
374.724283492007
468.047512334003
359.257520472006
556.830214856006
399.912144532003
502.998083370009
485.409696981002
436.640021033007
490.926879360011
510.198435668002
393.003863792003
410.164057826002
439.944902174005
495.588508092005
358.917850234
470.801791017003
460.713387317
461.42885532101
403.472923974007
441.794685865005
516.910386984009
479.123630854005
544.981263729007
535.218258894005
551.878804476004
405.494668251009
446.658684643005
459.555503095011
416.111266254006
489.578426493004
350.754072166005
491.113022355002
417.98593264501
509.435696627008
473.831167578005
430.13687900001
417.969768745003
453.103831195008
500.014062258003
450.649656349
405.843360474009
502.981172933005
411.420359461012
440.555418501006
420.980507442003
509.51467859101
465.284675767002
546.093173370011
456.789336846008
493.031739057002
479.120743718006
483.671036615007
484.296633038007
480.901451848005
399.109591819006
388.991150079008
428.730802353002
422.256913057012
417.121793028009
455.718462102006
463.646778740014
460.098172706005
472.729910687008
420.759783620014
531.389866796005
465.635621715009
492.113441288005
449.837126809008
499.736472406006
463.743886308002
470.17713980501
486.119074583009
460.874422664013
514.299253124008
397.329041699003
409.589168419011
449.706971124009
474.661494820012
499.375314976007
416.577002040007
525.99801246501
521.139827919008
445.795209688008
492.562858651006
397.238639005003
510.904547870012
456.297726802006
434.186266831013
412.054569507006
424.197600838006
476.48875940201
441.994629283009
476.295447051008
458.632347124009
407.574445497005
438.491155327007
494.101712282003
539.45645890002
510.670821866007
457.588559575008
426.188719547007
439.863079064004
488.153285273007
410.404725024009
392.616977364007
443.57671422101
395.713897520011
430.573160992012
483.041523424006
439.007940705004
418.462579834006
464.248038160015
386.959390606009
415.286927706006
478.526214248006
404.450974716006
492.735750855005
461.863679492012
482.294298351007
463.637900813005
457.177215487008
500.868881071007
457.708371483008
481.48035940801
463.848681306004
488.811187581014
447.150496807005
443.424442815015
483.06309622501
450.800102773002
570.733592614005
411.740957461021
422.315259867005
"n_200_d_10_tr_10_a_79x79_idx_1_p_mprt2"
671.287626305006
610.860048592002
588.006871371004
772.569368573002
581.042053375004
703.080962000008
577.578127652004
762.198060857003
854.844848897002
578.580891525004
725.746825520009
598.727121709
577.617660664004
775.236537362005
770.556103314004
881.121406018003
843.202931874004
698.455936604002
827.327950165003
678.798389607003
809.253167851004
605.752474011002
636.223134422004
685.737305774005
575.768959949006
576.609096253005
584.842852021001
580.900275302003
647.440541779005
761.718277916007
729.315495261005
569.465378589005
550.202191574009
740.402791191002
733.884249113011
653.137313305002
575.691942494004
763.046366187005
650.610510347001
617.554101582009
612.559121276
689.421869080007
665.241584811007
753.674258084999
508.558801341003
615.763061850004
678.922222113009
657.891381232005
639.038025385005
797.298377315009
665.195591347
535.588676710013
488.775949788007
603.782542008005
607.103775308005
608.822135832007
718.965483059009
592.472699548004
676.286129670011
606.885076172006
583.62474189601
712.290658905999
758.515646588009
592.858786474004
469.919610806009
639.224377093008
713.853750074001
505.375435121003
521.657453356006
639.094261364008
607.879876502004
590.983452952003
734.770002233006
570.375920373003
563.992225336008
605.741987404002
590.977899752005
641.063038459002
576.576980636005
682.235420285004
851.29608841801
408.767412602003
670.263284799006
625.500461495008
760.106770553001
632.102155940011
658.542712738004
694.204053734005
750.610680278008
648.856514052007
764.460851412011
570.515615177008
626.648664477003
647.453245349006
629.179758981003
429.901129367011
605.569910757005
787.717300469005
617.60289176901
516.889484752006
551.878175489009
702.308404928004
693.234221775
711.583901644005
476.506866720008
637.883741299007
514.555725412009
584.319891820009
646.049728988004
568.663744518005
637.738892351003
728.071448452006
654.084579629007
496.947587493004
724.750887579006
652.234897381007
523.883680359006
605.012703247006
549.08007274301
610.910082756007
460.104345750011
584.567459104001
622.517142475011
558.550415635004
841.402451188003
780.79863293101
785.292578480011
533.195291751007
545.264206723004
534.753932317003
608.080123012009
649.196486543005
708.554732540016
651.246920341009
472.012491845007
567.247719578006
587.076806558009
616.717952760013
602.707144335007
562.462330982008
677.998671420013
766.816460127011
747.056034246008
563.580884706006
741.137334584003
750.024608695007
682.586313342007
613.39120985101
657.343644750014
689.784443816009
558.670607054012
845.400569646003
686.691637687005
656.544280715011
791.567713278006
785.147378227009
443.698307265009
697.884850217008
620.829242039008
630.225805385003
625.209126166005
756.389865359012
615.399227356008
670.874958012007
720.311648069007
702.491132055009
596.916066034012
599.545647952013
504.393916348008
536.372845132007
494.567732066017
603.896258832009
"n_200_d_15_tr_10_a_64x64_idx_2_p_abba2"
2885.649794431
2885.649794431
2885.649794431
2885.649794431
2885.649794431
2885.649794431
2885.649794431
2885.649794431
2885.649794431
2885.649794431
2885.64979443101
2885.649794431
2885.649794431
2885.649794431
2885.649794431
2885.64979443101
2885.649794431
2885.649794431
2885.649794431
2885.649794431
2885.64979443101
2885.649794431
2885.64979443101
2885.649794431
2885.64979443101
2885.649794431
2885.649794431
2885.64979443101
2885.649794431
2885.64979443101
2885.649794431
2885.649794431
2885.64979443101
2885.649794431
2885.64979443101
2885.649794431
2885.649794431
2885.64979443101
2885.649794431
2885.649794431
2885.649794431
2885.649794431
2885.64979443101
2885.649794431
2885.649794431
2885.649794431
2885.649794431
2885.64979443101
2885.649794431
2885.649794431
2885.649794431
2885.649794431
2885.64979443101
2885.649794431
2885.649794431
2885.649794431
2885.649794431
2885.64979443101
2885.649794431
2885.649794431
2885.64979443101
2885.649794431
2885.64979443101
2885.649794431
2885.649794431
2885.64979443101
2885.649794431
2885.649794431
2885.649794431
2885.649794431
2885.64979443101
2885.649794431
2885.649794431
2885.649794431
2885.649794431
2885.64979443101
2885.649794431
2885.649794431
2885.649794431
2885.649794431
2885.64979443101
2885.649794431
2885.649794431
2885.649794431
2885.649794431
2885.64979443101
2885.649794431
2885.649794431
2885.649794431
2885.649794431
2885.64979443101
2885.649794431
2885.649794431
2885.649794431
2885.649794431
2885.64979443101
2885.649794431
2885.649794431
2885.64979443101
2885.649794431
2885.64979443101
2885.649794431
2885.649794431
2885.64979443101
2885.649794431
2885.64979443101
2885.649794431
2885.649794431
2885.64979443101
2885.649794431
2885.64979443101
2885.649794431
2885.649794431
2885.64979443101
2885.649794431
2885.64979443101
2885.649794431
2885.649794431
2885.64979443101
2885.649794431
2885.64979443101
2885.649794431
2885.649794431
2885.64979443101
2885.649794431
2885.64979443101
2885.649794431
2885.649794431
2885.64979443101
2885.649794431
2885.64979443101
2885.649794431
2885.649794431
2885.64979443101
2885.649794431
2885.64979443101
2885.64979443101
2885.649794431
2885.64979443101
2885.649794431
2885.64979443101
2885.64979443101
2885.649794431
2885.64979443101
2885.649794431
2885.64979443101
2885.64979443101
2885.649794431
2885.64979443101
2885.649794431
2885.64979443101
2885.64979443101
2885.649794431
2885.64979443101
2885.649794431
2885.64979443101
2885.64979443101
2885.649794431
2885.64979443101
2885.649794431
2885.64979443101
2885.64979443101
2885.649794431
2885.64979443101
2885.649794431
2885.64979443101
2885.64979443101
2885.649794431
2885.64979443101
2885.649794431
2885.64979443101
2885.64979443101
2885.649794431
2885.64979443101
2885.64979443101
2885.64979443101
2885.64979443101
2885.649794431
2885.64979443101
2885.64979443101
2885.64979443101
2885.649794431
2885.649794431
2885.64979443101
2885.64979443101
2885.64979443102
2885.649794431
2885.649794431
2885.64979443101
2885.64979443101
2885.64979443102
2885.649794431
2885.649794431
2885.64979443101
2885.64979443101
2885.64979443102
2885.649794431
2885.649794431
2885.649794431
2885.64979443102
2666.05959786501
"n_200_d_15_tr_10_a_64x64_idx_2_p_flooding"
222.035263817006
227.665740218001
227.444314208004
211.278470889003
201.152986501004
232.852560122005
191.176997500005
232.480028947002
243.409374369005
238.300292774003
256.534399249006
210.163783017002
208.019284518002
240.910063699005
259.120566685006
234.228092866005
231.788016457003
207.091593499005
263.481926987005
262.354582145004
222.633637981005
218.034477253003
210.490208930004
239.569878018003
230.773636137005
196.916150741007
228.528578183003
195.506082274004
212.033137422004
233.839772725005
239.946970749006
202.960425080004
223.425204851004
239.615830135005
209.355341527004
223.147225480005
231.601962227003
190.935867536005
224.013164724006
220.798407971003
197.518814547003
199.274823305004
203.120725440009
224.367932994006
207.467747903003
251.908702080009
217.135203452003
217.644584496007
264.948840535006
270.940285945002
182.228535017003
202.390671272006
206.103920682011
227.839478058009
236.586049212001
214.169261900011
214.876629586001
241.757783541011
198.716771785008
216.170561356002
205.917372778003
181.294925557005
171.689900094009
259.240421456006
239.671117163006
245.736705358006
241.165271036003
258.678474460005
211.979139596004
172.234994686001
253.81407343901
196.389971893005
211.421254609
186.239061815009
229.530721746002
252.019382982006
211.430213444004
203.982721618004
196.301415780006
271.617616475005
190.404370587011
196.012687310009
201.176948733
236.298714031008
222.504995803
165.270123513011
263.838502759008
189.310705787001
226.843376236005
196.836011079
208.97695178801
217.466276024005
236.730967464005
191.30314816001
235.384637149004
239.847943035009
214.926404388002
216.265115742999
250.522248797004
224.389951222001
188.800808042011
204.517289278009
256.660206884
223.20282798001
218.123576158007
245.857354117007
182.967793163009
195.124050110003
237.848356164008
175.506667539004
237.49801868901
262.60506708001
209.469636050009
213.398388602009
229.193373140006
259.049864981009
246.870435163004
238.716265090005
246.221542581004
195.913959053001
190.335040212005
244.566393881009
249.549752735007
208.18953486301
211.913882756008
226.617960522006
266.701563188008
218.476962440008
233.027264735007
254.00572341001
241.73604826801
200.235209229007
162.380209079004
223.775055369011
243.972355839006
256.398799402007
250.710355567008
203.965590914002
209.010418041011
150.834614578002
228.315213474012
232.252182793005
243.690631856005
179.996202141005
227.983166765007
255.584454979008
225.624691109005
191.949752741003
194.206278775006
225.562427793008
213.187146501014
215.746050860012
209.708415441007
192.271835594006
206.107842669006
188.533561910013
235.334345248006
203.574993939007
198.404456083011
234.779243754005
237.259188801012
206.207759876008
241.409138994008
212.485840221007
209.355791801009
227.784179320018
199.487024222009
262.602898750011
240.614226960012
243.248512043003
226.265210189013
239.392282147008
188.393437107003
249.05862759401
202.923202072007
197.769710108012
242.46028407201
240.553387281004
207.152975054008
228.663071925006
218.963697245009
231.724553644007
206.915710197002
196.498782766007
263.439005833007
232.772066510016
290.742421541012
224.998540598008
186.366385165009
267.739517710012
180.974027073013
186.800337350014
196.468174701003
280.080225552013
171.91652926001
219.326769777012
205.971009571016
242.246029434
276.575541915008
230.56235301101
204.29130015701
"n_200_d_15_tr_10_a_64x64_idx_2_p_mprt2"
281.786229148004
413.150166586004
407.769108792003
348.718779476005
402.987978074002
354.604385618011
424.400594878001
272.987828482002
332.085340188002
303.239362617006
268.726832372003
266.858315939004
349.23265497401
250.315263155009
266.794845431008
326.331570787012
"n_200_d_5_tr_10_a_112x112_idx_0_p_abba2"
13747.846976422
13747.846976422
13747.846976422
13747.846976422
13747.846976422
13747.846976422
13747.846976422
13747.846976422
13747.846976422
13747.846976422
13747.846976422
13747.846976422
13747.846976422
13747.846976422
13747.846976422
13747.846976422
13747.846976422
13747.846976422
13747.846976422
13747.846976422
13747.846976422
13747.846976422
13747.846976422
13747.846976422
13747.846976422
13747.846976422
13747.846976422
13747.846976422
13747.846976422
13747.846976422
13747.846976422
13747.846976422
13747.846976422
13747.846976422
13747.846976422
13747.846976422
13747.846976422
13747.846976422
13747.846976422
13747.846976422
13747.846976422
13747.846976422
13747.846976422
13747.846976422
13747.846976422
13747.846976422
13747.846976422
13747.846976422
13747.846976422
13747.846976422
13747.846976422
13747.846976422
13747.846976422
13747.846976422
13747.846976422
13747.846976422
13747.846976422
13747.846976422
13747.846976422
13747.846976422
13747.846976422
13747.846976422
13747.846976422
13747.846976422
13747.846976422
13747.846976422
13747.846976422
13747.846976422
13747.846976422
13747.846976422
13747.846976422
13747.846976422
13747.846976422
13747.846976422
13747.846976422
13747.846976422
13747.846976422
13747.846976422
13747.846976422
13747.846976422
13747.846976422
13747.846976422
13747.846976422
13747.846976422
13747.846976422
13747.846976422
13747.846976422
13747.846976422
13747.846976422
13747.846976422
13747.846976422
13747.846976422
13747.846976422
13747.846976422
13747.846976422
13747.846976422
13747.846976422
13747.846976422
13747.846976422
13747.846976422
13747.846976422
13747.846976422
13747.846976422
13747.846976422
13747.846976422
13747.846976422
13747.846976422
13747.846976422
13747.846976422
13747.846976422
13747.846976422
13747.846976422
13747.846976422
13747.846976422
13747.846976422
13747.846976422
13747.846976422
13747.846976422
13747.846976422
13747.846976422
13747.846976422
13747.846976422
13747.846976422
13747.846976422
13747.846976422
13747.846976422
13747.846976422
13747.846976422
13747.846976422
13747.846976422
13747.846976422
13747.846976422
13747.846976422
13747.846976422
13747.846976422
13747.846976422
13747.846976422
13747.846976422
13747.846976422
13747.846976422
13747.846976422
13747.846976422
13747.846976422
13747.846976422
13747.846976422
13747.846976422
13747.846976422
13747.846976422
13747.846976422
13747.846976422
13747.846976422
13747.846976422
13747.846976422
13747.846976422
13747.846976422
13747.846976422
13747.846976422
13747.846976422
13747.846976422
13747.846976422
13747.846976422
13747.846976422
13747.846976422
13747.846976422
13747.846976422
13747.846976422
13747.846976422
13747.846976422
13747.846976422
13747.846976422
13747.846976422
13747.846976422
13747.846976422
13747.846976422
13747.846976422
13747.846976422
13747.846976422
13747.846976422
13747.846976422
13747.846976422
13747.846976422
13747.846976422
13747.846976422
13747.846976422
13747.846976422
13747.846976422
13747.846976422
13747.846976422
13747.846976422
13747.846976422
13747.846976422
13747.846976422
13747.846976422
13747.846976422
13747.846976422
13747.846976422
13747.846976422
13747.846976422
13747.846976422
13747.846976422
13747.846976422
"n_200_d_5_tr_10_a_112x112_idx_0_p_flooding"
1899.108867782
1967.686979048
1991.578123276
2090.962947704
2221.110050181
1851.79744689001
1928.371613118
2094.305613968
1995.593518049
1834.672560735
2091.61135086501
2220.473211986
2029.52391483
1918.809231392
1939.85526445001
2109.239120742
2116.743166398
1996.657790421
1883.877317479
2040.343249113
2152.769412786
1906.577165684
2020.18113814901
1736.59459168901
1909.86541885501
1955.21454008701
2118.770919564
2228.84900680101
2102.58215905
1836.58889025501
1907.729313773
2036.337097667
1949.42057286401
1969.37867941301
2033.56761835001
1884.877712196
2098.61771768801
2153.634335992
2076.78651733301
1793.57892913301
1919.034850511
2140.80721033301
2063.43301060001
2103.77249016
1685.020014469
2214.107024287
2075.59262593601
1991.99667391201
2135.23747324501
1972.94200673101
2125.93881039101
1852.47399306401
2209.13406447101
1662.448718886
2031.08909480301
1976.030940154
1884.45570602901
2234.79999636901
1934.89220796
1764.09893241301
2008.202619274
1716.94616670501
1768.080858068
2179.12125365201
2032.05379131501
1820.04350567701
2219.486582136
1961.31450484001
2060.644448266
2079.76121144701
1884.427378537
2140.981666659
1713.07875197601
2196.644311687
1904.33643324201
1937.730424169
1950.289310035
2026.929045058
1936.18875939301
2136.20030738601
1990.396125137
1804.090298841
1965.04417826701
1813.10193942801
1794.40374293401
2029.373192918
1859.31661504101
1982.649022917
2295.545933757
1974.04787869001
1830.496182133
1785.38369799401
2019.898030459
2131.91829578301
1924.48825122801
1898.364723454
1884.29931229701
1853.456094138
1954.72545403501
2035.43080361901
2103.961448302
1814.21596475001
2158.923928612
1894.86451458001
1994.91930766201
1905.16431899101
2017.52987436601
2120.27477074501
1800.62875689301
2017.910768892
1952.396125669
1998.838609991
1901.35033975601
2234.863372802
2023.157679446
1824.96568135701
1816.15619433901
1946.30608086601
2081.05927490901
2212.73899558001
2107.39359744401
1625.11920058001
1811.90614645601
2034.30732543901
2109.038497566
2384.93799202401
1784.76539442601
2167.813542034
1989.85300517901
1871.51094074501
1874.840790832
2024.45359459201
1933.28364153201
2025.49911243801
1962.26172607301
1824.699861186
2106.24110253601
2115.04521070701
1709.267619431
2257.92432915201
2087.997718228
2103.34230935001
1967.22697006001
1719.035935797
1878.30386435401
1950.714452821
1983.85607009701
2026.56299177101
1938.82098357101
1784.12936914501
2154.713649355
1875.12224663501
2012.191035162
1826.65789288701
2113.86843781601
2200.43061492301
2109.92889094301
2256.09772685101
2123.507935287
1951.49440046501
1966.40782090601
1695.94027210002
1742.03250729601
2133.61652971901
2022.81423298501
1835.390805401
1744.26394690301
2299.14515679201
1988.08340394901
1749.76436865001
1926.225351688
1861.32975193101
1975.82693337801
1797.03878871801
1875.54685535601
2006.92642859501
2052.71488102701
2076.66205216901
2042.64548308601
1779.65437937601
1846.68630638001
1823.56844831501
2113.26197776501
1933.61265729301
1868.29961140801
1810.42274496901
2045.94431491302
1960.42623074601
2157.51075361002
2140.62323491002
2127.44240644801
2043.22103410701
2177.973481034
1992.954860227
2003.72331477801
2125.77564082102
"n_200_d_5_tr_10_a_112x112_idx_0_p_mprt2"
2429.06692493301
2047.08508703501
2356.676847252
2385.37209890401
2244.95113062201
2171.21164093701
2009.04372342301
2481.467252371
2314.922618747
1968.589381341
2191.32228735501
1952.87641860901
1991.78034057401
2212.33110704701
2150.44540826201
2109.50603683401
2262.801815003
1982.74386687701
2198.79909574401
1979.057466663
2111.94769719501
2145.877468287
2151.68387280001
2232.083142207
1819.126032824
2179.29156237501
2243.494023399
2256.146423743
1960.006529932
2094.702449003
1950.889481186
2336.778056287
2340.11027572101
2209.91608861401
2281.392133004
1913.71402737101
2026.36839561601
2258.360408774
2276.114061953
2285.66065125101
1872.97484006001
2133.84473983301
2127.376126862
2205.58605919
2244.72830145901
2275.666002301
2030.41333502001
1993.347332239
1938.857260741
2052.60051623501
2182.27563111301
2055.08161837401
2281.60213601001
2149.300372298
2105.774205888
2115.50143612401
2229.21935731001
1908.99159938401
2143.451540553
2186.88649713501
2207.56395933901
1894.71925848601
2306.053101698
2114.08558338901
2402.89976780101
2205.49684443601
2096.36099550001
2225.67018418501
2015.60714153401
2096.72620586701
1982.23044068801
2062.898068423
2415.12985842001
2062.892235162
2136.07476773201
2132.40322420201
2018.60531378001
2175.63144546701
1885.62242110701
2255.46129427901
2143.94137919201
2209.79092444801
2150.13879079701
2152.50668081001
2022.12346423701
1950.64012325501
2151.58088582801
2093.330625939
2232.69045052401
2487.62482765801
2284.451304741
2094.71556582701
1957.37998135701
1968.46015026601
2218.75946343001
2307.308421473
2284.64830302601
2278.70032055701
2107.29742307601
2302.05250660001
2192.73773148001
1965.74250248101
2183.60187956701
2086.39685691901
2291.86580634301
2078.92622089601
2146.12573676901
2170.93634491101
2013.74907930801
2145.80165897701
2172.33153731401
2026.55249027501
2515.262794782
2258.66160631101
2126.54773953101
2135.37799475001
2295.08371274501
2204.85196268401
1923.76234424002
2050.87150075201
2321.41098893201
2328.87225600501
2045.02476656801
2134.79114313401
2178.31625393801
2391.47289589901
2211.84622052501
2181.48130473601
2063.18668531002
2085.374897253
2505.126299772
2327.706022009
2213.27127900701
2208.99187990003
1791.212282572
2277.701311878
2191.46397723301
1992.21519338101
2146.62870015302
2451.16652826901
2255.196563604
2234.83442580201
2154.11300116901
2049.34385380601
