"n_200_d_5_tr_10_a_112x112_idx_0_p_flooding"
5.705
5.705
5.635
5.64
5.695
5.615
5.705
5.705
5.695
5.695
5.68
5.655
5.66
5.68686868686869
5.675
5.695
5.675
5.645
5.7
5.68
5.665
5.685
5.65
5.705
5.535
5.63
5.655
5.665
5.705
5.63
5.695
5.66
5.67
5.69
5.675
5.66
5.635
5.695
5.705
5.595
5.68
5.675
5.705
5.695
5.61
5.705
5.63
5.65
5.655
5.65
5.685
5.69
5.7
5.63
5.625
5.695
5.68
5.615
5.645
5.675
5.69
5.705
5.63
5.65
5.64
5.655
5.635
5.69
5.645
5.65
5.695
5.645
5.68
5.64
5.655
5.65
5.57
5.69
5.655
5.685
5.65
5.625
5.74489795918367
5.7
5.695
5.7
5.675
5.705
5.645
5.705
5.7
5.635
5.61
5.705
5.64
5.665
5.65
5.685
5.69
5.675
5.705
5.615
5.685
5.64
5.68
5.6
5.65
5.705
5.63
5.65
5.665
5.73469387755102
5.705
5.675
5.64
5.705
5.66
5.665
5.705
5.685
5.655
5.67
5.65
5.675
5.655
5.68
5.675
5.68
5.66
5.72222222222222
5.655
5.655
5.7
5.655
5.655
5.655
5.695
5.68
5.645
5.695
5.655
5.625
5.64
5.64
5.66
5.685
5.595
5.665
5.67
5.69
5.685
5.665
5.67
5.705
5.595
5.695
5.69
5.695
5.645
5.65
5.67
5.68
5.645
5.65
5.64
5.685
5.68
5.67
5.665
5.635
5.69
5.655
5.655
5.685
5.705
5.665
5.62
5.655
5.655
5.665
5.67
5.68
5.675
5.7
5.65
5.69
5.635
5.685
5.7
5.695
5.685
5.20454545454545
5.685
5.66
5.68
5.675
5.67
5.655
5.675
5.68
5.65
