"n_200_d_10_tr_10_a_79x79_idx_1_p_flooding"
10.235
10.22
10.225
10.175
10.32
10.295
10.375
10.33
10.165
10.21
10.235
10.305
10.285
10.225
10.21
10.165
10.215
10.32
10.34
10.23
10.205
10.16
10.245
10.225
10.29
10.315
10.29
10.275
10.19
10.185
10.27
10.305
10.295
10.255
10.29
10.29
10.125
10.325
10.22
10.2
10.23
10.155
10.355
10.175
10.28
10.225
10.305
10.31
10.245
10.29
10.18
10.325
10.27
10.265
10.27
10.25
10.255
10.27
10.135
10.22
10.17
10.38
10.185
10.185
10.24
10.22
10.15
10.21
10.18
10.285
10.285
10.22
10.175
10.205
10.305
10.295
10.28
10.325
10.29
10.375
10.315
10.14
10.31
10.24
10.255
10.22
10.255
10.335
10.095
10.205
10.3
10.22
10.15
10.03
10.3
10.37
10.235
10.295
10.25
10.13
10.295
10.32
10.14
10.245
10.34
10.285
10.145
10.275
10.27
10.195
10.13
10.27
10.175
10.32
10.235
10.215
10.25
10.275
10.195
10.275
10.145
10.165
10.065
10.275
10.26
10.2
10.295
10.185
10.28
10.19
10.325
10.295
10.16
10.305
10.25
10.275
10.21
10.13
10.16
10.205
10.29
10.2
10.33
10.325
10.28
10.24
10.33
10.215
10.285
10.235
10.2
10.215
10.065
10.23
10.335
10.215
10.225
10.215
10.235
10.215
10.28
10.27
10.27
10.24
10.21
10.34
10.22
10.195
10.145
10.36
10.165
10.3
10.095
10.285
10.345
10.14
10.295
10.25
10.265
10.265
10.17
10.255
10.3
10.295
10.355
10.24
10.23
10.165
10.365
10.2
10.085
10.195
10.26
10.385
10.205
10.195
10.295
10.315
10.195
10.195
10.37
