"n_200_d_15_tr_10_a_64x64_idx_2_p_abba2"
5.76
5.76
5.76
5.76
5.76
5.76
5.76
5.76
5.76
5.76
5.76
5.76
5.76
5.76
5.76
5.76
5.76
5.76
5.76
5.76
5.76
5.76
5.76
5.76
5.76
5.76
5.76
5.76
5.76
5.76
5.76
5.76
5.76
5.76
5.76
5.76
5.76
5.76
5.76
5.76
5.76
5.76
5.76
5.76
5.76
5.76
5.76
5.76
5.76
5.76
5.76
5.76
5.76
5.76
5.76
5.76
5.76
5.76
5.76
5.76
5.76
5.76
5.76
5.76
5.76
5.76
5.76
5.76
5.76
5.76
5.76
5.76
5.76
5.76
5.76
5.76
5.76
5.76
5.76
5.76
5.76
5.76
5.76
5.76
5.76
5.76
5.76
5.76
5.76
5.76
5.76
5.76
5.76
5.76
5.76
5.76
5.76
5.76
5.76
5.76
5.76
5.76
5.76
5.76
5.76
5.76
5.76
5.76
5.76
5.76
5.76
5.76
5.76
5.76
5.76
5.76
5.76
5.76
5.76
5.76
5.76
5.76
5.76
5.76
5.76
5.76
5.76
5.76
5.76
5.76
5.76
5.76
5.76
5.76
5.76
5.76
5.76
5.76
5.76
5.76
5.76
5.76
5.76
5.76
5.76
5.76
5.76
5.76
5.76
5.76
5.76
5.76
5.76
5.76
5.76
5.76
5.76
5.76
5.76
5.76
5.76
5.76
5.76
5.76
5.76
5.76
5.76
5.76
5.76
5.76
5.76
5.76
5.76
5.76
5.76
5.76
5.76
5.76
5.76
5.76
5.76
5.76
5.76
5.76
5.76
5.76
5.76
5.76
5.76
5.76
5.76
5.76
5.76
5.76
5.76
5.775
5.775
5.775
5.775
5.775
5.865
