"n_494_d_0_tr_20_a_250x250_idx_0_p_abba2"
0.065856199303232
0.066225949196997
0.072333042907424
0.065473187797053
0.06272547896312
0.068121020104448
0.063260386101455
0.0642748235304
0.065597345219822
0.072755763647002
0.067842701942444
0.072066216615208
0.064654390991512
0.072127214627017
0.067335075804405
0.068344909532708
0.065488667281581
0.067290184524251
0.062364782030328
0.066599232256309
0.066342368472066
0.066141896641077
0.072118250640823
0.069548138323149
0.067200057516341
0.064388365456999
0.070440018178533
0.064767143414267
0.067270433731102
0.067107348347348
0.067086869744094
0.069940853723621
0.065070387934021
0.06406452427505
0.069532805337623
0.063379443959718
0.06416062606835
0.065525328795232
0.072210599020682
0.066389011288368
0.078502669207214
0.078340495552363
0.067683989480315
0.064585651959099
0.069268084034924
0.065631604517918
0.065757530964738
0.064575091320104
0.071845997574867
0.064842522019043
0.065858328410397
0.064274739633352
0.066521886904572
0.06656064469608
0.064329821559227
0.066497285125537
0.064667275396198
0.065682872700465
0.075154738831326
0.066613989139688
0.063913699448425
0.066368188011578
0.064613639634596
0.064622776118349
0.066809547962537
0.06954754829857
0.06713889612141
0.068690561950568
0.065824889192987
0.067943930809179
0.066877197066883
0.069645120010717
0.067204212411458
0.071753161246188
0.067667522956956
0.0666729431945
0.06902580059371
0.067577950866124
0.070791202449666
0.070058283606863
0.065246558077077
0.06302473682485
0.065763608965022
0.067031494003801
0.066072106312957
0.066190814869114
0.065879928800599
0.066615633041975
0.067664248994997
0.067342504117279
0.066806903081631
0.068289859647685
0.072174907732253
0.067191781011376
0.067310024642943
0.068084759922119
0.069918261417043
0.071114612163326
0.068618183172913
0.067798327292303
0.070673568262605
0.06212889408967
0.072224560890604
0.071855687181895
0.06645421010994
0.06874943577731
0.063114951502351
0.067658690041795
0.069694036307383
0.061544882601999
0.068978414101827
0.071328267673509
0.067145704538232
0.067201951523332
0.066162981193156
0.063203014264105
0.069901239967671
0.072768948422298
0.063044329524726
0.068339638505199
0.065717554646544
0.068222473362581
0.070433726691496
0.062226180438576
0.062948586522079
0.064687489400312
0.06177836806356
0.074246208638784
0.068224347963697
0.066875738827979
0.082768783204057
0.06592502186365
0.065412005165355
0.073190366068604
0.066576053107287
0.066911250652451
0.064316457814648
0.067287055092914
0.074225398292249
0.065140533209012
0.080555991114686
0.066997197904747
0.08213553207425
0.068696680552793
0.069056612763304
0.063635111777995
0.076475018399846
0.066705007096406
0.071388110809855
0.069028216990723
0.066328881087288
0.065356026892586
0.071708112572155
0.070327275335869
0.069993434164419
0.076296727069419
0.074701975698421
0.064401677651323
0.074401986232861
0.074428942110511
0.064204612777004
0.077103310484391
0.06423507693586
0.073747892294881
0.077573410160764
0.073674562568276
0.075235053884762
0.066667311793738
0.064177323546884
0.07461489308291
0.074908889101419
0.060060976192585
0.073497049705227
0.075769620670904
0.067473121667681
0.066628370642712
0.074647247479707
0.067222311464762
0.067397010169025
0.068333904634768
0.067503705403408
0.071118297970858
0.067000478668505
0.076885223418122
0.072051317856441
0.071903159932648
0.066948327733756
0.07459619226397
0.064752911547036
0.077094411347333
0.070614735085372
0.070262648810932
0.075182277394506
0.068955427594194
0.072855758436236
0.071726574401565
0.064357647764643
0.064790415462025
0.06837911905803
0.069126229833744
0.068215030750162
0.072399768198792
0.069967758430455
0.066531197462749
0.07227047474349
0.067946176983425
0.069827052199198
0.075280164618024
0.07449306079407
0.071874706126406
0.067167849318635
0.067334021182663
0.070084469922723
0.063274789160149
0.073045469425418
0.065084170489199
0.069482819498374
0.07247986784892
0.072027972939615
0.07649713740004
0.07559902316042
0.075116503124176
0.070799523854068
0.0709787973365
0.071484838780848
0.077919021124481
0.077238047995364
0.077359865194867
0.077482507803215
0.078373124753402
0.078584452778124
0.060969199529851
0.077298043794858
0.066305200095538
0.072793191595516
0.063327441194805
0.061953449133089
0.062172209360446
0.063525185941823
0.063464476243306
0.081600974979779
0.066679499824176
0.065128475337555
0.067453205677549
0.071201361002382
0.065098129419868
0.072707967132604
0.063726278631255
0.064638680340922
0.064855062955439
0.07142665270586
0.063172378168784
0.066371444987378
0.066868089789923
0.067205300178741
0.070375941742719
0.062952934487106
0.07056550810322
0.071549871038564
0.067812920407113
0.078148069374823
0.070160199414522
0.06804612662764
0.064588174256778
0.066624635942126
0.077534377454686
0.066265478160654
0.065010841119207
0.068397701858346
0.069258459690806
0.077516023101447
0.076705118619327
0.06756558614199
0.069219514465923
0.074660814318536
0.068208843414922
0.067959064897638
0.067904768842784
0.068028192838755
0.073811350661984
0.068951161998561
0.068130100105723
0.074197207420382
0.065778664678485
0.064624226034542
0.077896934311733
0.062129680144794
0.076246639250276
0.077779759303966
0.077892876729737
0.07804586575132
0.065930324743555
0.077433781836866
0.077963125625916
0.072700053658134
0.068606149113919
0.074153722974556
0.072199366084976
0.07393388545574
0.065342776211011
0.06097798907647
0.06254167776627
0.072560493490497
0.068293875114448
0.067074436965044
0.064801741995124
0.068450770120314
0.06540482818612
0.065453893327523
0.066637374239399
0.062852935962527
0.066917332079007
0.0682551799116
0.069728066236522
0.065448542633919
0.082008080279251
0.081877387030595
0.06952781485849
0.068370623053736
0.069604892632288
0.066006845141232
0.076146124611688
0.064802672301187
0.076852333487909
0.077628759937998
0.066045978108177
0.076602593189785
0.066077885477359
0.065071635258157
0.078035095766616
0.078051793794741
0.075298082378413
0.066376791189964
0.066449808448191
0.061948745567936
0.067085142947421
0.065642277781965
0.061762355128713
0.066765991242574
0.074438927283382
0.071678809826011
0.078016651073109
0.077861153507889
0.07628006643304
0.077883683184225
0.06672907149491
0.077848253510994
0.077124241725947
0.078341767686464
0.074827198174698
0.076234250468093
0.074219852557465
0.077078251712072
0.06695772037389
0.06978976115313
0.071144472826806
0.067514625363645
0.07297283604916
0.068275484110469
0.077379099041964
0.074635600165958
0.077137116570919
0.075641152415621
0.076473533806501
0.07635256436789
0.075741292879047
0.0735532762322
0.076903810977021
0.075344830284766
0.075870951277557
0.075209481436153
0.077392071539709
0.071553247312817
0.071041387363935
0.07204118877344
0.077062357046588
0.074646018955657
0.077524946623246
0.077970266921052
0.077624079031766
0.060945999445208
0.077949516254044
0.077735103138135
0.076354697980061
0.07685362091385
0.066534247247381
0.074927505550168
0.066044965542861
0.067090440053207
0.077363831960601
0.077298273789351
0.072779332492416
0.073334747751561
0.063399888
0.067802953704073
0.067964401424079
0.068949395126964
0.069466572205037
0.067829941063892
0.073998213398079
0.07387021346804
0.077764419076672
0.076505832684747
0.076498360765983
0.071866564217474
0.069036670817152
0.071985550320208
0.074432576937411
0.074036513678068
0.072830231601328
0.077227860263119
0.077917761596661
0.056378832343507
0.075051260892301
0.064237994099336
0.06001474870789
0.056380624240693
0.073852179020091
0.074094192423773
0.074545219578634
0.071898878021799
0.075341309381395
0.076631718832806
0.074769297151609
0.073978974357131
0.074928889172737
0.077462007131257
0.073541073034941
0.07394366499524
0.073700818984146
0.072962528409913
0.073789392076846
0.072626767325475
0.074571015090839
0.060893072
0.068808974926149
0.077176828942022
0.059472944204771
0.077209830308911
0.075177366180374
0.077457965431246
0.059379760299505
0.060831952130664
0.059385136174831
0.066861539563304
0.075465110012521
0.075943560060538
0.076062865730963
0.076772946452214
0.072132649039733
0.077610665434379
0.077912050755108
0.075169443794616
0.076327850310735
0.066570854880459
0.066197898544341
0.066790662115532
0.076855093473958
0.073978166259809
0.076388625989681
0.077204851945669
0.074887995996278
0.073033028401692
0.072549197931931
0.063460144269663
0.059143984110222
0.076635650246649
0.074269944515584
0.076879516464036
0.076449648127749
0.060367600121918
0.064887550080977
0.056386576
0.077741777910726
0.074424262430353
0.074199273255008
0.074518112593778
0.060649861973067
0.060422960178724
0.076455820015698
0.075894964602742
0.05632328019731
0.074418455654579
0.073966330957375
0.073797188106478
0.07533060628714
0.075928098723528
0.076518564281058
0.072296727013787
0.076370314195234
0.060503504112002
0.060559056
0.074825026288947
0.074614144972387
"n_494_d_0_tr_20_a_250x250_idx_0_p_flooding"
0.080806685247526
0.082218174839246
0.079656697319819
0.082609825961551
0.081490646729506
0.08242016560471
0.081965286242664
0.082559024163593
0.081296492995096
0.079516278403819
0.082295479915631
0.07952805279361
0.083165234859181
0.079460397036784
0.082643496136803
0.082150380600797
0.082907628132183
0.08195889226887
0.08107998233453
0.081787549916155
0.082520164685043
0.081124624730963
0.080984291934695
0.082479319752029
0.082617362336525
0.082659763262795
0.080784010855738
0.080536391376303
0.081847444490006
0.082778228918407
0.082262627878825
0.080459509505235
0.082010966204946
0.081354614249908
0.082234605923925
0.081952938901788
0.081249838081619
0.082452553151528
0.080925325666529
0.081268318715592
0.081755235204811
0.080843581012148
0.081991697810368
0.081536758751877
0.081973183559585
0.082046507854304
0.082596347671406
0.082749092853965
0.081342299259839
0.08302487845454
0.082582619600123
0.08267922606943
0.082835267363333
0.083424956607828
0.082253473632919
0.08268967252272
0.082440423374232
0.082582422689861
0.080705975030294
0.080975247171737
0.08267063832343
0.081259638456524
0.082639734007966
0.081746268508863
0.080992493999452
0.079585856823932
0.082315825619727
0.083047966271132
0.082570615243653
0.080564838362349
0.082515629552199
0.08222157294255
0.082897923799134
0.081149488874539
0.082426369502056
0.081927504417999
0.082336170056443
0.081875577934699
0.082847282629739
0.082281898630905
0.082566529179309
0.081122372098971
0.082856583970108
0.082802170429945
0.082954374394298
0.082425445040632
0.082375272543772
0.082105928605676
0.082837331497509
0.082762725274284
0.08285629416178
0.082219245697207
0.081115384648205
0.082417635170812
0.082969622756734
0.082180427790118
0.080970946998292
0.082081773393502
0.083033925957092
0.081673796017581
0.083081753938352
0.080450147219729
0.081367025516125
0.082844765593018
0.081461286936749
0.080769265499413
0.082073941804223
0.081631890745593
0.081878316036597
0.080261603589435
0.082587615002627
0.080898611659223
0.082295195559225
0.082232975437857
0.082424458228551
0.082082716190296
0.08197730841907
0.082154817253458
0.081726121828341
0.081506237666862
0.082126608476473
0.08163195394624
0.082813661584883
0.08019950184866
0.081944153717263
0.080429747550893
0.079344255144298
0.078687581257891
0.078984379819959
0.082971962688945
0.082030482173034
0.082119752960482
0.081568105614607
0.080301731322792
0.082242122324922
0.081635849501833
0.082712056167176
0.082303326834673
0.08140267578751
0.082695953585852
0.081042976893651
0.081541989565537
0.081605480419969
0.082220041193452
0.081859022816128
0.082061112396009
0.082430288933505
0.082582594830937
0.08200076679928
0.08312365105312
0.082003791329974
0.08308363354605
0.080538294528581
0.080199261944231
0.082377569377264
0.078503994847456
0.07441498124333
0.066690208851999
0.074214688551526
0.074289314622695
0.066577925904911
0.078465595501247
0.066612351879954
0.074644492955377
0.07793751916664
0.078132413078054
0.077592100468358
0.069288408614561
0.066565724157452
0.074609063308207
0.074664133511512
0.062071986991048
0.078144866487643
0.077603367756193
0.08199749208412
0.08197568823047
0.078123876238179
0.081496462040376
0.081521049670736
0.082631147551767
0.081091067192124
0.082378040051235
0.081865820502767
0.077679299890381
0.082332124175925
0.082496310302591
0.081568526589307
0.082379726749828
0.081661313314892
0.078863373106741
0.081690373887754
0.080733376044629
0.078248984901847
0.082472292790785
0.080072136697513
0.079054246983779
0.082852448165132
0.082688500578824
0.082569957984647
0.082468475298629
0.082409046837962
0.081784270391137
0.082893434460761
0.08265656869012
0.079850780777629
0.081982672093548
0.081355209486922
0.078962381569404
0.078718854464438
0.077307136650632
0.081360067969528
0.082681598599753
0.082084860904835
0.082188122364823
0.078163460600898
0.082207031595907
0.078082616071697
0.079901685641035
0.079680864406311
0.078423117424069
0.078735500487783
0.078079231733214
0.075140920516588
0.075271000326771
0.075744865795731
0.077889088454722
0.077389911297989
0.077807056800207
0.077489053923012
0.081052686141533
0.08075622906023
0.080563529134403
0.080804099181483
0.080798800941296
0.081408658605307
0.081767435594336
0.080961794844949
0.080796924344002
0.082537659636346
0.082222374056735
0.081256376180383
0.081805247876781
0.081766897457587
0.081556724837655
0.082493816331373
0.081443506121743
0.081447731476982
0.082245412538989
0.081898052732607
0.081420354613833
0.082034369019941
0.081328786348602
0.082014178543923
0.081542854642298
0.08338186171385
0.082135422090712
0.081369218835809
0.08133359313418
0.082309061032277
0.081390101877552
0.082052517807475
0.081808175356593
0.08131991881299
0.081540808556142
0.083246665678051
0.077789727946874
0.082012736669744
0.082774644163548
0.082599238637341
0.081083388327633
0.077718373157538
0.077994456679094
0.081164726780125
0.081869018869363
0.079030117656123
0.082074843451675
0.082005466406734
0.082269414309872
0.082258647602651
0.081839080601599
0.082169621031278
0.080945695423841
0.07912548987024
0.082204268301773
0.080833835594927
0.077688137466764
0.063458512919669
0.079506355618847
0.077688457389735
0.079830129312902
0.077726038751858
0.080659345185249
0.078791284143825
0.077748171352634
0.078790139039077
0.0798726203332
0.07885260622308
0.079115191101195
0.079538552028662
0.080548722647555
0.062414995779762
0.080570606338081
0.0792124169062
0.082090439696302
0.082354119430089
0.081837684794426
0.081705114333572
0.081993345424717
0.082993894083581
0.081933162995
0.081749936021433
0.081763487193793
0.081683513322235
0.081784277960917
0.082503705398567
0.081846636630337
0.081709925575877
0.081253656708938
0.080537963890126
0.081291492068818
0.067962128923244
0.077679269622924
0.065376064104917
0.077746212399332
0.077771157587694
0.067990202432628
0.077556709185463
0.068023610809808
0.065552973927436
0.078102503268368
0.078124949097343
0.078349771190301
0.068887962329966
0.068966436882972
0.081131717119105
0.08046991001865
0.080583735905699
0.081003727633627
0.069395870111467
0.074327635189299
0.079512998514687
0.077793956941917
0.077575073948878
0.078719861095868
0.078000272141974
0.0802130784233
0.078091828351548
0.07778240527878
0.077926691951469
0.078456871539321
0.077816545191825
0.07867592985355
0.077756432691006
0.080128396417709
0.080069628220927
0.079894350995669
0.080992978113511
0.078379449687196
0.081580354842524
0.077933452476373
0.07852196973899
0.077389284749722
0.078130126800156
0.078349234448652
0.078138094233914
0.078294800892955
0.078091469467685
0.077984361639358
0.078070251477522
0.078319047669814
0.077885456428306
0.078239434792339
0.077597402528845
0.07921837220459
0.079460173709534
0.077910650671046
0.079221825328822
0.0779533809557
0.078098739216049
0.077763781854176
0.062385031725581
0.078863729436649
0.077609313182593
0.078288784073379
0.078281491032535
0.081824586173695
0.078082948480402
0.081520142113385
0.08152013361635
0.078151302002252
0.078520324544405
0.077893285704303
0.077922173145868
0.065034832
0.081458486346012
0.081528312499076
0.082175310820336
0.080811138349592
0.081820095963838
0.073799161413797
0.074160689025347
0.077682685090343
0.078581587787448
0.07794870898031
0.074332320032975
0.069126833155322
0.07828673862916
0.07824549443724
0.078165707080092
0.078333435335611
0.078592347903686
0.077998820204728
0.056381264175381
0.07832944856451
0.066588988145283
0.066601119782619
0.056380624241353
0.074118560231378
0.074092834939333
0.074520326391379
0.07400819053041
0.078177999851807
0.078782402591916
0.078476516955896
0.078267321310345
0.074631571853044
0.077448448855803
0.074430408257013
0.07456421138865
0.074504298007328
0.074118141665481
0.074299074919373
0.073925625268865
0.07448026347622
0.06245032
0.070222449173942
0.077149588847368
0.059545268727943
0.077605887059361
0.077414328098221
0.07744041121087
0.059452085504061
0.060834896130664
0.059459248856215
0.067236465391454
0.078268306171173
0.07781772886132
0.077738014303937
0.0769958349197
0.078548474063376
0.077687292794832
0.077631489055383
0.078364244944642
0.077889925054237
0.069183352552873
0.069122774642624
0.069444890122059
0.078386105534377
0.073902814379996
0.077312819261685
0.077126037032104
0.074542657483486
0.074594258310031
0.072565781952168
0.065914032096698
0.065884848110222
0.077978908336951
0.078138028965935
0.077959621109043
0.076934193017834
0.061594377976656
0.065405396692456
0.056693008
0.07764111891463
0.074618758319953
0.074233138772885
0.074501413447783
0.060835025951201
0.061962288194147
0.077663006992431
0.077469537357947
0.05632392019797
0.076658837326857
0.074025535511455
0.073810520534106
0.076634487313282
0.077232282317142
0.076769080572061
0.074446202303759
0.077196212153938
0.060695250433087
0.060745424692319
0.076325747931088
0.076088050122152
"n_494_d_0_tr_20_a_250x250_idx_0_p_fullyAdaptive"
0.062099189165294
0.06203036216017
0.063163492177155
0.066033254249454
0.062864339325194
0.064436676401925
0.08313448314566
0.064196839147713
0.062121814278503
0.081528863967177
0.065476192993042
0.072953010754524
0.063480412823757
0.063723784124183
0.070372839528222
0.062518594649726
0.081431168737613
0.062425410451129
0.06562826041953
0.064470632528837
0.068644017053336
0.064437266435873
0.067427274113813
0.062617349395716
0.063716456391682
0.064337951222553
0.063365443323653
0.081538489504733
0.083611172184806
0.06402258059922
0.064780218256973
0.062004577818379
0.063659933541362
0.063772582716489
0.062556656291241
0.066434836869614
0.063498919805688
0.062655216634428
0.065897517145144
0.062431944537615
0.063165727125107
0.063277092092629
0.062358525310415
0.062471035092251
0.062862210625955
0.062882972743828
0.075990365231257
0.064206296809085
0.075150265553641
0.06336587895275
0.063553379398707
0.06464527606667
0.064647069500385
0.0638465674345
0.082156469799631
0.062311643971995
0.062141933117254
0.065040620318456
0.06467139128771
0.062772795671243
0.062011795269615
0.062486208903859
0.065032694613007
0.07630294208453
0.071556775344489
0.062824647384675
0.081790734107184
0.065188398271976
0.065105810104183
0.070113930284213
0.07799867126384
0.062211129497122
0.065656346195554
0.069990045992843
0.06424578794932
0.082623073291823
0.065966954838465
0.063204430515027
0.064521943538603
0.063673005832432
0.061583668710683
0.06463343045759
0.068456048151179
0.064080567221193
0.063366579691024
0.064151832940115
0.064277535854349
0.074703688912597
0.06275137530607
0.069804195283928
0.074839673210064
0.063201739694977
0.064440000122982
0.061994844644038
0.06299073352564
0.063504761795933
0.062709310708333
0.064745712125104
0.061900026622855
0.062676110769006
0.063149168507139
0.068031412723321
0.063797672350373
0.063890038091832
0.063070834589568
0.061553804655857
0.080982447118168
0.075657237839771
0.064030599869062
0.067409603926206
0.083959181025719
0.065397305262524
0.075735401308228
0.063906403590221
0.06471646758267
0.083593753390555
0.069863009461383
0.072164196700637
0.065513102701659
0.063448489604345
0.06400503459351
0.06744206888694
0.066071511860938
0.064124379145439
0.081533360047081
0.064663143649348
0.064306911140381
0.063980574910771
0.075286339859716
0.074881662724285
0.064593475536986
0.065426478220902
0.064703919174584
0.06458081847563
0.064344927935136
0.063586637293861
0.064685165293922
0.064986285604808
0.065084892826511
0.074692940408904
0.073998012127192
0.065519207607185
0.06558804276786
0.066120071312772
0.063725420606455
0.064598483407723
0.078266203266165
0.065512502471927
0.064473659481953
0.063298474763011
0.07784862312137
0.067431822203505
0.064940815697739
0.067455385340559
0.065251891769508
0.081927411483506
0.064224079726909
0.064474259674414
0.064347913358539
0.076866012475108
0.067948965876341
0.063682176353513
0.084378223404708
0.063879283861866
0.06454911600075
0.077098695184919
0.06631888008316
0.066203114351136
0.083873964649036
0.063812965428325
0.063427584373829
0.063800417711168
0.065464129803256
0.064114110530214
0.066338876376116
0.063334221760539
0.06430875870845
0.06335463928799
0.063435154066257
0.065484027228606
0.083346608777157
0.063372171924461
0.064622892857383
0.069377185427504
0.06355873991357
0.063327374378266
0.066897580166941
0.063327373445702
0.064395620941841
0.064603285441999
0.064139706308221
0.065262916172646
0.064216993680971
0.064196566713146
0.08400762724117
0.075263345382078
0.063674777545697
0.063652456504036
0.065379349946973
0.063869991800743
0.076581588459607
0.063898039604337
0.06386591584694
0.069945466539022
0.063903566282693
0.063910262956132
0.063885081327983
0.065875423415433
0.064762505799589
0.066989225533612
0.07363534225624
0.069630329639852
0.062871618721916
0.069246658368397
0.06280642155314
0.063436892476665
0.06350669207662
0.062706939401892
0.064388434932921
0.062974938179366
0.083248841557368
0.077804938295578
0.06974347394881
0.063057500851737
0.063078700764669
0.070590162350002
0.063431276764727
0.063022281520039
0.0630750127177
0.062267577566609
0.062484151912989
0.066329293131367
0.062989184903071
0.072457351537483
0.063540879725843
0.083314979674476
0.063296628953032
0.066196649322819
0.067334028685549
0.063302021078712
0.06364054457716
0.063897888586675
0.071853413114502
0.079045351085066
0.076939836885875
0.076328697237807
0.075871451859549
0.072196380964938
0.063953545769075
0.065866395861634
0.07550853579041
0.071688897100902
0.069585136776215
0.063234785070258
0.068837802252673
0.067696471270196
0.061944227816652
0.062730450001671
0.062477366168483
0.073092216153498
0.075400501311673
0.066572830215152
0.06303869082888
0.066104816959109
0.079877672519644
0.062918085483893
0.062910096171699
0.062919667635195
0.075906145297676
0.077213972179505
0.081656694391895
0.075151168043456
0.076380793196721
0.070991697562713
0.073945927663388
0.076741686419599
0.062442080754289
0.062303143439386
0.061982047526456
0.061682770226386
0.081557804998573
0.062922649593696
0.065469334132905
0.075335327130217
0.075389915379341
0.074709133311629
0.064066350020814
0.080031705597541
0.080048398907943
0.063560915255574
0.063939733953222
0.063970306810284
0.063094629530132
0.067758445147956
0.075031455027234
0.071472538968216
0.070336690199966
0.06139557394671
0.061302251830751
0.061479660457088
0.075034304015856
0.075793296927685
0.070737780065553
0.074462043932033
0.075920371497473
0.075255033005237
0.071096970510476
0.076479530405787
0.075459248674211
0.071550215229146
0.071788298759666
0.070604387124612
0.070989159439931
0.07124047146857
0.071094682604224
0.075158205423411
0.070494028768326
0.070831292987492
0.075187734847882
0.070451157724286
0.070319049168734
0.077209406980836
0.075702537195637
0.071309154217678
0.070888827005204
0.07083476030018
0.075477421721311
0.070776005078108
0.070468354321372
0.070840442798697
0.070588536256802
0.070897530945421
0.07076007764542
0.07072681711455
0.070651393999129
0.070490107135335
0.071119058933106
0.071388206362163
0.070868715030831
0.070736626738859
0.071180466472152
0.071663196680637
0.071506311048616
0.071279540278106
0.060689684039721
0.060662130016134
0.071048862853311
0.060734575863277
0.071278228235979
0.071339964087443
0.070894862839146
0.070603172259445
0.069327143883419
0.070895040712845
0.070774359118617
0.071039162406473
0.069108993583457
0.068993727215425
0.070867156964702
0.070932679667113
0.070689342354231
0.070804659000192
0.071053189134834
0.075518909416383
0.070814421424787
0.07087881664792
0.070969136591987
0.071276408956332
0.070836785012966
0.070556582538135
0.070769932043298
0.070950901028615
0.070650508285303
0.070915284466196
0.07055458396394
0.070798034464741
0.07051374848103
0.070689158682932
0.070162561919142
0.070679464774822
0.070791151569568
0.070666244711743
0.070643537324211
0.070969741263307
0.070272341925061
0.07076965058591
0.071003384715161
0.0704440882289
0.070353440658686
0.070563488427697
0.070677893380253
0.070938117432034
0.069983047814508
0.070725810285317
0.070664595653233
0.070270855624593
0.054089509152263
0.069698375077521
0.060425069827064
0.070681429613637
0.070729746039377
0.070140841628409
0.053435622521508
0.053571908697058
0.07049449442036
0.065557106925181
0.070029044400094
0.062167086678186
0.070647526017355
0.070794856943732
0.07026728724747
0.074985341128807
0.070990096980036
0.073170646526101
0.075293340067331
0.070983097103818
0.071116696880488
0.070840123179309
0.071202750045593
0.070655257719784
0.070645663325862
0.070782693455997
0.070684928594779
0.070465539061966
0.069465154577403
0.056819949242142
0.054791049078519
0.055569064737462
0.05556650158529
0.055884854434796
0.064180172232471
0.068680009260765
0.068754890335086
0.068803872237846
0.067240887602183
0.067327099696413
0.067763802518981
0.067491088266127
0.067704855426646
0.067765798260573
0.067857126507919
0.067828646215402
0.067829013911856
0.067644682568189
0.067483775314596
0.067986314863919
0.067677020147304
0.067818250018651
0.067900535653146
0.067856887011236
0.067674921894296
0.06763245599082
0.067561171609063
0.067472770528646
0.067307255721879
0.067080992927995
0.067233455732118
0.067650540248586
0.067071544937456
0.067701561503184
0.067964176716219
0.067539791322504
0.0674136339663
0.067792325001618
0.067530720210851
0.058744627930336
0.062329156579827
0.062315469634633
0.062175425408924
0.062014301390451
0.062177795822809
0.062114054499579
0.062328314066242
0.059219240374861
0.059100635117294
0.059139021463454
0.059094577673046
0.059205968905265
0.059116605631649
0.058746399180708
0.058863155065827
0.05500585122784
0.055038103649736
0.058766539944019
0.058740134640514
0.058385814354912
0.05020621022032
0.054250284671326
0.052857904007975
0.052639002666378
0.052542231721949
0.049671067436284
0.04976613808226
0.049572507462766
"n_494_d_0_tr_20_a_250x250_idx_0_p_mprt2"
0.068401190303543
0.064577367547152
0.063930771507566
0.058119953383522
0.059393962303814
0.059402267852209
0.05887090718185
0.061572820307573
0.066632503384725
0.058276347453645
0.058206454832868
0.064702022288134
0.058714495624726
0.058441643212776
0.059343781313826
0.059245402127074
0.063580471308536
0.059239066019957
0.06094133153786
0.058245430938612
0.059055704882617
0.061101509645709
0.078086660700046
0.058506547853056
0.059543960709391
0.058132289879714
0.060093868101788
0.057661331720831
0.069884864687358
0.071438426582467
0.066636932488355
0.05985653245973
0.059429648238457
0.058501941433281
0.063983677838213
0.059704824574141
0.05613557030526
0.060259266435002
0.068076688355842
0.06567803771318
0.060659572002148
0.065407549109248
0.07185077606464
0.060527565498807
0.063730196421401
0.065338841623347
0.058767272605246
0.06529018446889
0.059313654134159
0.058721526608263
0.057923449206728
0.071733498355543
0.057333411364833
0.059919169353385
0.060317080403131
0.062547625235818
0.058542192689575
0.058674148653284
0.059616577472603
0.06443862565504
0.069152673814872
0.059152557913635
0.059265909168759
0.059106641355986
0.05987644241485
0.059369505252639
0.059065676184589
0.060877250926304
0.058281852117085
0.058347376636773
0.062258810402365
0.064835954366349
0.072899053254367
0.064338427282258
0.067968436526085
0.061992737267011
0.058665959474375
0.060978546933133
0.060564471376649
0.057684352951933
0.063707588174148
0.063371945385953
0.071986323729042
0.056108308909242
0.060407139600171
0.073465378156723
0.078179354904046
0.064147536555365
0.058323608202959
0.078071252063593
0.05832783121071
0.077850896538613
0.068770301116848
0.069074814879387
0.05866968708108
0.059680986757074
0.058071882634833
0.062128825502891
0.058161175608542
0.060889384814144
0.061374201103739
0.067186015709526
0.061893740059674
0.065940135694998
0.058665082880392
0.057530288650676
0.058561230669245
0.073192227703978
0.057942735302742
0.066167333917639
0.058156761642384
0.072607481731716
0.064910416831715
0.064542437899856
0.06497149232755
0.058146770062338
0.058738130125265
0.070799493880728
0.062433511884406
0.058230221947222
0.057957484108068
0.057994894955821
0.058330444521359
0.057703564753915
0.068021880607874
0.065978065521396
0.064149764819649
0.060348197288854
0.057703623331144
0.060075740776158
0.061992041471598
0.058794408662615
0.063063736953508
0.071628191876585
0.072043541390622
0.069823763066923
0.071561880826183
0.071300399526735
0.057861961777627
0.059421568140243
0.059482536001192
0.059360622277539
0.06512242146525
0.069576619308603
0.074504753079841
0.06077557165505
0.071060052223839
0.063349887869819
0.06165411237478
0.062227408515369
0.059982106395867
0.068204963904118
0.064926721760105
0.062673280880351
0.064732346844661
0.06160524158812
0.061751592726337
0.062188920235514
0.061619921215574
0.060666599853649
0.067440115754679
0.061036999291075
0.073729173613223
0.063313674116975
0.06080834899334
0.064829444249254
0.074996801208729
0.06133752680496
0.064179764791851
0.061886828499785
0.064156626657924
0.063246686093671
0.062540586970192
0.072478648725718
0.06567090315941
0.063005036438162
0.059848964130848
0.059868172614643
0.070257524879411
0.071580574355715
0.069408322958021
0.060938552519299
0.061820103232322
0.060567218689347
0.060965866742699
0.073009077006244
0.062961046357836
0.062237911900238
0.066531632851496
0.062572735358786
0.067885872863567
0.063098267939417
0.059196768185744
0.058101278350399
0.059940224301844
0.058574860137844
0.06286122877577
0.059238963211702
0.058954076429622
0.059803891763478
0.063237063399496
0.058931570550191
0.065744638262562
0.058550482376279
0.061010541422805
0.070753331769098
0.078410090106124
0.061622810343548
0.060824040558795
0.058523679944994
0.066511686912766
0.060104832467742
0.058521788929981
0.0620176472453
0.060759977176949
0.058735507486374
0.06312947417729
0.060673544856301
0.061211063389118
0.071344961968973
0.061228708978092
0.058116906584904
0.063969252818141
0.059056759112249
0.058138413491629
0.061159477192514
0.058185614218097
0.075291287251884
0.06270314749539
0.062518018110081
0.064887856787326
0.060656783192676
0.078006743754173
0.058142184987227
0.070689795598087
0.061994055992227
0.059136220503007
0.067685312535163
0.058199920814763
0.058004972367143
0.064981391378639
0.058004970795471
0.0590296295969
0.059382568860745
0.061368461379859
0.070181483090027
0.078480957199768
0.058743291644352
0.063508597776588
0.063377573061161
0.058330034595141
0.060789044340219
0.066625493590116
0.060620194997783
0.058684029004978
0.073990647585877
0.065155698879867
0.06512052847715
0.058406992833423
0.058389873274345
0.064459399815853
0.067993077732333
0.05843348747871
0.058450609980785
0.060973392105732
0.074502969232343
0.075352236790245
0.063938550969285
0.073715551745908
0.05991768012986
0.055163504298328
0.067359068178933
0.067290359574319
0.072642905922608
0.065008408817996
0.064492695457022
0.057831629259781
0.070232919564773
0.058002428800976
0.073198632982901
0.064784034751673
0.062100047483753
0.064384340074884
0.057654666152814
0.057746247686102
0.058384631800472
0.058093233406557
0.058672259968925
0.058222980340581
0.059930157875993
0.077905949090217
0.063930873198562
0.074410717183508
0.057811315033995
0.060820452230359
0.062199274889048
0.06329962320244
0.073627286732577
0.058979114200263
0.058789289346453
0.058026030265066
0.069226776899426
0.060315656273151
0.063747004204549
0.065419228507583
0.063462982586844
0.065914520782387
0.057619167967281
0.065431282587628
0.057745788935027
0.062770692456619
0.074485318287973
0.067467499004188
0.071982318436856
0.058397388560068
0.071926186054281
0.063419001428907
0.061316652007189
0.074939686420063
0.071398157837791
0.064810228401472
0.063608572946545
0.056285968368581
0.064831422558542
0.069045118780983
0.057982992465048
0.05722318449439
0.056870704450839
0.065597465625097
0.055579600530398
0.065910081363796
0.071286247544139
0.075046043561714
0.07461250209794
0.056238787429454
0.066515515973358
0.058625850018436
0.070126859586484
0.057794534952266
0.058019876628355
0.057575425993108
0.07450334689602
0.057720707410888
0.065481646385704
0.06938719367677
0.070478230815019
0.074602102792934
0.062581585872035
0.069307858656354
0.071316855066929
0.06413330272256
0.065446434993972
0.057984211229826
0.073440559516002
0.060369701661252
0.061936740177225
0.060936646712138
0.058905811687177
0.074364387530511
0.063186960618795
0.057371441248348
0.073409128962953
0.066262967670258
0.068441691029165
0.074160584195771
0.074946699411704
0.074943371898928
0.06806125002379
0.070973027583768
0.068060258701946
0.068809980442788
0.06266524843031
0.071417729431823
0.066783331179207
0.074246868868642
0.070448338880226
0.0735602365691
0.059759689703763
0.066849003989248
0.059977960223705
0.067405752594707
0.071256604629832
0.070839355297882
0.070445285962181
0.073617948045671
0.059892592175554
0.073539733925543
0.073573310820067
0.06825565064318
0.06429720779148
0.074313158058898
0.068165979871883
0.057892944
0.072831471453056
0.073606171714543
0.063122188340743
0.06169025307648
0.059789490466533
0.061772289676042
0.060924847043647
0.058380465992922
0.063129088582524
0.073135120642456
0.069055526919894
0.075827885864802
0.064206076647822
0.070390984822768
0.073246309974054
0.066531011526712
0.060541040546269
0.066803921779485
0.054865616015698
0.063317525865526
0.063520022581572
0.054867408
0.068164746075588
0.066039898038073
0.072925421516886
0.07275049413048
0.066469588607995
0.064234647115772
0.068798648995806
0.067338592064482
0.064480634570305
0.062534330372636
0.062539613836337
0.071206908518308
0.065707162173992
0.064852953358841
0.070419228235821
0.059969593089493
0.064065117463924
0.060985754833385
0.05968469105152
0.06551931956664
0.057011218283474
0.059691024
0.057434673588238
0.063326423731111
0.063266643553132
0.063661456462768
0.071526198865697
0.055484977619157
0.05867995213052
0.055490352401817
0.062962224961719
0.072450614330876
0.073061802665851
0.061857364255163
0.066221523962328
0.072557274242903
0.057259633686459
0.056287632962175
0.064911858344716
0.075160544345521
0.073914330622871
0.067584728949387
0.063254992496306
0.063929460601896
0.057259537938759
0.066833622547393
0.075402202610981
0.061489305648277
0.064065456838536
0.055017392113008
0.070971243390069
0.055036976282235
0.071347344532164
0.066163551204704
0.072291858932361
0.055066576296421
0.054876944
0.075034393140557
0.065550104451177
0.067684497312431
0.063311795029373
0.064260088074056
0.05861819249129
0.055583792039775
0.073955575007052
0.054819664
0.06652689923491
0.059370867340138
0.057468498419812
0.069744080935775
0.058405968633898
0.05566814613538
0.064309113422189
0.064672756365405
0.059512657358167
0.05593377615708
0.056982096077169
0.064622544934392
0.058053072943989
