"n_494_d_0_tr_20_a_250x250_idx_0_p_abba2"
320.622294896
332.824830652001
360.968635931001
343.174226253
443.504900658
336.012998071001
340.264404306001
351.272384011001
310.445977586
343.117250594
309.851922823001
304.628562867001
344.391735786
274.482349831001
327.946912692
298.769032752001
358.308047455
285.816510963
324.559148987001
345.513668042001
289.047172521001
314.926931221001
316.221452393001
297.744561718001
341.105244175001
353.991481970001
347.986870264
316.326683500002
359.79643257
358.023226635001
370.461620451001
373.294527542001
313.965254103
344.026422904
369.752847625
326.432068544001
311.191634509001
336.809110633001
350.444684802
346.196405510002
363.485378353001
364.161192993
324.362546104001
328.576894236001
313.948349924001
337.198916611001
330.754086733001
363.050579703001
343.106645767
378.506169523001
349.294092729001
356.379763032001
350.127088620002
374.971371440001
360.821512589001
357.125877264002
389.044496331001
386.131708527
361.714985932
392.091607609002
402.669169634002
419.322900596002
378.240000986
500.191355431001
384.159778838001
374.066098823002
373.326290837001
391.480726926
403.293661052
360.526932275002
365.514995472001
332.815711572001
366.904101633001
353.481430631001
382.069269855002
345.457509000003
350.972412642001
339.215056514
330.060602927
321.522657678001
372.781347847003
359.703558012001
332.011891342001
343.166434759
348.832755989001
356.833161241003
350.661083385001
343.891204021
357.428678454001
359.650369116002
355.976440920003
340.616375371001
321.704546881001
328.512317510002
380.256911693001
344.679296086003
353.738710229001
362.747676241002
329.394404318002
312.057924724002
350.997154278002
335.508241328
336.903689241002
332.004899843001
325.500284898002
335.306028221002
336.732995598
329.388909552002
422.587812373001
346.346175193002
325.481850560003
371.117244899001
333.879034024001
338.504979187002
324.364481620004
319.039016402003
321.089492612002
325.729427417002
302.828229013002
306.127605921002
295.198094094003
293.290622006001
376.120172006001
331.403202048001
382.922603334002
332.053639328002
367.630177392002
382.970987831001
331.863583140004
344.306015163003
397.702903878002
395.212226948001
380.501709665001
343.976632658002
334.966008826003
364.706538261004
339.608784155001
349.289491115003
351.253219541004
381.238692997004
367.773196793003
340.433305964002
333.809254106004
362.005534377001
357.151152379
351.645110291003
347.201601902
362.097496164004
352.517065897004
376.169611279
372.603857199003
366.012393316002
373.253303679004
365.697319808003
363.999302867001
366.514589201003
408.322808588
373.734532258005
359.350698506002
364.743458461
357.124991981003
359.939108305003
416.348663108003
375.002386371001
349.023643455002
373.968186956002
379.930469839003
362.055800022006
393.119380119003
370.476305816002
364.170477402002
385.935113134003
349.770018554
348.770437513004
353.706365753002
323.985904011003
351.124463712001
364.906236717999
346.310040545003
341.930019744002
355.355563068002
332.852569424002
360.942201088999
335.711123241001
353.719598933001
382.543947659006
363.813980039001
375.046255324001
365.362696626004
361.447905014003
361.132428059005
364.252263555002
430.908094562
424.840583088002
418.051459093
332.375844962005
380.454996674004
346.045743134002
348.005415914002
364.224947279002
"n_494_d_0_tr_20_a_250x250_idx_0_p_flooding"
14.1447569950004
13.9207951170004
14.9127742220001
16.192784007
16.0968583620003
14.2727516280003
14.0167532230002
14.8807894110004
13.8247871010004
16.0967887470003
16.1927178270007
15.8727640240004
16.4167703420004
13.3767476300006
13.1847517060004
13.3767229520005
13.8247385620005
14.2408181760003
16.2247823200006
13.9207578370004
13.824797832001
14.5607459160004
13.0567522690006
14.0167379510006
14.9127302060004
13.8247673930012
14.1447528060006
14.5607490880009
15.776793024
14.4647225430008
15.1047625820011
16.3848895190002
16.9608896080007
16.2248550889998
15.1047314290009
17.4727767950014
16.8647874940007
15.6487567850006
16.5128042570002
13.8247220870005
15.2327848370009
16.7687236650007
18.9129238440007
17.5368963990001
14.9127031440006
13.2808624030014
17.7289432140011
18.0489165460012
16.4168646050005
14.7847163690011
17.504848853001
15.8729054920004
16.9607005730015
16.9608674300008
16.6408856240006
16.7369151710011
16.0008689890008
16.960857941001
18.0169139660009
15.1048662850011
16.9608531240009
17.4728982050016
17.7288752839999
17.1849061800007
17.2488704900022
18.2409326190012
18.7849254130015
18.5608645780011
18.4648769400013
17.4088400980015
16.6726857370012
15.6488544020021
15.5528334930004
15.8728200060008
16.9608472680007
15.7768417800028
18.4563477849995
15.3606822730001
16.5128238820014
14.4648448790008
16.4167958670021
19.6809181340001
16.2888750240011
17.0569107240013
20.8649709100026
16.4169306540014
17.2808644720011
16.6088898180003
18.1449202660016
18.016967308002
18.9129943600026
17.696932333001
17.8249111060005
17.4729323960019
19.2329400900029
18.3369109100031
17.3127857110007
18.2409131410015
19.4569806650016
17.4729545460011
19.8730161090026
16.8329580930013
18.3689594740013
19.3289300950017
17.4729433300023
17.6009444790015
17.6008956320004
18.2409560770012
16.8329582450024
17.1529468650018
18.9128989800036
18.3688590600024
18.4328947720012
17.9209628830019
16.5128715960012
15.2326966830021
16.8647731260005
15.328837788001
16.5447325550012
16.000748696003
17.0568231130019
15.6488242030015
16.4487320680013
16.3207107430026
14.8807733110026
16.7370096080024
16.0649073930017
17.920873536001
17.7289169530024
18.1448482170019
18.6889176520033
19.1368131820013
17.3769389050022
16.7368763270019
19.9689273600043
15.9688465170031
16.1928500380011
18.1767531330017
16.0008423910014
16.6088703980023
15.8728898030027
18.7848625010005
17.3768625540021
17.6968786010008
16.0648542639983
16.9608986640029
17.6008537430015
16.1928766070041
22.1447158700023
18.0169107819985
18.0169528060041
19.1048922310024
18.5929140610028
17.2808515020009
17.8248467729993
17.7928712300037
20.9289659370029
17.9209037330033
19.1049889260029
18.7849957120001
16.9609780770017
16.4168916190022
18.8809596620025
17.4088519060014
17.3768552340015
17.0568588340032
19.0408431920019
18.6888278270025
17.3768739660041
16.0968129879997
18.1448593150044
16.416894095002
15.6489437180021
16.5128899580012
17.4089111820024
17.4088929150038
16.8328724880027
17.7928571910009
18.240878122004
17.600875120003
18.8808904580036
18.6569336050013
19.6488828450008
19.2327966990042
17.9208787450023
18.0168620350045
18.6888950760036
18.5608986190005
20.6411756080023
17.1528807930024
21.0568534680036
19.0089035540026
15.9047982110003
16.0007609480033
20.1928574560029
18.1448635460022
19.3288633270008
21.0889280219995
18.9768656870015
19.3289656600051
"n_494_d_0_tr_20_a_250x250_idx_0_p_fullyAdaptive"
198.193052247
359.673999829
406.904703516
335.677460195
478.40651762
253.488804197
130.794065521
279.787321027
209.674936004
376.234190814
356.683285713001
136.967737492001
271.669164473
210.243190892
203.346220916
467.584972384001
184.243785107001
317.103896604
260.519099141
255.738821954
244.301814263001
236.351264229
252.895607111
274.399909241001
289.234099230001
195.945483368001
296.692113909001
266.121394695
294.234143510001
396.317908511
286.565589136001
311.622710784
226.548688477001
223.851411152
307.147126367001
379.243504584001
252.696866365
224.913670325001
178.166644934
228.829290396001
221.977391416001
277.915086927001
210.668367681001
172.060660773001
298.760957419001
152.516895269001
247.510495194001
292.181629853001
187.265911555
310.594376417001
262.445223280002
235.927536304001
260.432005713001
197.541683605
283.718294699001
257.298212858001
473.565138741001
219.368964864001
198.968730333001
488.189057395001
266.811131510002
340.495427059002
490.366787076001
195.319520227001
175.853617820001
195.188278610003
452.169124850002
346.693163348
389.842786517001
424.660465811002
313.161464967001
205.227107813002
357.360037984
225.618215559001
311.429979865002
225.651659049001
297.800753171
303.104997521
209.349695558002
186.534252284002
184.817084273002
169.485750891001
271.323330142002
258.378603207001
272.963021276002
236.021872301002
255.287354176
213.435773368001
241.661004412002
303.669914342002
311.223704873003
174.094017326
810.982728131002
208.025452622001
350.500593153003
225.885031248001
219.506901174
428.765004288001
200.222051516002
265.204496063001
222.251110556002
272.478306576002
209.264242582002
315.647314999001
290.706538550003
155.383164312003
170.233221125001
231.838003840002
164.526058334001
354.773766876002
309.855859355002
252.768010061001
247.211854891001
377.277759052001
473.350473131003
223.697460813003
261.377874976
265.334163276002
424.901333695003
182.591963447003
242.363052917003
264.500041985
424.856073176002
176.419971558001
273.769695373002
221.082245771003
229.215761177001
369.235077678002
215.018720128002
194.609261895003
160.086400406003
247.529119617001
146.596571506002
204.827100634002
289.151171725003
324.017858420005
193.375585354001
288.948937702003
335.518062153003
211.793089303002
229.532271012005
178.563578294
182.196143747003
261.839280336002
515.006233569999
227.128416973002
199.070712849
189.077219409004
210.006272082001
189.689069632998
250.132793708005
340.254962467
231.872407873002
305.649142225004
225.421117099998
190.190393914005
144.234731401003
192.755643419005
185.458032509004
255.139500203001
311.098982373004
215.765630658002
318.160276318004
394.178906818002
515.644113809
312.942444881003
249.843145869001
184.570924114006
208.242475761004
273.060413444
216.609360106002
246.253208335002
283.322126227002
185.120006438002
173.065893918
189.933125325002
408.443542675002
179.298099027001
453.244458517002
454.847657587003
159.957030364005
189.136218056003
248.882521811002
179.037632829004
220.824208897003
318.966792971004
253.176589339002
187.073126527
228.277907877004
169.810418756001
373.459035486004
233.560527915003
292.436676673002
336.450932141002
315.460822494003
327.352702397004
444.645338941001
193.833867327001
204.162713644003
492.007802755001
"n_494_d_0_tr_20_a_250x250_idx_0_p_mprt2"
9.92056349800041
15.7448627110002
13.9207873410001
15.424768141
12.736767452
13.3766707350005
13.7286932440004
15.5527569410001
13.9207763780003
14.2407807260003
14.2407991380007
15.1047716560004
16.5127180960005
13.6968146230005
13.0568154100006
14.7847988910006
17.3768155100009
14.8808442470005
14.0167783910004
14.9768247010003
14.7847752120009
15.2008128070005
15.008813205001
14.5608297430009
17.4728824850003
16.864866874001
14.8808228120005
16.0647424530005
13.824804005
16.5129164050004
15.7768397340012
16.736905928
16.6089394830005
15.6487665020002
17.2809198610002
18.368984627001
16.6089479030003
16.9610029970011
17.6007424130002
15.4247434960011
16.8327447630015
15.6488674550008
15.9688687270005
15.6488598690006
16.3848145050007
16.6087576520013
15.4248851170005
14.6886789090006
14.2408785260004
18.0489105190009
18.2728559820013
17.2808974070007
15.6488262210015
18.2728367770002
15.7768176460014
16.9607472900024
16.416827605001
18.0487671980014
17.8248302330006
17.3768717770013
19.2328280950012
16.5448069490015
18.6888249740012
18.240812358
17.1528157560008
16.9608907850023
16.4169071800018
17.6968065500009
15.1047356390013
14.6567555240011
16.7687051530017
17.2488967160014
17.696885806
15.9689032640014
19.4249287710022
17.1528756010009
19.5210378350001
17.7288786770013
20.2890185990015
22.4650260120018
22.0170218810019
18.5609539950011
19.136780777
18.3370458280017
17.6969084570011
18.8810324340025
18.3370286829998
20.9610236740012
20.0969237430009
19.3289473350013
22.0169934480019
16.6408897330008
17.9209407470005
19.3609548080005
18.0489644570017
17.6969180410023
17.9209765700019
16.4167935640016
19.4569071090012
19.2329262810009
20.1930634600025
17.6970750320002
18.4649255770015
16.7369662370014
19.3290188710016
18.3689417010022
16.2889657060017
20.4170097990009
18.5609973300025
16.8329570910029
19.9690006090023
25.9211805460016
19.4250087320018
19.2970389610014
18.6569747970022
20.2569865210016
19.4249770620019
20.9610227450021
20.3850202370024
18.9769830180015
18.2408584270028
16.6089074220004
16.3848620760021
14.6567490360017
17.2488563900028
21.697006412003
14.5608312350021
18.2408498980013
17.5689021620027
17.3768552330031
19.1368719620026
17.9208450040012
16.5128508350012
18.0488454260015
16.9608722800039
19.5848354740029
16.5128515800035
18.8168491010021
17.6969080430016
17.5688754120031
15.6489171010037
15.872863730003
17.6968735360035
16.0009364860016
13.9207275699995
16.3849412880026
16.2889578180021
18.6890081380042
16.1927459580014
16.1928635359985
19.6170182500062
22.1130769250024
17.056859331003
18.1128857730037
21.0568855919995
16.9608804390045
22.3370854790019
12.6086834730046
24.1930858250008
18.8808851080005
18.3689188720031
18.6889116580033
18.3369990290032
16.6089095250044
18.0169279960012
18.4648952820048
18.2409293890018
16.704870475003
17.6968894990033
16.8330284550002
17.0568591910047
15.8728568260038
18.3369128300015
17.4089001190012
18.2408722310008
15.6488986300047
16.7049041370007
17.1529110770017
18.3369159230011
16.9608856150028
18.4649684410019
15.2008263170025
14.8807769759998
14.7847615700059
12.7367612770009
13.8246241360029
14.2408329530035
15.2008318330026
15.8728435770037
15.4248591500021
14.656778115004
13.9208606630028
19.8409303380025
21.1531772700049
22.0169533420034
16.1929224970052
14.7849142520009
20.9289935220021
22.2409449170016
19.8409607150012
