"n_494_d_0_tr_20_a_250x250_idx_0_p_abba2"
425
425
424
425
420
434
434
434
424
433
426
426
426
426
426
420
420
420
420
420
421
421
421
421
428
428
428
427
427
427
418
458
458
458
453
458
458
453
459
458
458
459
449
456
459
459
458
458
449
449
449
458
448
464
465
465
464
455
464
454
449
473
463
473
473
473
449
473
473
458
464
473
458
464
463
457
462
462
447
462
447
462
447
451
466
465
465
465
465
465
445
462
462
461
461
461
461
456
461
459
459
466
464
451
466
467
467
466
469
467
464
464
467
467
454
448
470
454
456
467
456
428
476
471
430
475
469
459
456
464
476
435
476
473
440
470
473
470
464
476
476
464
481
439
478
469
474
473
437
456
474
439
477
476
477
438
461
456
457
457
461
426
457
457
461
464
456
456
460
438
456
455
460
456
464
467
467
449
462
466
473
473
474
474
473
473
463
474
474
452
471
453
454
471
450
416
471
471
416
471
"n_494_d_0_tr_20_a_250x250_idx_0_p_flooding"
425
425
425
425
425
425
434
434
434
434
433
433
433
426
426
426
423
420
420
420
420
421
421
421
421
421
428
428
428
427
427
427
458
458
458
458
458
458
459
459
459
459
459
458
459
459
459
459
459
458
458
458
458
458
465
465
465
465
465
465
465
465
465
473
473
473
473
473
473
473
473
473
473
473
473
467
467
467
466
466
465
465
465
465
464
466
466
466
466
466
466
466
466
466
466
466
466
466
466
466
466
466
466
468
468
468
471
471
470
470
470
470
470
470
474
474
472
471
471
471
473
473
473
475
475
477
476
476
476
476
477
477
477
477
477
477
477
477
477
477
482
477
482
482
482
482
478
478
478
478
478
478
477
477
478
478
461
461
461
461
461
461
461
461
461
461
461
460
460
460
460
460
419
460
460
460
467
467
467
467
466
474
474
474
474
474
474
474
474
474
474
471
471
471
471
471
471
471
471
471
"n_494_d_0_tr_20_a_250x250_idx_0_p_fullyAdaptive"
425
425
425
425
425
434
434
434
434
433
432
433
426
426
423
420
420
420
420
420
421
421
421
421
428
428
428
428
427
427
458
458
458
458
458
458
458
459
459
459
459
459
458
459
459
459
459
458
458
458
458
458
465
465
465
465
465
465
465
465
465
465
473
473
473
473
473
473
473
473
473
473
473
473
467
467
467
466
466
465
465
465
465
466
466
466
466
466
466
455
466
466
466
466
466
466
466
466
466
466
466
468
468
468
468
471
471
470
470
470
470
470
470
474
474
472
471
471
471
473
473
473
475
475
477
476
476
476
477
477
477
477
477
477
477
477
477
477
477
482
477
482
482
482
482
478
478
478
478
478
477
477
477
478
478
461
461
461
461
461
461
461
461
461
461
460
460
460
460
460
460
460
460
460
460
467
467
467
467
467
474
474
474
474
474
474
474
474
474
474
471
471
471
471
471
470
471
469
471
471
"n_494_d_0_tr_20_a_250x250_idx_0_p_mprt2"
350
423
409
423
423
420
420
419
409
408
420
427
432
425
424
419
423
415
419
415
415
421
421
421
421
420
428
428
428
427
427
427
427
427
427
427
427
427
428
414
429
459
459
458
459
442
457
450
451
449
447
456
454
454
455
456
455
457
454
453
455
456
463
456
461
456
461
460
460
453
445
470
471
471
470
465
467
465
466
466
458
463
463
463
464
464
458
461
459
457
457
463
463
453
460
456
460
427
456
460
461
466
460
467
467
461
469
456
453
454
459
469
468
468
469
468
467
467
464
428
381
470
467
461
468
465
471
471
467
461
459
474
477
477
471
476
476
476
476
476
427
473
439
409
400
409
405
405
404
404
433
470
464
464
464
464
448
418
445
437
413
454
458
451
458
451
451
457
450
450
409
456
456
456
420
392
397
397
397
396
392
435
435
430
435
435
434
435
432
433
434
423
469
461
468
423
424
460
466
453
