"n_494_d_0_tr_20_a_250x250_idx_0_p_abba2"
218
216
214
215
211
219
230
228
227
224
215
228
219
220
223
206
215
214
209
211
213
213
210
211
215
214
221
216
217
216
212
240
244
253
244
253
255
235
257
246
252
250
243
249
260
257
243
250
241
239
240
254
247
249
248
254
243
239
247
245
240
270
252
262
265
262
231
266
266
247
263
260
247
254
249
252
249
247
231
249
232
250
234
242
262
255
248
259
251
257
235
252
254
255
248
249
245
250
244
246
246
259
252
242
251
257
255
252
267
255
262
257
261
258
244
241
258
243
252
255
246
217
269
266
233
264
252
250
247
256
274
232
275
258
241
266
271
260
245
266
274
253
278
227
266
262
264
267
236
245
265
225
259
268
259
227
253
242
242
239
253
208
244
245
259
259
249
248
256
232
251
247
261
249
262
263
253
234
255
261
266
260
273
258
264
262
256
264
264
244
260
243
242
264
241
205
258
261
203
262
"n_494_d_0_tr_20_a_250x250_idx_0_p_flooding"
425
425
425
425
425
425
434
434
434
434
433
433
433
426
426
426
423
420
420
420
420
421
421
421
421
421
428
428
428
427
427
427
458
458
458
458
458
458
459
459
459
459
459
458
459
459
459
459
459
458
458
458
458
458
465
465
465
465
465
465
465
465
465
473
473
473
473
473
473
473
473
473
473
473
473
467
467
467
466
466
465
465
465
465
464
466
466
466
466
466
466
466
466
466
466
466
466
466
466
466
466
466
466
468
468
468
471
471
470
470
470
470
470
470
474
474
472
471
471
471
473
473
473
475
475
477
476
476
476
476
477
477
477
477
477
477
477
477
477
477
482
477
482
482
482
482
478
478
478
478
478
478
477
477
478
478
461
461
461
461
461
461
461
461
461
461
461
460
460
460
460
460
419
460
460
460
467
467
467
467
466
474
474
474
474
474
474
474
474
474
474
471
471
471
471
471
471
471
471
471
"n_494_d_0_tr_20_a_250x250_idx_0_p_fullyAdaptive"
193
190
191
194
197
198
201
195
206
203
200
201
193
199
194
184
192
184
188
189
187
190
182
186
199
194
193
194
194
197
219
224
224
223
228
230
229
230
230
224
224
226
230
228
229
230
227
229
220
232
226
226
238
235
232
237
231
232
237
231
235
232
243
242
238
240
244
243
243
241
243
239
239
246
241
238
230
242
238
234
234
239
234
232
237
232
237
237
238
228
238
241
238
241
244
245
239
244
241
247
241
237
237
245
239
240
242
245
240
241
240
247
249
256
246
251
242
246
242
246
247
247
250
245
254
246
250
245
254
254
252
254
250
251
250
247
250
249
257
256
249
251
256
255
259
244
252
250
248
248
249
258
248
254
252
233
237
239
237
246
241
236
235
231
238
231
231
229
232
239
232
235
238
234
232
237
238
240
242
247
246
250
246
244
249
250
248
251
243
243
249
245
243
247
247
245
244
246
245
248
"n_494_d_0_tr_20_a_250x250_idx_0_p_mprt2"
58
121
115
127
121
120
128
121
105
106
121
157
160
157
147
127
134
151
151
128
152
148
138
133
133
142
145
150
136
140
151
172
155
146
160
148
154
163
157
138
155
212
209
207
185
215
191
197
203
176
192
187
189
191
179
182
176
179
175
184
184
209
210
207
215
207
220
192
208
190
194
214
235
230
238
212
209
211
200
224
209
161
161
179
160
166
151
153
169
174
180
193
163
159
193
177
172
152
162
164
164
170
184
187
168
162
188
154
176
154
173
192
172
177
172
174
190
174
171
134
119
184
167
157
185
180
172
174
173
177
177
185
192
193
174
190
185
187
187
187
143
181
190
132
128
128
141
139
142
131
141
170
177
158
175
190
163
163
153
155
160
175
179
171
169
161
152
175
166
165
141
199
175
191
169
160
167
131
156
167
149
166
162
142
154
173
177
169
153
176
150
154
179
190
197
136
173
172
190
162
