"n_200_d_10_tr_10_a_79x79_idx_1_p_flooding"
41.500224032646
41.500224029943
41.500224032646
41.500224030831
41.500224031857
41.500224032719
41.500224032073
41.500224029655
41.500224033079
41.500224031705
41.500224032646
41.500224032894
41.500224029184
41.500224032646
41.500224032869
41.500224032719
41.500224031661
41.500224032967
41.500224030364
41.500224032031
41.50022402931
41.5002240331
41.50022403302
41.500224025036
41.500224031498
41.500224024319
41.500224031498
41.500224030155
41.500224032921
41.500224032921
41.500224032626
41.500224030121
41.500224031735
41.500224031825
41.500224032537
41.500224033113
41.500224021825
41.500224032286
41.500224031949
41.500224022644
41.50022403238
41.500224027284
41.500224029706
41.500224029455
41.500224031375
41.500224031983
41.500224031929
41.500224030076
41.500224032155
41.500224031375
41.500224031983
41.500224033335
41.500224033318
41.500224032933
41.500224033318
41.500224030713
41.50022403302
41.500224032933
41.50022403203
41.500224030343
41.500224033224
41.500224030187
41.500224027142
41.500224033224
41.500224029073
41.500224030534
41.500224028312
41.500224030885
41.500224030675
41.500224032602
41.500224027359
41.500224033214
41.500224032376
41.500224031697
41.500224032376
41.500224030932
41.500224032602
41.500224033214
41.500224032626
41.500224031825
41.500224029651
41.500224027857
41.500224032422
41.500224033098
41.500224032955
41.500224033098
41.500224031085
41.500224029481
41.500224032349
41.500224032537
41.500224027626
41.500224029933
41.500224031201
41.500224032967
41.500224033079
41.500224030676
41.500224032146
41.500224032466
41.500224031681
41.500224033343
41.500224028427
41.500224032894
41.500224033343
41.500224032718
41.500224032538
41.500224029146
41.500224026855
41.500224031571
41.500224027752
41.500224022243
41.500224021956
41.500224032852
41.50022403191
41.500224031424
41.500224031949
41.500224032869
41.500224031128
41.500224030717
41.500224025528
41.50022403311
41.50022403221
41.50022403255
41.50022403255
41.50022403221
41.500224028186
41.500224030717
41.500224027221
41.50022403256
41.500224030035
41.500224026235
41.500224032915
41.500224033154
41.500224031697
41.500224032217
41.50022403191
41.500224032947
41.50022403203
41.500224030155
41.500224032538
41.500224025171
41.500224031317
41.500224029277
41.500224022541
41.500224032738
41.500224029205
41.500224027613
41.500224032422
41.500224027323
41.500224032738
41.500224031424
41.500224033162
41.500224032532
41.50022401778
41.500224033067
41.500224032063
41.500224033162
41.500224032556
41.500224032915
41.50022402834
41.500224033335
41.500224030676
41.500224032866
41.500224020923
41.500224032741
41.50022403123
41.500224032947
41.500224033067
41.50022403311
41.500224032627
41.500224032454
41.500224025467
41.500224029943
41.500224032601
41.5002240327
41.5002240327
41.500224032653
41.500224033113
41.500224027563
41.500224032314
41.500224028112
41.500224032852
41.500224029412
41.500224028776
41.500224029248
41.500224031929
41.500224028274
41.500224032278
41.500224032491
41.500224028676
41.500224031231
41.500224032314
41.50022403082
41.500224031454
41.500224030926
41.50022402242
41.500224031454
41.500224027702
41.500224
41.500224026906
41.500224030926
