"n_200_d_5_tr_10_a_112x112_idx_0_p_flooding"
41.500224029322
41.500224028718
41.500224033272
41.500224032773
41.500224028038
41.500224032585
41.500224032485
41.500224032585
41.500224028702
41.500224031012
41.500224031012
41.500224025838
41.500224026146
41.500224025718
41.500224032753
41.500224032753
41.500224026146
41.500224030746
41.500224033122
41.500224030881
41.500224029185
41.500224029802
41.500224028968
41.500224029802
41.500224027715
41.500224033208
41.500224028163
41.500224026125
41.500224032925
41.500224033208
41.500224028453
41.500224032925
41.500224031659
41.500224026125
41.500224014199
41.500224031659
41.500224031391
41.500224026039
41.500224020971
41.50022402225
41.500224033119
41.500224025103
41.500224029797
41.500224025708
41.50022403047
41.500224025708
41.500224025036
41.500224027531
41.500224027961
41.500224032701
41.500224024812
41.500224030231
41.500224030271
41.500224029916
41.500224031601
41.500224031898
41.500224031898
41.500224029994
41.500224019615
41.500224030512
41.500224033291
41.500224033291
41.500224029994
41.50022403145
41.50022403145
41.50022402793
41.500224029834
41.500224032413
41.500224025043
41.500224030492
41.500224032773
41.500224025193
41.50022402742
41.500224032376
41.500224029378
41.500224024106
41.500224028702
41.500224027649
41.500224032524
41.500224032159
41.500224032193
41.500224028757
41.500224027292
41.500224022756
41.500224029166
41.500224027578
41.500224032159
41.500224030377
41.500224030117
41.500224033032
41.500224033104
41.500224033032
41.500224033104
41.500224028033
41.500224024889
41.500224030109
41.500224031645
41.500224032852
41.500224031645
41.500224026354
41.500224030962
41.500224025642
41.50022402325
41.500224011074
41.500224032376
41.500224032162
41.500224027532
41.500224032413
41.500224032193
41.500224033272
41.500224027554
41.500224014957
41.500224032186
41.500224009865
41.500224009865
41.500224031054
41.500224028302
41.500224016269
41.500224019937
41.500224031054
41.500224026418
41.500224024479
41.500224032014
41.500224032524
41.500224032014
41.500224027496
41.500224032264
41.500224032715
41.500224027886
41.500224032264
41.50022402629
41.50022403289
41.500224016447
41.500224027623
41.500224031224
41.500224026813
41.500224020412
41.500224026813
41.500224031224
41.500224028968
41.500224032736
41.500224031945
41.500224029281
41.500224032715
41.500224017063
41.500224021767
41.500224021767
41.500224031463
41.500224033119
41.500224024979
41.500224029066
41.500224030454
41.500224028921
41.500224026218
41.50022402746
41.500224011571
41.500224033022
41.50022401643
41.500224018178
41.500224031496
41.500224032624
41.500224013926
41.500224020753
41.500224031687
41.500224032186
41.500224025633
41.500224033122
41.500224032377
41.500224028847
41.500224027048
41.500224031799
41.500224030492
41.500224026768
41.500224030296
41.500224031687
41.500224031703
41.500224032624
41.500224028602
41.50022402746
41.500224011571
41.500224033022
41.500224022531
41.500224028589
41.500224032852
41.500224030109
41.500224029535
41.500224027094
41.500224030501
41.500224029588
41.500224031799
41.500224031496
41.500224030921
41.500224029624
41.500224030014
41.50022403047
41.500224023688
41.50022403047
41.500224022154
41.500224031945
41.500224031659
