"n_200_d_10_tr_10_a_79x79_idx_1_p_abba2"
-0.16717824035096
-0.16718540827168
-0.1671961603595
-0.16620876828327
-0.16622668831154
-0.16621444563292
-0.16662272031642
-0.16717495803894
-0.16680908827374
-0.16722304032882
-0.16718720032242
-0.16715852825708
-0.16615859225817
-0.16665856021935
-0.16716032448952
-0.16655820820132
-0.16718361628636
-0.16671232026089
-0.1667033602809
-0.16669440029244
-0.16717824026307
-0.16669440028831
-0.16718003227018
-0.16635212830984
-0.16621056033225
-0.16716748824553
-0.16719795236432
-0.16622848032791
-0.166219897244
-0.16710476830686
-0.16720332829004
-0.16711565550968
-0.16718936911361
-0.16671948831518
-0.16622848025758
-0.16672128032117
-0.16720332830008
-0.16671962711321
-0.16667827229971
-0.16719616024854
-0.16626352142104
-0.16723200027486
-0.16627248160651
-0.16717620297906
-0.1671854082985
-0.16719629478671
-0.16718540826812
-0.16680012827081
-0.16716032028088
-0.16707968030391
-0.16721624935933
-0.16718720031467
-0.16671269753078
-0.16672165795088
-0.16673241075407
-0.16625215408526
-0.16620876830309
-0.16669440036314
-0.16724016154383
-0.16624281634102
-0.16675174431969
-0.16656896032849
-0.16617651226928
-0.16619956139115
-0.16666931224662
-0.16666931231502
-0.16680884199323
-0.16668340106157
-0.16669440035491
-0.16669440036698
-0.16621952032816
-0.16723020835467
-0.16670336027913
-0.16673740827225
-0.16658484235049
-0.16708684829292
-0.16722124831916
-0.1662033923088
-0.16623744033143
-0.16721587233231
-0.16622668829821
-0.16708684828674
-0.1667196604149
-0.16622668830324
-0.16621772832439
-0.1672069123344
-0.1663592962744
-0.166210560328
-0.1671424002666
-0.16683596829594
-0.16673511426605
-0.16718003235988
-0.16707609629994
-0.16718540824119
-0.16722304034153
-0.16630553628348
-0.16662272029457
-0.16621952026597
-0.1671083522616
-0.16721228837441
-0.16721408033997
-0.16671769636786
-0.1662284803779
-0.16708864025039
-0.16720691233883
-0.16629836814326
-0.16670465029134
-0.1662295980992
-0.1667134381139
-0.16718916442089
-0.16719991643722
-0.16669748219728
-0.1671829421684
-0.1662295979979
-0.16680908831263
-0.16632995003046
-0.16708505634655
-0.16712806425732
-0.16710118437557
-0.16714240018748
-0.16716748826233
-0.16671052824017
-0.1667087363165
-0.16679475229974
-0.16621235231954
-0.16719974428206
-0.16721228827394
-0.1663000916137
-0.16621056029844
-0.16632704034431
-0.16707968026261
-0.16672844832963
-0.16669260829889
-0.1666746883509
-0.16679475233779
-0.16621765890918
-0.16718713127408
-0.16716032018179
-0.1665904642776
-0.1662679043383
-0.16706534429142
-0.16657433634379
-0.16717824025718
-0.16718899226773
-0.16719616024107
-0.16678887413518
-0.16677683226079
-0.16666752024598
-0.16670156824942
-0.16662092830198
-0.16668364836002
-0.1667786242393
-0.16667648031325
-0.16621772829754
-0.16621593629533
-0.16717126794059
-0.1667786242696
-0.16621235236506
-0.16714240016969
-0.16669260837
-0.16676608021773
-0.16717644821645
-0.16678400029726
-0.16716032029318
-0.16660831587733
-0.16717637851032
-0.167192507145
-0.16628403216554
-0.16717824015398
-0.16716032030523
-0.16670336026259
-0.16716409985857
-0.16659065980112
-0.16670156832093
-0.16716051628441
-0.16659225627465
-0.16714419210944
-0.16716211235356
-0.16665856029849
-0.16656000031622
-0.1670581762427
-0.16712627217839
-0.16713344031964
-0.16716032022551
-0.16616755212479
-0.16715334798304
-0.1661677481328
-0.16717465629264
-0.16666035230113
-0.16716928026893
-0.16715136023872
-0.1667481601707
-0.16614784033182
-0.16716032024506
-0.167122688
-0.16663526424638
-0.16663168022186
-0.16663168034748
-0.16613888011608
-0.16662272023432
"n_200_d_10_tr_10_a_79x79_idx_1_p_cds3"
-0.16825344034748
-0.16825344011608
-0.16827136024638
-0.16821760023432
-0.16832512022186
-0.1685274628279
-0.16956361049451
-0.16868779825736
-0.16856056733464
-0.16954795648187
-0.16958310382998
-0.16981367926567
-0.16960210260232
-0.16952291305625
-0.1695206452309
-0.16971964707898
-0.16936448030113
-0.16863094371393
-0.16863811177474
-0.16863079153156
-0.16849715233179
-0.16841472025451
-0.16916301654186
-0.16845174382635
-0.16857882425346
-0.16857345677294
-0.1685680801104
-0.1696459463396
-0.1685633841505
-0.16906079128943
-0.16836096010944
-0.16857951231148
-0.16941824030054
-0.16836992020132
-0.16938240027374
-0.16847206616378
-0.16845414447748
-0.16836096028636
-0.16839680030686
-0.16850432030579
-0.16851865953794
-0.16841290368574
-0.1684326402393
-0.1694958279247
-0.16849354358906
-0.16845056029533
-0.16845056029754
-0.16842692697736
-0.16940032267234
-0.16955165605759
-0.16843703166188
-0.16841651410036
-0.1684119430755
-0.16839680026797
-0.16840396878445
-0.16947459944172
-0.16946483250306
-0.16946767880234
-0.16954368161941
-0.16852224394297
-0.16950784038546
-0.16840217675214
-0.16848640350026
-0.16952396857359
-0.16858496415976
-0.16938240321609
-0.1684438583358
-0.16840801690338
-0.16954547539856
-0.16958200745382
-0.16945408060538
-0.16843848295378
-0.16941824102068
-0.16837888048766
-0.16849450022138
-0.1684641253455
-0.16929280030523
-0.16941824150524
-0.1694003203383
-0.1685816635786
-0.16855808325161
-0.16959562524609
-0.16959952017899
-0.16964936249853
-0.168667395487
-0.16961578295311
-0.16821760024553
-0.16825344021935
-0.1683968002765
-0.1683054082591
-0.16957952133246
-0.16848471268674
-0.16851922534552
-0.16851922548319
-0.16945275323188
-0.16857108895585
-0.16850478503753
-0.16848507302282
-0.16843310492551
-0.16847432105175
-0.16833956111257
-0.1683968002985
-0.16938240410166
-0.16950784027168
-0.1684613139865
-0.16849715240896
-0.16851484154354
-0.16952082907683
-0.16847119059617
-0.16940032055186
-0.16945293060932
-0.16938240168771
-0.16936448286863
-0.16941066868871
-0.16931390021219
-0.16946158803466
-0.16940032029318
-0.16841472162146
-0.16952127277028
-0.16952576015715
-0.16850073631502
-0.16944333059392
-0.16862278057996
-0.16963946868499
-0.16925696026893
-0.16821760023872
-0.16932864037865
-0.16923904024506
-0.16842905626014
-0.16945408302182
-0.1694895262207
-0.16975613103229
-0.16839617023299
-0.16843917992405
-0.1685745742974
-0.1685222402809
-0.16874444956664
-0.16873190654596
-0.16877520119724
-0.1697814823649
-0.16968016007464
-0.16969987420992
-0.16885114847264
-0.16882785065186
-0.16980628406767
-0.16884118478012
-0.16887086012829
-0.16879738722706
-0.16881172391566
-0.16876595318625
-0.16832332835356
-0.16833945631622
-0.16905717925947
-0.16839142433182
-0.16841113629849
-0.16834757636881
-0.16832427971862
-0.16839142477231
-0.16829919144856
-0.16844303422244
-0.16842149479472
-0.16943039061108
-0.16862617774229
-0.169446913442
-0.16834124856426
-0.16931114153188
-0.16834304118132
-0.16837888072242
-0.16837888044463
-0.16936448027478
-0.16839142429558
-0.1683161602427
-0.16834304016554
-0.16929280012479
-0.16827136022551
-0.16834304083554
-0.16971670803742
-0.16818176017839
-0.16940569671111
-0.16823552025708
-0.16830720025817
-0.16947200307952
-0.16841472227387
-0.16841472106918
-0.1683609630774
-0.16944737595745
-0.16940032016522
-0.16850432129996
-0.16947200027465
-0.1694361627819
-0.16939361763982
-0.16851191059991
-0.16856166566901
-0.16859255161047
-0.1683072002518
-0.16877197700594
-0.1695860595132
-0.16941824318796
-0.168162048
-0.16828928018748
"n_200_d_10_tr_10_a_79x79_idx_1_p_flooding"
-0.16756352486731
-0.16756173103008
-0.1675581490255
-0.16755456581933
-0.16754202096448
-0.16754202110099
-0.16755098150848
-0.1675402294416
-0.16756173199153
-0.16752589140324
-0.16754201953576
-0.16755098069148
-0.1675617330136
-0.16755994143025
-0.16755993810336
-0.16752051676704
-0.16754022815972
-0.16756890218184
-0.16752051564734
-0.16754201942023
-0.16749363332594
-0.16750080313739
-0.1675061789033
-0.16749004973185
-0.16743628817839
-0.16748646728313
-0.16748825719624
-0.16748108896851
-0.16749901288704
-0.16750797221808
-0.16750617998452
-0.16749363607528
-0.16750080336623
-0.16751514077644
-0.16750976399774
-0.16748288256202
-0.16748288034397
-0.16746496272522
-0.16744166530086
-0.16749363466428
-0.16747750681826
-0.1674649618377
-0.16749901096428
-0.16749004994977
-0.16750438693692
-0.16751155673991
-0.16751513943929
-0.16748109107994
-0.16749363559805
-0.16749184274703
-0.16752768331211
-0.16750080351088
-0.16749901155474
-0.16750080371234
-0.16749901020972
-0.16750438704238
-0.16750438720648
-0.16752410028189
-0.16751513980311
-0.16750976367789
-0.16752410090279
-0.16752051601939
-0.16751872380301
-0.16750797070169
-0.16751514021772
-0.16750976257567
-0.16751872311606
-0.16753843672862
-0.16753306000204
-0.16750438696856
-0.16748108859063
-0.16753664372066
-0.16750976278429
-0.16752768252981
-0.16747033838398
-0.16749721811394
-0.16749184203427
-0.1675276832819
-0.16750617880246
-0.16746317210166
-0.16751513932328
-0.16747033916758
-0.16748825702644
-0.1675330609317
-0.1675043876864
-0.16753306069686
-0.16750438744892
-0.16751693221509
-0.16753305898965
-0.16749721891736
-0.16752051513384
-0.16756531727291
-0.1675294775788
-0.16753843698745
-0.16753126845684
-0.1675473965459
-0.16752589350686
-0.16753126724779
-0.16755994076128
-0.16751693283769
-0.16754739715211
-0.16755814876806
-0.1675420198368
-0.1675438126609
-0.16747571486863
-0.1674972176451
-0.16748825830916
-0.16750797008428
-0.16750438655494
-0.16751155566905
-0.16749363567829
-0.1675276845737
-0.16753485258819
-0.1674864648867
-0.16753485290127
-0.16750438872839
-0.1675294765285
-0.16751155746797
-0.16750617975298
-0.16751155793606
-0.16751872264299
-0.16750617946309
-0.16751513990254
-0.16749005232898
-0.16753126713509
-0.1674882598426
-0.1674918428452
-0.1674990094078
-0.1674810910956
-0.16750438810693
-0.1675223075365
-0.16752589139758
-0.16750797135469
-0.16753664352575
-0.16752589140234
-0.16752768352015
-0.16749901179248
-0.16745958696586
-0.16751513783459
-0.16752051567979
-0.16752051677528
-0.16747571413985
-0.16748108950704
-0.16751693017767
-0.16752051401426
-0.16751513902832
-0.16750438736277
-0.16749900997597
-0.16751155497578
-0.16750438688115
-0.16751513991688
-0.16751693157189
-0.16751513957098
-0.16749722009304
-0.16751872401603
-0.16750438787316
-0.16750976291711
-0.16750797144004
-0.1674936336065
-0.16750438639075
-0.16753126832138
-0.16753305913878
-0.16748288267964
-0.16745420966209
-0.16750976338966
-0.16751513887942
-0.16751334793101
-0.16749005067021
-0.16750617904323
-0.16749363566234
-0.16749900830018
-0.16749901167412
-0.16748467509851
-0.16748825867154
-0.1674954265605
-0.16750080346105
-0.16750080216672
-0.16747571344889
-0.1674900508659
-0.16749363508254
-0.16749542687136
-0.16747033908842
-0.16750438680537
-0.16749184500547
-0.16751514096928
-0.16749184233822
-0.1674667540905
-0.16750080306266
-0.16747033677122
-0.1675008030621
-0.1674757126266
-0.16749542708062
-0.16747750451826
-0.16747212823872
-0.16748825700889
-0.16745958509538
-0.16747213021286
-0.16742912
-0.16748825930172
-0.16748825840203
"n_200_d_10_tr_10_a_79x79_idx_1_p_mprt2"
-0.16922094043745
-0.16889100573055
-0.16966262831295
-0.16917497705078
-0.1697481652055
-0.17278785299122
-0.17224627416497
-0.17249737651411
-0.173294036304
-0.17252530649883
-0.17232367226051
-0.17255539007932
-0.17226046960178
-0.17192906962857
-0.17312986356235
-0.17271921890376
-0.17098819262412
-0.17192386732352
-0.17164239089077
-0.1715792320019
-0.17218844601967
-0.17211349340698
-0.17210686159223
-0.17159242349867
-0.172419122499
-0.17178715462421
-0.17116584304784
-0.17083304321636
-0.17182565955434
-0.17140209987564
-0.16914917157341
-0.17129699912789
-0.17175864420859
-0.17070239489095
-0.17124716597179
-0.17124429605552
-0.17155740710345
-0.17203024374678
-0.17253798747766
-0.17281214307044
-0.17272324732397
-0.17150239742027
-0.17040320636028
-0.17125320583894
-0.17064906777491
-0.17094236458114
-0.17125465031612
-0.17186150987256
-0.17142012049066
-0.17230031350044
-0.17328529616747
-0.17324068930934
-0.17242638546256
-0.17141281448771
-0.1728617194418
-0.17353873588561
-0.17210305269409
-0.17279616614166
-0.17212800910784
-0.17175436908571
-0.17232143903772
-0.17173743284942
-0.17163693152936
-0.17140023582954
-0.17239663030328
-0.17250053652566
-0.17183285493092
-0.17140155263375
-0.17216685037177
-0.17248141095838
-0.1714130599668
-0.17255892481031
-0.17258341706838
-0.17004591498233
-0.17126938040214
-0.17147384488996
-0.16947104845402
-0.17071049960256
-0.17071664962243
-0.1724547277688
-0.17206694067815
-0.17307526177661
-0.17272466494542
-0.1736614179955
-0.1737430502299
-0.17336435892219
-0.17037292730897
-0.17144127311205
-0.17212050204129
-0.170861281548
-0.17340828925049
-0.17318091091374
-0.172610582968
-0.17262030466795
-0.17203148825707
-0.17130292618894
-0.17156159866181
-0.17242102469794
-0.17159625364628
-0.17163225104625
-0.17107779904134
-0.17122434455383
-0.17270251939179
-0.17152963644221
-0.17321881759977
-0.17219963059373
-0.17231591592905
-0.17125511930668
-0.17124866913345
-0.17177559687558
-0.17190756514586
-0.17202488716183
-0.17039753723802
-0.1714188020652
-0.17031423741061
-0.17099867805091
-0.17080841354686
-0.17198021606759
-0.17362934870431
-0.17159695685129
-0.17175351776738
-0.17240221579982
-0.17291859163093
-0.1731040629113
-0.16898624152939
-0.1683300268241
-0.16963869347461
-0.16830720038142
-0.17071964459382
-0.17203102622982
-0.17187143285009
-0.17360893438737
-0.17197142322002
-0.17242035265021
-0.17208997344176
-0.17283626222024
-0.17315403771663
-0.1731641525568
-0.17214510559431
-0.1737155142623
-0.17170904576926
-0.1735805162395
-0.17342642552015
-0.17424920339176
-0.17276406867972
-0.17369536530254
-0.17358560915907
-0.17437917199221
-0.17400563633894
-0.17316866152309
-0.17139213133759
-0.1710464558261
-0.17165614658062
-0.17080563928914
-0.17138394435828
-0.17113916936231
-0.16959447211075
-0.17111580473718
-0.17000015433301
-0.17208925616223
-0.17201956400506
-0.17126545630626
-0.17339047903852
-0.17282465611608
-0.17037933716213
-0.17030950847094
-0.16954062521786
-0.17146406673628
-0.17091027994506
-0.17134674348933
-0.17166285077388
-0.17011294987519
-0.17077521158686
-0.17031943530716
-0.16949479388462
-0.17055728676402
-0.17351150365128
-0.16844164608606
-0.17099823138538
-0.17067367823988
-0.17095408151153
-0.17152023619983
-0.1710369820884
-0.17131345875534
-0.17123775077347
-0.17215127200983
-0.17115766746656
-0.17246757228817
-0.17131789335065
-0.17141099883413
-0.17174584614075
-0.1729007144777
-0.17326402355428
-0.17357916966496
-0.16985887456414
-0.17279559843476
-0.17326186071178
-0.17143081092248
-0.167122688
-0.17118737705327
"n_200_d_15_tr_10_a_64x64_idx_2_p_abba2"
-0.16719616030678
-0.16622848031867
-0.16621952033856
-0.16621056036338
-0.16717824035968
-0.16719616036354
-0.16622848027398
-0.16620160027037
-0.16621056031198
-0.1662195203326
-0.1662105603585
-0.1662195202159
-0.16721408037945
-0.16721408038415
-0.1671424003216
-0.16720512033619
-0.16619264036868
-0.16717824036539
-0.16619264033433
-0.16620160034276
-0.16620160030162
-0.16620160032549
-0.16719616029893
-0.1662105602615
-0.16621056034057
-0.16721541747219
-0.16717824033273
-0.16620160036048
-0.16619264026278
-0.16717824028425
-0.16724096035765
-0.16722304037004
-0.1662195203637
-0.16712448017684
-0.16718853754725
-0.16621952036324
-0.16621952033113
-0.16672128023902
-0.16624460835638
-0.16718720030793
-0.16624640031286
-0.16716032028281
-0.1672481283349
-0.16714240001516
-0.16714240001516
-0.16623877752309
-0.16623877763418
-0.16623877718278
-0.16723200031545
-0.16671232029557
-0.16724096032842
-0.16670469709009
-0.16625311372016
-0.1662387770431
-0.16673157766393
-0.16624773718333
-0.16717824034537
-0.16619264033457
-0.16621056034514
-0.16623744032784
-0.16721408031325
-0.16624640037236
-0.16671411229188
-0.16724992034567
-0.16626432035927
-0.16626432027886
-0.16720332836564
-0.16724992029489
-0.16668544020767
-0.16674770573808
-0.16620160031188
-0.16716928031224
-0.16667648029216
-0.16671232033455
-0.1662016002711
-0.16719928932525
-0.1662047295082
-0.16720466501668
-0.16625848910042
-0.16622264941883
-0.16624773708441
-0.16624594518018
-0.16622085703569
-0.16622848029794
-0.1671943682928
-0.16621056034211
-0.16622131232456
-0.16623027226126
-0.16621056033781
-0.16717824035772
-0.16721408033644
-0.16619264036699
-0.16720512033987
-0.16671948838185
-0.16720332825364
-0.1667302403849
-0.1671782403331
-0.16672128033304
-0.16670336034828
-0.16719616027968
-0.1671872002955
-0.16719680222116
-0.16671769625926
-0.16657612826618
-0.16670336034507
-0.16672128029701
-0.16670336026708
-0.16717644821534
-0.16720512026144
-0.16672128024418
-0.16717824027593
-0.16619264026088
-0.16619264028362
-0.16667891430432
-0.16618432229876
-0.1666950421432
-0.16631091235664
-0.16669683426879
-0.16670515234355
-0.16716928028092
-0.16623564828541
-0.16723667134399
-0.16670982359055
-0.16720512022542
-0.16630195235854
-0.16670758621412
-0.16623091430327
-0.16711795418904
-0.16682700835716
-0.16671948834933
-0.16660121628454
-0.16658688026396
-0.16628940834676
-0.16678400035242
-0.16669440032867
-0.16715136021247
-0.16680973017342
-0.16723981025451
-0.16659763237465
-0.1662528631122
-0.16624211110092
-0.16722054316638
-0.16679475237609
-0.16626252826362
-0.16717107223367
-0.16668544034391
-0.16711372830514
-0.16659763230111
-0.16632166435951
-0.16721408035698
-0.1662170236506
-0.16670336030428
-0.16620089523684
-0.16620985522141
-0.16712448023543
-0.16722304036997
-0.16713424581625
-0.16623564831549
-0.16622489630014
-0.16623027229147
-0.16634675231518
-0.16619217776307
-0.16717644836765
-0.16626073632002
-0.16711372835634
-0.1664040962777
-0.16632524833912
-0.16721228830674
-0.1669184003094
-0.16685898337796
-0.16623923225336
-0.16709043231011
-0.16621952033593
-0.16622598312942
-0.16618547232849
-0.16628403233752
-0.1662241909579
-0.16716032033447
-0.16707072032466
-0.16620806286767
-0.16713523223999
-0.16660480036307
-0.16620490368307
-0.1671905038082
-0.16621207151258
-0.16671562393178
-0.16620490360604
-0.16631063199982
-0.16717258368298
-0.16668544030623
-0.16615633753486
-0.16616171392987
-0.16709580829731
-0.1665062403325
-0.16715852829275
-0.16619264020876
-0.1671567362249
-0.16686284831285
-0.16715852832667
-0.16715852834248
"n_200_d_15_tr_10_a_64x64_idx_2_p_cds3"
-0.16856166604413
-0.16952576260851
-0.16849177703426
-0.16853739327763
-0.16853739327232
-0.16965332580631
-0.16966270250757
-0.1685409779627
-0.16963053062087
-0.1685268666677
-0.16947819347582
-0.16845952033594
-0.16866419168646
-0.169702806826
-0.16964761921346
-0.16869354828968
-0.16967612266845
-0.16862976231834
-0.16882828520429
-0.16892255360782
-0.16855449671865
-0.1689164059295
-0.16951680187819
-0.16944512074671
-0.16889126030539
-0.16954226568339
-0.16895559253555
-0.16843172406208
-0.16856166447418
-0.16962913377386
-0.16849413116786
-0.16860913217613
-0.16960550517728
-0.16876013152876
-0.16858114015309
-0.1698064269755
-0.16960998704437
-0.16862976337665
-0.16865900008533
-0.16878444264125
-0.16873605763522
-0.1697916029501
-0.16882435389752
-0.16976261852363
-0.16888753704623
-0.16880763508818
-0.16882295762892
-0.16961061310639
-0.16869652659424
-0.16888082894746
-0.16887815568947
-0.16989562997889
-0.1689466602268
-0.16892949634686
-0.16887964755062
-0.1696939160112
-0.16883830838082
-0.16980862395955
-0.16885661102629
-0.16876559349358
-0.16882470574116
-0.16876736213697
-0.16972116792472
-0.16873419107555
-0.16972429003018
-0.16875370679717
-0.1696869730755
-0.16932864075509
-0.16953465365608
-0.16852224151656
-0.1686028816988
-0.16869248183136
-0.16853836828362
-0.16869958332512
-0.16978553447728
-0.16880179370155
-0.16852224036699
-0.16852224131384
-0.16854016027593
-0.16854016324294
-0.16845952026088
-0.16864589042162
-0.16864472383901
-0.16850120108114
-0.1684832810534
-0.16843923600359
-0.16853779602133
-0.16854912031224
-0.16855091232129
-0.16963178620023
-0.16853062895652
-0.16870011247512
-0.16855808204896
-0.1686853139495
-0.16970432188393
-0.16952333110026
-0.16871929333295
-0.1687927660921
-0.16876644257484
-0.16870081158678
-0.16941817318672
-0.16877181983312
-0.16968704112607
-0.16867097823572
-0.16873190608206
-0.16863005887314
-0.16861184034144
-0.16848507055675
-0.16849536030426
-0.16860467409625
-0.16885820413645
-0.16880597507138
-0.16982741587108
-0.16879849526448
-0.16875167804188
-0.16991474920236
-0.16891070808344
-0.16871353911059
-0.16884042600439
-0.16970348230537
-0.16988908671204
-0.16971893394979
-0.16891087237199
-0.16985086815354
-0.16866557026172
-0.16981127698562
-0.16867832587514
-0.16866380992684
-0.16868117568344
-0.16970086071336
-0.1687098848687
-0.16865691204053
-0.16865691139454
-0.16870592077166
-0.16853856681846
-0.16851435859162
-0.16863519073859
-0.16851814104725
-0.16849823051927
-0.16860178665076
-0.16961063097406
-0.1694272003849
-0.16839321735531
-0.16964970570494
-0.16866560241717
-0.16968883355578
-0.16968704266158
-0.16865558541663
-0.16864483082534
-0.16862080296345
-0.16959690188634
-0.16876902792942
-0.16983284925054
-0.16888846621833
-0.16864517972582
-0.16979073138263
-0.16878945290078
-0.16965921369755
-0.1687045519588
-0.16954838089376
-0.16866287229279
-0.16857710754702
-0.16868957425628
-0.16967893770042
-0.16872942683474
-0.16837888057381
-0.16845056050134
-0.16837888063172
-0.16973136824554
-0.16878220195568
-0.1695232836872
-0.16853120133406
-0.16876189806006
-0.16855628837609
-0.16850432023367
-0.16830540823999
-0.1683609603208
-0.16929280033273
-0.16922291201516
-0.16821760001516
-0.16855140250954
-0.16839859233458
-0.16841472031285
-0.1692211203263
-0.16959328596975
-0.16962853165646
-0.16859571586488
-0.16861605379222
-0.16958373352539
-0.16954120822356
-0.16942818289045
-0.16948992032667
-0.16835981419432
-0.16983649577664
-0.1684676814322
-0.16848003018778
-0.16850432178928
-0.16828928023543
-0.16840217621247
-0.16816384017684
"n_200_d_15_tr_10_a_64x64_idx_2_p_flooding"
-0.16757069272489
-0.16757427600182
-0.16755994107087
-0.16755814846314
-0.16757248404249
-0.16755635536189
-0.16756889958112
-0.16756352485718
-0.16755994026445
-0.16756173116968
-0.1675258923589
-0.16755277213409
-0.1675796526047
-0.16756890117328
-0.16751155490743
-0.16750976360072
-0.16755277226971
-0.16755277232078
-0.1675366446167
-0.16754560483862
-0.1674972181865
-0.16758144196294
-0.1675706933493
-0.16755277203897
-0.16755994021567
-0.16757069330631
-0.16758144468519
-0.16757606923566
-0.16757248545851
-0.16756173328339
-0.1675796531546
-0.16756710890989
-0.16758323666154
-0.16753843536725
-0.1675617308639
-0.16756531623824
-0.16752768425423
-0.16755097914566
-0.16755814805636
-0.16755456394308
-0.16751334813128
-0.16755635581194
-0.16748825913386
-0.16753485237139
-0.16750617972067
-0.16754381194029
-0.16755635618716
-0.16752051584843
-0.16755994011971
-0.16755456314355
-0.16756531590551
-0.1675205152722
-0.16753843577635
-0.1675205143047
-0.16751514026524
-0.16750797218261
-0.16752410057662
-0.1675330604277
-0.16751334893632
-0.16752051512681
-0.16752051545617
-0.16751693201976
-0.16753664475138
-0.16752589225487
-0.16754560289932
-0.16751693198478
-0.16749363383748
-0.16749184387864
-0.16753664495006
-0.16754201999731
-0.16754739596943
-0.16755993994776
-0.16757427678806
-0.16756173168241
-0.16753664452254
-0.16753664275734
-0.16753843751326
-0.16754201812346
-0.16753664489758
-0.16755635634788
-0.16753843688558
-0.16755098023264
-0.16753126938232
-0.16752230728935
-0.1675348527965
-0.16755277226905
-0.16753843513105
-0.16753843669175
-0.16751872382323
-0.16753664432258
-0.16755098124464
-0.16754381368396
-0.16752768442793
-0.16750617877153
-0.16755635714856
-0.16751693248878
-0.16755635614492
-0.1675563571282
-0.16754739706918
-0.16752409886753
-0.16752589180695
-0.16751334867205
-0.16752051443102
-0.16752768412344
-0.16750438539407
-0.16754739616805
-0.16753126733677
-0.16752947550125
-0.16753485173051
-0.16751872285832
-0.16752230719638
-0.1675187242336
-0.1675223084634
-0.16754022768426
-0.16755277102758
-0.16752768425986
-0.16754201922147
-0.16753126674704
-0.167531266875
-0.16751693125026
-0.16752589247111
-0.1675402281784
-0.16757427682378
-0.1675545644346
-0.16755277177478
-0.16756710942709
-0.16756352326835
-0.16753306004576
-0.16754739698498
-0.1675330605101
-0.16752947578523
-0.16754739565892
-0.16753843647274
-0.16754201934376
-0.16752051624389
-0.16754201962334
-0.16753843678959
-0.16753664455427
-0.1674918431601
-0.16750797028808
-0.16747750557647
-0.1675473958088
-0.1675061774504
-0.16754739667139
-0.16749901191108
-0.16750438798133
-0.16749901156507
-0.16754022762566
-0.16754201991066
-0.16752589095925
-0.16750438769984
-0.16755277252728
-0.16752589021526
-0.16753305981232
-0.16754560369456
-0.16750438589488
-0.1675330604197
-0.16753843528904
-0.16754739566815
-0.16754739371718
-0.1675384367889
-0.16752051656711
-0.16753305997482
-0.16751334775052
-0.1675456039745
-0.16749721925508
-0.16754739578813
-0.1674972183987
-0.1675294756702
-0.16752409901001
-0.16751513919218
-0.16745600039607
-0.16751514063264
-0.16751514173012
-0.1675061816495
-0.1675223077263
-0.16752051398692
-0.1675008020086
-0.16749542759199
-0.16752589105728
-0.16747571293112
-0.16749901159578
-0.16752051549872
-0.16750259446767
-0.16748646604178
-0.16750080261534
-0.16753306042632
-0.16754560507177
-0.16754202068704
-0.16752410020124
-0.16751334662183
-0.16745600138541
-0.16745420977247
-0.16746496202398
-0.16748646928101
-0.16747212857324
-0.16751334728078
-0.16748825658908
-0.16750438421247
-0.16744883217684
"n_200_d_15_tr_10_a_64x64_idx_2_p_mprt2"
-0.17253082058906
-0.172366402375
-0.17217226735166
-0.17174252893965
-0.17203109884872
-0.17307645205534
-0.17325285170852
-0.17238468355671
-0.17249143580226
-0.17225060050118
-0.17254589966782
-0.17266666092734
-0.17278300045438
-0.17217595499273
-0.17227673876662
-0.17301299294411
-0.172611293938
-0.17238477583429
-0.17229881505988
-0.17343937089171
-0.17302566489027
-0.17293185385154
-0.17249234123792
-0.17238017574943
-0.17227043712626
-0.17267189119012
-0.17297603367434
-0.17258620239508
-0.17325655340377
-0.17250827819197
-0.17204400453638
-0.17225019399606
-0.1727475013596
-0.1724819085677
-0.17164284322316
-0.17428157233243
-0.17214932286977
-0.1725001848994
-0.17288617944934
-0.17340721052223
-0.17246935969525
-0.17215471617676
-0.17333328663764
-0.17280184309317
-0.17366042829326
-0.17315699290435
-0.17347587179186
-0.1723918144434
-0.17254045917766
-0.17332037994644
-0.17278832000518
-0.1731953711378
-0.1732071202353
-0.1736626494651
-0.17327680006268
-0.17264801547769
-0.17364151110382
-0.17233759151844
-0.17415442753503
-0.17280705338251
-0.17301903916825
-0.17340937015749
-0.17269779783878
-0.1735087021976
-0.17299200886125
-0.17250729756996
-0.17273495704779
-0.17132022076985
-0.17216855256672
-0.17176197494255
-0.1723325942185
-0.17282018236743
-0.17223589863419
-0.17250910672386
-0.17325300591388
-0.17293058667548
-0.17195208229132
-0.1721252243081
-0.17236197517381
-0.17268989207078
-0.17151041762473
-0.17299575351306
-0.17229686014104
-0.17296891668573
-0.17322536839385
-0.17287494910776
-0.17223417550478
-0.17302787849405
-0.17336764158099
-0.17253707831072
-0.17297214819576
-0.1721093117841
-0.17207235384476
-0.17224512531678
-0.17353845009761
-0.17191589220984
-0.17337890422218
-0.1733955341431
-0.17359298788772
-0.1728535572483
-0.1721781681958
-0.17381117561166
-0.17272309060318
-0.17352651544248
-0.17263071709066
-0.17244445520491
-0.17231356034519
-0.17229960693927
-0.17234396657766
-0.17276045941467
-0.17323234419323
-0.17356796835678
-0.1727081460494
-0.17202032114401
-0.17358564537234
-0.17241246026966
-0.17211933534866
-0.17272839289628
-0.17209175459556
-0.17339740757335
-0.17296046100319
-0.17367153369567
-0.17274471526743
-0.17382213406759
-0.17286745238726
-0.17228011288338
-0.1720850953132
-0.17247807552219
-0.17238404793095
-0.17358049297076
-0.17305668227647
-0.17270815162198
-0.17260973014909
-0.17338973903846
-0.1719000679852
-0.17133561874813
-0.17298431966616
-0.17207355002674
-0.1725761769117
-0.17164808286228
-0.17322378998312
-0.17200078827802
-0.17203172305213
-0.17332880469198
-0.17381278320916
-0.17382096863852
-0.17371932612289
-0.17311145814612
-0.17315725045435
-0.17288508279353
-0.17366581879763
-0.17283418229144
-0.17335488886922
-0.17326293719323
-0.17328165824321
-0.17323475613973
-0.17320320930717
-0.17286865949836
-0.17225757756035
-0.17236542575641
-0.17240588425214
-0.17282506354444
-0.17248877058184
-0.17303077730758
-0.17247074865077
-0.17218168799799
-0.17217401110614
-0.17232085358182
-0.17400372352662
-0.17261004212097
-0.17209564620426
-0.17292173196633
-0.17258958375888
-0.17276290968651
-0.17229431820934
-0.16917196565849
-0.17148030704626
-0.17180671767351
-0.17023714110208
-0.16868689610631
-0.17385136148954
-0.17262926560872
-0.17153648586571
-0.17067643102966
-0.17255905506635
-0.17328529207604
-0.17211458933419
-0.17241621829625
-0.17314527623989
-0.17234137366172
-0.17099863136315
-0.17056564701028
-0.17085739178862
-0.17258735311116
-0.17195542129518
-0.17185769911319
-0.17241947721035
-0.17107163627723
-0.17022427983127
-0.17003138207946
"n_200_d_5_tr_10_a_112x112_idx_0_p_abba2"
-0.16721408027315
-0.16721408031416
-0.16721408020118
-0.16723200024342
-0.1672140802781
-0.16724992026687
-0.16721408020866
-0.16619264024366
-0.16717824034272
-0.16719616028746
-0.1662105603877
-0.16717824029076
-0.16622848022526
-0.16721408032542
-0.16721408026077
-0.16716032010191
-0.16719616028445
-0.16621056033311
-0.16719616033772
-0.16712448008707
-0.16717824029977
-0.16719616019387
-0.16621056026786
-0.16717824027229
-0.1671603202975
-0.1671603203416
-0.16719616019234
-0.16712448023006
-0.167124480122
-0.16717824028758
-0.16717824022431
-0.16718182422053
-0.16719616026782
-0.16721408030766
-0.16712806410998
-0.16716032031378
-0.16714240018125
-0.16716032026788
-0.16716032027076
-0.16617472027165
-0.1671244803388
-0.16714240014411
-0.16610304018259
-0.16610304026362
-0.16610304025728
-0.16610304036418
-0.16610304006955
-0.16610304023758
-0.16610304018294
-0.16610304034758
-0.16610304022727
-0.16610304024598
-0.1661030403148
-0.16610304021287
-0.16610304021288
-0.1661030403128
-0.16610304023979
-0.1661030401217
-0.16610304028237
-0.16610304023795
-0.16610304021227
-0.16610304003946
-0.16610304023457
-0.1661030402452
-0.16610304010971
-0.16610304029078
-0.16610304024684
-0.1661030401976
-0.16610304025468
-0.16610304010984
-0.1661030401305
-0.16610304022843
-0.16610304023314
-0.16610304014401
-0.16610304014623
-0.16610304007271
-0.1661030400557
-0.16610304026006
-0.16610304009256
-0.16610304027919
-0.16610304027908
-0.1661030403147
-0.16610304014362
-0.1661030402841
-0.16610304019664
-0.16610304020042
-0.16610304032406
-0.16610304028705
-0.16610304028302
-0.16610304029473
-0.16610304010984
-0.16610304023086
-0.16610304034606
-0.1661030403023
-0.16610304022839
-0.1661030401838
-0.1661030401999
-0.16610304004628
-0.16610304003946
-0.16610304019888
-0.16610304026182
-0.16610304023244
-0.16610304026368
-0.16610304021782
-0.16610304018794
-0.16610304029459
-0.16610304036133
-0.1661030400443
-0.16610304017752
-0.16610304027135
-0.16610304030536
-0.16610304023483
-0.1661030402074
-0.16610304027902
-0.166103040287
-0.16610304030968
-0.16610304013893
-0.16610304012443
-0.16610304026218
-0.16610304021156
-0.16610304031442
-0.16610304028623
-0.16610304012143
-0.16610304013406
-0.16610304030489
-0.16610304028554
-0.16610304024304
-0.16610304031528
-0.16610304011736
-0.1661030402993
-0.16610304033752
-0.16610304030957
-0.16610304015778
-0.16610304016763
-0.16610304032148
-0.16610304027907
-0.16610304027433
-0.16610304032005
-0.16610304014696
-0.16610304025542
-0.1661030401863
-0.16610304024601
-0.16610304033923
-0.16610304030746
-0.16610304030264
-0.16610304024794
-0.1661030402923
-0.16610304034321
-0.16610304004628
-0.1661030402348
-0.1661030401999
-0.16610304028366
-0.16610304031047
-0.16610304026398
-0.16610304026598
-0.1661030401761
-0.16610304021842
-0.16610304033298
-0.1661030402222
-0.16610304023784
-0.16610304023742
-0.16610304034815
-0.16610304027701
-0.16610304032086
-0.16610304030873
-0.16610304027222
-0.16610304019041
-0.16610304014403
-0.16610304025368
-0.16610304015858
-0.16610304017059
-0.16610304025644
-0.16610304028136
-0.16610304023348
-0.16610304016482
-0.16610304029392
-0.16610304032514
-0.16610304024912
-0.16610304026539
-0.16610304018338
-0.16610304019034
-0.16610304032
-0.16610304024606
-0.1661030402133
-0.16610304023146
-0.16610304027137
-0.1661030402079
-0.16610304024275
-0.16610304008563
-0.16610304010539
-0.16610304013763
-0.16610304019185
-0.1661030403208
-0.16610304022608
-0.16610304026068
-0.16610304026352
-0.16610304015588
-0.16610304026105
-0.16610304029472
-0.16610304011021
"n_200_d_5_tr_10_a_112x112_idx_0_p_cds3"
-0.16825344025728
-0.16821760015778
-0.1683043990437
-0.16825344023244
-0.1683609602074
-0.16841472026687
-0.16832512240653
-0.16941824246208
-0.16945408024342
-0.16832512020118
-0.16832512174579
-0.16839500994638
-0.16940032034272
-0.1683251203128
-0.16836096030968
-0.16825344030873
-0.16825344031528
-0.16825344031442
-0.16821760024794
-0.16825344014401
-0.16836096023795
-0.16832378915366
-0.16833991702604
-0.16825344009256
-0.16832378903329
-0.1682767362993
-0.16836096023979
-0.1683237888835
-0.16818176018794
-0.16929280024366
-0.16839586001824
-0.16832512026182
-0.16832512026218
-0.16832512029473
-0.16832512026352
-0.16832512014403
-0.1682892803147
-0.16828928034321
-0.16832460396985
-0.16828390425542
-0.16836096018294
-0.16836096023086
-0.16832512021227
-0.1683952224044
-0.16835938231824
-0.16832512027907
-0.16828036696426
-0.16832512026598
-0.16838640658272
-0.16818176003946
-0.16815129603946
-0.16818176014623
-0.16822773166959
-0.16825344030536
-0.16831374785517
-0.16816921613406
-0.16834124830957
-0.16831109620436
-0.16835948009744
-0.16828770254163
-0.16823731227919
-0.1683555842452
-0.16832512026539
-0.16825344006955
-0.16825344019888
-0.16825344008563
-0.16834483228746
-0.16943616029076
-0.1683430403877
-0.168467564179
-0.16847549002787
-0.16815846421288
-0.16823372836133
-0.1682176001217
-0.16825344019041
-0.1681817600443
-0.16825344018338
-0.16818176021842
-0.1682534402079
-0.16814592023006
-0.16821760027229
-0.16821760019234
-0.16825344028758
-0.16825344022431
-0.16832512019387
-0.16832512022839
-0.16836096023146
-0.16834662423784
-0.16832512029078
-0.16831616025368
-0.16838425621156
-0.16825344010539
-0.16827296794747
-0.16818176021287
-0.16835952439803
-0.16835952424405
-0.16839518034546
-0.16831956031937
-0.1682856715412
-0.16828928030766
-0.16828928026782
-0.16825344031378
-0.16832493606389
-0.16839661613028
-0.16825344017059
-0.16832332822727
-0.1681459201999
-0.16821760010971
-0.1682176001976
-0.16821760017752
-0.1682176002133
-0.1683219349391
-0.16821760018125
-0.16825344027165
-0.16821760026788
-0.1681817600557
-0.16814592013763
-0.16832512028705
-0.16821760023483
-0.16825344022608
-0.16825344030746
-0.16825344032148
-0.16836096024684
-0.16825344033923
-0.1682176001761
-0.16828928033298
-0.16814592018259
-0.1682892801863
-0.16828928012143
-0.16835558432005
-0.16832512033752
-0.16832512028302
-0.16832512016482
-0.16825344027908
-0.16828928031047
-0.16832512023758
-0.16836096026368
-0.16821760027076
-0.16821760014411
-0.16821760024606
-0.16828928024601
-0.16831257623348
-0.16835062518834
-0.16824806429472
-0.16815846428136
-0.16832350032154
-0.1683609603148
-0.16824448034815
-0.16821760032514
-0.16828928028366
-0.16821760014696
-0.16818176034606
-0.16818176013893
-0.16821760023314
-0.16824806423457
-0.16821760015588
-0.1682176001999
-0.16821760024304
-0.1681459203388
-0.1682534401305
-0.1683245041385
-0.16821760004628
-0.16825344020042
-0.16828928024275
-0.16821760026398
-0.16825206515619
-0.16825344016763
-0.16828928030489
-0.16825344025644
-0.16828928019034
-0.16818176007271
-0.16821222404628
-0.16814592010984
-0.16832458321261
-0.16934656010191
-0.16837350429977
-0.16839500828445
-0.16838588999206
-0.16821760021782
-0.16824448015858
-0.1683868061462
-0.16832512026786
-0.1682767362975
-0.16825344030264
-0.16814592024598
-0.16828928027135
-0.16818176014362
-0.1682534403416
-0.1682892802222
-0.1681817602923
-0.168145920122
-0.16814592010998
-0.16825344023742
-0.16819968008707
-0.16814592010984
-0.1682301443208
-0.1682534403023
-0.16827674278974
-0.16827674276988
-0.16823731211021
"n_200_d_5_tr_10_a_112x112_idx_0_p_flooding"
-0.16750259361658
-0.16748646739596
-0.16750438735367
-0.16748646791032
-0.16750976199758
-0.16749363369647
-0.16749363364764
-0.16745958683482
-0.16746854771055
-0.16640947218259
-0.16642560033923
-0.16644710426362
-0.16643635226182
-0.16643635226218
-0.16643635229473
-0.16643635226352
-0.16643635214403
-0.1664309763147
-0.16643097634321
-0.16643635229459
-0.16642560025728
-0.16642022415778
-0.16643456025468
-0.16642560023244
-0.1664417282074
-0.16644710436418
-0.16644172826068
-0.1664345602348
-0.16644710428623
-0.16644172823086
-0.16644172829392
-0.16643097634758
-0.16643635221227
-0.16642380827919
-0.16642560006955
-0.16643635227907
-0.16643635226598
-0.16642560019888
-0.16642560008563
-0.16643635223758
-0.16643097631047
-0.16644172826368
-0.16643635232
-0.16642560027908
-0.16643635227222
-0.1664256001305
-0.16644172818294
-0.16641126421288
-0.1664202242133
-0.1664309762222
-0.16643635222727
-0.1664148482923
-0.16644710419185
-0.16642560017059
-0.16643635219664
-0.16644710427433
-0.16643635228237
-0.16640947224598
-0.16643097612143
-0.1664417283148
-0.16642380834815
-0.16642022432514
-0.16643993632005
-0.16643635233752
-0.16643635216482
-0.16643635228302
-0.16643097628366
-0.16641484821287
-0.16642918412443
-0.1664345602841
-0.16750976360747
-0.16750438701301
-0.16749363459308
-0.16642201636133
-0.16748288134346
-0.16748288129204
-0.16747750431582
-0.16748825630117
-0.16748825663802
-0.16749901112169
-0.1674703393444
-0.16746854756561
-0.167504386578
-0.16747033946078
-0.1674703395915
-0.16747929814595
-0.16749901046914
-0.1664363523128
-0.16644172830968
-0.16642560030873
-0.16642560031528
-0.16642560031442
-0.16642022424794
-0.16642560014401
-0.16644172823979
-0.16643635227701
-0.16643993632086
-0.16643635232406
-0.16643993630957
-0.16644172823795
-0.16643635226006
-0.1664202241217
-0.16642560019041
-0.1664148480443
-0.16642560018338
-0.16643456028554
-0.16644172822843
-0.166441728287
-0.16746496099278
-0.16748825937446
-0.16749184322996
-0.16642560009256
-0.1664291842993
-0.16641484803946
-0.16641126403946
-0.16641484814623
-0.16642560023457
-0.16642022415588
-0.1664202241999
-0.16642022424304
-0.16748288070462
-0.16745958668992
-0.16743091259616
-0.16748288238947
-0.1674703392032
-0.16743091210998
-0.1664399362452
-0.16643635226539
-0.16643097624601
-0.16642560030536
-0.16643097619034
-0.16644172826105
-0.16642022410971
-0.1664094721999
-0.16643635229078
-0.16643814423784
-0.16642560010539
-0.16643635222839
-0.16644531221156
-0.16644172823146
-0.16642380815858
-0.16644172824684
-0.16642022426398
-0.16643456023348
-0.16642560011736
-0.16743628808707
-0.16747571270501
-0.16747750426788
-0.1664202241976
-0.16642022417752
-0.16743091223006
-0.16643097627135
-0.16643456025368
-0.1664256002079
-0.16640947210984
-0.16642022404628
-0.16642022423314
-0.16642022414696
-0.16641484807271
-0.16642560016763
-0.16642022424606
-0.1664148480557
-0.16640947213763
-0.16643635228705
-0.16642918425542
-0.16641484818794
-0.16642560032148
-0.16746496381287
-0.16641484814362
-0.1664256003023
-0.1664220161838
-0.16641305613406
-0.16642560020042
-0.16643097624275
-0.16643097627137
-0.16747750427076
-0.1674416642485
-0.1664309761863
-0.16640947210984
-0.16642022404628
-0.16641484834606
-0.16641484813893
-0.1664238083208
-0.16643097627902
-0.16643097624912
-0.16641126428136
-0.16641484821842
-0.167430912122
-0.16642201621782
-0.16642560025644
-0.16643097630489
-0.16642560023742
-0.1664202241761
-0.16643097633298
-0.16642022423483
-0.16642560022608
-0.16642560030746
-0.16642380811021
-0.16642560029472
-0.16642560030264
"n_200_d_5_tr_10_a_112x112_idx_0_p_mprt2"
-0.16996706976938
-0.16955639411395
-0.17035016215663
-0.16932241812077
-0.16968971638134
-0.17158365754953
-0.17086668773596
-0.17239617190956
-0.1713133008529
-0.17090937653738
-0.17085298435619
-0.17064904762266
-0.17033649470977
-0.17031049282078
-0.1705444763536
-0.16890557387302
-0.16969110167284
-0.16999907424406
-0.16952252905694
-0.1684585272012
-0.17111766039435
-0.17123901696791
-0.17102156059669
-0.16812710290987
-0.17133957169788
-0.1697745116792
-0.1711304879298
-0.17122335556752
-0.16800195970171
-0.17154365042121
-0.17014264391991
-0.17012548800777
-0.17012781012428
-0.1701255077864
-0.17065863785029
-0.1703459149528
-0.17045684559916
-0.16988211483031
-0.1703371467536
-0.16972243271366
-0.16911490229693
-0.17037308755918
-0.17076916292796
-0.17092350842196
-0.17060262670171
-0.16979154765426
-0.17008551626762
-0.17084947169734
-0.17089634201176
-0.16733952006204
-0.16723200003946
-0.16766387214986
-0.16899387410528
-0.16945119573188
-0.16953937124587
-0.16799539218818
-0.17058695003097
-0.17057298001611
-0.17079441581083
-0.17078688227276
-0.17000650575801
-0.17044091676879
-0.17076562424192
-0.16998101509706
-0.16944787002644
-0.1695270273887
-0.17092816333444
-0.17062554729624
-0.17109223298956
-0.17155321961241
-0.17186676984515
-0.16778989693442
-0.1688860681406
-0.16799539227033
-0.16842617687032
-0.16756172805545
-0.16822656024668
-0.16831628139786
-0.16834856682748
-0.16821865520741
-0.16900247568533
-0.16901547689212
-0.1693187194855
-0.16932007631461
-0.17090268460512
-0.17091870521107
-0.17070445352366
-0.17037530628184
-0.17068226041466
-0.1705999878625
-0.1702524980311
-0.16900739931051
-0.16868670125896
-0.16842773684346
-0.17036410085194
-0.17047164651967
-0.17024468513519
-0.16969561965813
-0.17007276618413
-0.17009747707702
-0.16935391091386
-0.1694201044449
-0.17053065025877
-0.17054200226375
-0.1694248956934
-0.16890039822566
-0.16832294143308
-0.16811032288648
-0.16809974984179
-0.16809684497692
-0.16863948403414
-0.16990828119156
-0.16930045080917
-0.16929558166797
-0.16874550254227
-0.16810828819517
-0.167882182916
-0.17039612544319
-0.16834485791405
-0.16826303482982
-0.16886831348625
-0.17031200755378
-0.17055840893574
-0.16941914921477
-0.16886426418799
-0.16942460048925
-0.16863360331632
-0.16968716950961
-0.16977205354925
-0.16986798800414
-0.1702489674535
-0.17002680034343
-0.16979924678743
-0.17012320825202
-0.17043067253403
-0.17025069434244
-0.17015720912753
-0.16854493110562
-0.16810291227902
-0.1675635202799
-0.1691217201062
-0.17003176083792
-0.1712053644559
-0.16823574618493
-0.16884902384024
-0.16999862491866
-0.16980413884298
-0.16931423315611
-0.16887625478564
-0.16921444452726
-0.1681039534282
-0.1678707643136
-0.16787100185521
-0.16832573692172
-0.16864714372931
-0.16852822225136
-0.16862573364717
-0.16852133206033
-0.16833198413839
-0.17000599618832
-0.17046876747504
-0.16886356081535
-0.17019978911354
-0.17029782031398
-0.16856172601304
-0.16845593623108
-0.16933376210166
-0.16952341079814
-0.16965984374915
-0.16996204318303
-0.16788602077175
-0.16788428808247
-0.16754918410984
-0.17144360281224
-0.17029956358156
-0.1712516680909
-0.1721244647193
-0.1717013213485
-0.16913014930413
-0.16887732196522
-0.17213035248177
-0.17124979415914
-0.169751036227
-0.17046944482968
-0.16855157997754
-0.17022928660704
-0.1685556188844
-0.16932457534236
-0.16978210709483
-0.16866864436715
-0.167556352122
-0.16820987371403
-0.17021083765983
-0.16758323208707
-0.16735047208089
-0.1697648302127
-0.16976248886966
-0.17002771753601
-0.17044160079489
-0.16987678027446
