"n_200_d_15_tr_10_a_64x64_idx_2_p_mprt2"
41.50022403188
41.500224029184
41.500224033132
41.500224032819
41.500224032435
41.500224032119
41.500224032992
41.500224029116
41.500224033106
41.500224032952
41.500224031652
41.500224032662
41.500224033106
41.500224032609
41.50022403331
41.500224032562
41.500224030439
41.500224029724
41.500224031829
41.500224032774
41.500224032532
41.500224033192
41.500224032328
41.500224031173
41.500224032162
41.500224029472
41.50022403303
41.50022403288
41.500224032764
41.500224028794
41.500224032358
41.500224033292
41.500224027599
41.500224031797
41.500224033047
41.500224032114
41.500224031829
41.500224029963
41.50022403325
41.500224030919
41.500224032778
41.50022403262
41.500224031515
41.500224030756
41.500224033048
41.500224033259
41.50022403331
41.500224032854
41.500224031706
41.500224032881
41.500224032928
41.500224033316
41.500224033213
41.500224032574
41.500224032882
41.500224032665
41.50022403325
41.500224032114
41.50022403331
41.50022403325
41.500224031435
41.500224030493
41.500224032881
41.500224032694
41.500224032574
41.500224032011
41.500224032695
41.500224030629
41.500224032543
41.500224032377
41.500224031382
41.500224033042
41.500224032695
41.500224030365
41.500224033315
41.500224033259
41.500224033259
41.500224032487
41.500224032487
41.500224032029
41.500224028937
41.500224032862
41.500224033223
41.500224033267
41.500224031805
41.500224032143
41.500224032862
41.500224030673
41.500224032657
41.500224032328
41.500224032543
41.500224032011
41.500224031419
41.500224033259
41.500224031522
41.500224031165
41.500224032143
41.500224031252
41.500224032067
41.50022403234
41.500224033013
41.500224031886
41.500224032321
41.500224031924
41.500224032912
41.500224032882
41.500224030771
41.500224033316
41.500224030526
41.500224031435
41.5002240292
41.500224032774
41.500224032561
41.500224031158
41.500224030433
41.500224031584
41.500224032639
41.500224031875
41.500224031389
41.500224031608
41.500224032609
41.50022403331
41.500224033192
41.500224033047
41.500224032793
41.500224033292
41.500224031242
41.500224032662
41.500224030538
41.50022403197
41.500224032176
41.500224033132
41.500224033112
41.500224033064
41.500224031027
41.500224032418
41.500224031646
41.500224032952
41.500224032418
41.500224028795
41.500224031255
41.500224033267
41.500224032278
41.500224033042
41.500224032507
41.500224033315
41.500224030072
41.500224033067
41.500224031646
41.500224032793
41.500224031426
41.500224032507
41.500224032662
41.500224030909
41.500224031506
41.500224033067
41.500224032186
41.500224032488
41.500224031943
41.500224032743
41.500224029872
41.500224032743
41.500224033289
41.500224030449
41.500224032494
41.500224030029
41.500224032578
41.50022402824
41.50022402987
41.500224032507
41.500224031952
41.500224031924
41.50022402799
41.500224032694
41.500224028601
41.500224029128
41.500224033289
41.500224033047
41.500224003791
41.500224003791
41.500224032067
41.500224032548
41.500224032548
41.500224032854
41.500224032965
41.500224032119
41.500224033223
41.500224033081
41.500224030965
41.500224033081
41.500224023131
41.500224031242
41.500224033112
41.500224033047
41.500224032638
41.50022403303
41.500224032357
41.500224032411
41.500224029745
41.500224029731
