"n_200_d_10_tr_10_a_79x79_idx_1_p_abba2"
-0.16717824035096
-0.16718540827168
-0.1671961603595
-0.16620876828327
-0.16622668831154
-0.16621444563292
-0.16662272031642
-0.16717495803894
-0.16680908827374
-0.16722304032882
-0.16718720032242
-0.16715852825708
-0.16615859225817
-0.16665856021935
-0.16716032448952
-0.16655820820132
-0.16718361628636
-0.16671232026089
-0.1667033602809
-0.16669440029244
-0.16717824026307
-0.16669440028831
-0.16718003227018
-0.16635212830984
-0.16621056033225
-0.16716748824553
-0.16719795236432
-0.16622848032791
-0.166219897244
-0.16710476830686
-0.16720332829004
-0.16711565550968
-0.16718936911361
-0.16671948831518
-0.16622848025758
-0.16672128032117
-0.16720332830008
-0.16671962711321
-0.16667827229971
-0.16719616024854
-0.16626352142104
-0.16723200027486
-0.16627248160651
-0.16717620297906
-0.1671854082985
-0.16719629478671
-0.16718540826812
-0.16680012827081
-0.16716032028088
-0.16707968030391
-0.16721624935933
-0.16718720031467
-0.16671269753078
-0.16672165795088
-0.16673241075407
-0.16625215408526
-0.16620876830309
-0.16669440036314
-0.16724016154383
-0.16624281634102
-0.16675174431969
-0.16656896032849
-0.16617651226928
-0.16619956139115
-0.16666931224662
-0.16666931231502
-0.16680884199323
-0.16668340106157
-0.16669440035491
-0.16669440036698
-0.16621952032816
-0.16723020835467
-0.16670336027913
-0.16673740827225
-0.16658484235049
-0.16708684829292
-0.16722124831916
-0.1662033923088
-0.16623744033143
-0.16721587233231
-0.16622668829821
-0.16708684828674
-0.1667196604149
-0.16622668830324
-0.16621772832439
-0.1672069123344
-0.1663592962744
-0.166210560328
-0.1671424002666
-0.16683596829594
-0.16673511426605
-0.16718003235988
-0.16707609629994
-0.16718540824119
-0.16722304034153
-0.16630553628348
-0.16662272029457
-0.16621952026597
-0.1671083522616
-0.16721228837441
-0.16721408033997
-0.16671769636786
-0.1662284803779
-0.16708864025039
-0.16720691233883
-0.16629836814326
-0.16670465029134
-0.1662295980992
-0.1667134381139
-0.16718916442089
-0.16719991643722
-0.16669748219728
-0.1671829421684
-0.1662295979979
-0.16680908831263
-0.16632995003046
-0.16708505634655
-0.16712806425732
-0.16710118437557
-0.16714240018748
-0.16716748826233
-0.16671052824017
-0.1667087363165
-0.16679475229974
-0.16621235231954
-0.16719974428206
-0.16721228827394
-0.1663000916137
-0.16621056029844
-0.16632704034431
-0.16707968026261
-0.16672844832963
-0.16669260829889
-0.1666746883509
-0.16679475233779
-0.16621765890918
-0.16718713127408
-0.16716032018179
-0.1665904642776
-0.1662679043383
-0.16706534429142
-0.16657433634379
-0.16717824025718
-0.16718899226773
-0.16719616024107
-0.16678887413518
-0.16677683226079
-0.16666752024598
-0.16670156824942
-0.16662092830198
-0.16668364836002
-0.1667786242393
-0.16667648031325
-0.16621772829754
-0.16621593629533
-0.16717126794059
-0.1667786242696
-0.16621235236506
-0.16714240016969
-0.16669260837
-0.16676608021773
-0.16717644821645
-0.16678400029726
-0.16716032029318
-0.16660831587733
-0.16717637851032
-0.167192507145
-0.16628403216554
-0.16717824015398
-0.16716032030523
-0.16670336026259
-0.16716409985857
-0.16659065980112
-0.16670156832093
-0.16716051628441
-0.16659225627465
-0.16714419210944
-0.16716211235356
-0.16665856029849
-0.16656000031622
-0.1670581762427
-0.16712627217839
-0.16713344031964
-0.16716032022551
-0.16616755212479
-0.16715334798304
-0.1661677481328
-0.16717465629264
-0.16666035230113
-0.16716928026893
-0.16715136023872
-0.1667481601707
-0.16614784033182
-0.16716032024506
-0.167122688
-0.16663526424638
-0.16663168022186
-0.16663168034748
-0.16613888011608
-0.16662272023432
