"n_200_d_15_tr_10_a_64x64_idx_2_p_cds3"
-0.16856166604413
-0.16952576260851
-0.16849177703426
-0.16853739327763
-0.16853739327232
-0.16965332580631
-0.16966270250757
-0.1685409779627
-0.16963053062087
-0.1685268666677
-0.16947819347582
-0.16845952033594
-0.16866419168646
-0.169702806826
-0.16964761921346
-0.16869354828968
-0.16967612266845
-0.16862976231834
-0.16882828520429
-0.16892255360782
-0.16855449671865
-0.1689164059295
-0.16951680187819
-0.16944512074671
-0.16889126030539
-0.16954226568339
-0.16895559253555
-0.16843172406208
-0.16856166447418
-0.16962913377386
-0.16849413116786
-0.16860913217613
-0.16960550517728
-0.16876013152876
-0.16858114015309
-0.1698064269755
-0.16960998704437
-0.16862976337665
-0.16865900008533
-0.16878444264125
-0.16873605763522
-0.1697916029501
-0.16882435389752
-0.16976261852363
-0.16888753704623
-0.16880763508818
-0.16882295762892
-0.16961061310639
-0.16869652659424
-0.16888082894746
-0.16887815568947
-0.16989562997889
-0.1689466602268
-0.16892949634686
-0.16887964755062
-0.1696939160112
-0.16883830838082
-0.16980862395955
-0.16885661102629
-0.16876559349358
-0.16882470574116
-0.16876736213697
-0.16972116792472
-0.16873419107555
-0.16972429003018
-0.16875370679717
-0.1696869730755
-0.16932864075509
-0.16953465365608
-0.16852224151656
-0.1686028816988
-0.16869248183136
-0.16853836828362
-0.16869958332512
-0.16978553447728
-0.16880179370155
-0.16852224036699
-0.16852224131384
-0.16854016027593
-0.16854016324294
-0.16845952026088
-0.16864589042162
-0.16864472383901
-0.16850120108114
-0.1684832810534
-0.16843923600359
-0.16853779602133
-0.16854912031224
-0.16855091232129
-0.16963178620023
-0.16853062895652
-0.16870011247512
-0.16855808204896
-0.1686853139495
-0.16970432188393
-0.16952333110026
-0.16871929333295
-0.1687927660921
-0.16876644257484
-0.16870081158678
-0.16941817318672
-0.16877181983312
-0.16968704112607
-0.16867097823572
-0.16873190608206
-0.16863005887314
-0.16861184034144
-0.16848507055675
-0.16849536030426
-0.16860467409625
-0.16885820413645
-0.16880597507138
-0.16982741587108
-0.16879849526448
-0.16875167804188
-0.16991474920236
-0.16891070808344
-0.16871353911059
-0.16884042600439
-0.16970348230537
-0.16988908671204
-0.16971893394979
-0.16891087237199
-0.16985086815354
-0.16866557026172
-0.16981127698562
-0.16867832587514
-0.16866380992684
-0.16868117568344
-0.16970086071336
-0.1687098848687
-0.16865691204053
-0.16865691139454
-0.16870592077166
-0.16853856681846
-0.16851435859162
-0.16863519073859
-0.16851814104725
-0.16849823051927
-0.16860178665076
-0.16961063097406
-0.1694272003849
-0.16839321735531
-0.16964970570494
-0.16866560241717
-0.16968883355578
-0.16968704266158
-0.16865558541663
-0.16864483082534
-0.16862080296345
-0.16959690188634
-0.16876902792942
-0.16983284925054
-0.16888846621833
-0.16864517972582
-0.16979073138263
-0.16878945290078
-0.16965921369755
-0.1687045519588
-0.16954838089376
-0.16866287229279
-0.16857710754702
-0.16868957425628
-0.16967893770042
-0.16872942683474
-0.16837888057381
-0.16845056050134
-0.16837888063172
-0.16973136824554
-0.16878220195568
-0.1695232836872
-0.16853120133406
-0.16876189806006
-0.16855628837609
-0.16850432023367
-0.16830540823999
-0.1683609603208
-0.16929280033273
-0.16922291201516
-0.16821760001516
-0.16855140250954
-0.16839859233458
-0.16841472031285
-0.1692211203263
-0.16959328596975
-0.16962853165646
-0.16859571586488
-0.16861605379222
-0.16958373352539
-0.16954120822356
-0.16942818289045
-0.16948992032667
-0.16835981419432
-0.16983649577664
-0.1684676814322
-0.16848003018778
-0.16850432178928
-0.16828928023543
-0.16840217621247
-0.16816384017684
