"n_200_d_5_tr_10_a_112x112_idx_0_p_cds3"
-0.16825344025728
-0.16821760015778
-0.1683043990437
-0.16825344023244
-0.1683609602074
-0.16841472026687
-0.16832512240653
-0.16941824246208
-0.16945408024342
-0.16832512020118
-0.16832512174579
-0.16839500994638
-0.16940032034272
-0.1683251203128
-0.16836096030968
-0.16825344030873
-0.16825344031528
-0.16825344031442
-0.16821760024794
-0.16825344014401
-0.16836096023795
-0.16832378915366
-0.16833991702604
-0.16825344009256
-0.16832378903329
-0.1682767362993
-0.16836096023979
-0.1683237888835
-0.16818176018794
-0.16929280024366
-0.16839586001824
-0.16832512026182
-0.16832512026218
-0.16832512029473
-0.16832512026352
-0.16832512014403
-0.1682892803147
-0.16828928034321
-0.16832460396985
-0.16828390425542
-0.16836096018294
-0.16836096023086
-0.16832512021227
-0.1683952224044
-0.16835938231824
-0.16832512027907
-0.16828036696426
-0.16832512026598
-0.16838640658272
-0.16818176003946
-0.16815129603946
-0.16818176014623
-0.16822773166959
-0.16825344030536
-0.16831374785517
-0.16816921613406
-0.16834124830957
-0.16831109620436
-0.16835948009744
-0.16828770254163
-0.16823731227919
-0.1683555842452
-0.16832512026539
-0.16825344006955
-0.16825344019888
-0.16825344008563
-0.16834483228746
-0.16943616029076
-0.1683430403877
-0.168467564179
-0.16847549002787
-0.16815846421288
-0.16823372836133
-0.1682176001217
-0.16825344019041
-0.1681817600443
-0.16825344018338
-0.16818176021842
-0.1682534402079
-0.16814592023006
-0.16821760027229
-0.16821760019234
-0.16825344028758
-0.16825344022431
-0.16832512019387
-0.16832512022839
-0.16836096023146
-0.16834662423784
-0.16832512029078
-0.16831616025368
-0.16838425621156
-0.16825344010539
-0.16827296794747
-0.16818176021287
-0.16835952439803
-0.16835952424405
-0.16839518034546
-0.16831956031937
-0.1682856715412
-0.16828928030766
-0.16828928026782
-0.16825344031378
-0.16832493606389
-0.16839661613028
-0.16825344017059
-0.16832332822727
-0.1681459201999
-0.16821760010971
-0.1682176001976
-0.16821760017752
-0.1682176002133
-0.1683219349391
-0.16821760018125
-0.16825344027165
-0.16821760026788
-0.1681817600557
-0.16814592013763
-0.16832512028705
-0.16821760023483
-0.16825344022608
-0.16825344030746
-0.16825344032148
-0.16836096024684
-0.16825344033923
-0.1682176001761
-0.16828928033298
-0.16814592018259
-0.1682892801863
-0.16828928012143
-0.16835558432005
-0.16832512033752
-0.16832512028302
-0.16832512016482
-0.16825344027908
-0.16828928031047
-0.16832512023758
-0.16836096026368
-0.16821760027076
-0.16821760014411
-0.16821760024606
-0.16828928024601
-0.16831257623348
-0.16835062518834
-0.16824806429472
-0.16815846428136
-0.16832350032154
-0.1683609603148
-0.16824448034815
-0.16821760032514
-0.16828928028366
-0.16821760014696
-0.16818176034606
-0.16818176013893
-0.16821760023314
-0.16824806423457
-0.16821760015588
-0.1682176001999
-0.16821760024304
-0.1681459203388
-0.1682534401305
-0.1683245041385
-0.16821760004628
-0.16825344020042
-0.16828928024275
-0.16821760026398
-0.16825206515619
-0.16825344016763
-0.16828928030489
-0.16825344025644
-0.16828928019034
-0.16818176007271
-0.16821222404628
-0.16814592010984
-0.16832458321261
-0.16934656010191
-0.16837350429977
-0.16839500828445
-0.16838588999206
-0.16821760021782
-0.16824448015858
-0.1683868061462
-0.16832512026786
-0.1682767362975
-0.16825344030264
-0.16814592024598
-0.16828928027135
-0.16818176014362
-0.1682534403416
-0.1682892802222
-0.1681817602923
-0.168145920122
-0.16814592010998
-0.16825344023742
-0.16819968008707
-0.16814592010984
-0.1682301443208
-0.1682534403023
-0.16827674278974
-0.16827674276988
-0.16823731211021
