"n_200_d_5_tr_10_a_112x112_idx_0_p_abba2"
-0.16721408027315
-0.16721408031416
-0.16721408020118
-0.16723200024342
-0.1672140802781
-0.16724992026687
-0.16721408020866
-0.16619264024366
-0.16717824034272
-0.16719616028746
-0.1662105603877
-0.16717824029076
-0.16622848022526
-0.16721408032542
-0.16721408026077
-0.16716032010191
-0.16719616028445
-0.16621056033311
-0.16719616033772
-0.16712448008707
-0.16717824029977
-0.16719616019387
-0.16621056026786
-0.16717824027229
-0.1671603202975
-0.1671603203416
-0.16719616019234
-0.16712448023006
-0.167124480122
-0.16717824028758
-0.16717824022431
-0.16718182422053
-0.16719616026782
-0.16721408030766
-0.16712806410998
-0.16716032031378
-0.16714240018125
-0.16716032026788
-0.16716032027076
-0.16617472027165
-0.1671244803388
-0.16714240014411
-0.16610304018259
-0.16610304026362
-0.16610304025728
-0.16610304036418
-0.16610304006955
-0.16610304023758
-0.16610304018294
-0.16610304034758
-0.16610304022727
-0.16610304024598
-0.1661030403148
-0.16610304021287
-0.16610304021288
-0.1661030403128
-0.16610304023979
-0.1661030401217
-0.16610304028237
-0.16610304023795
-0.16610304021227
-0.16610304003946
-0.16610304023457
-0.1661030402452
-0.16610304010971
-0.16610304029078
-0.16610304024684
-0.1661030401976
-0.16610304025468
-0.16610304010984
-0.1661030401305
-0.16610304022843
-0.16610304023314
-0.16610304014401
-0.16610304014623
-0.16610304007271
-0.1661030400557
-0.16610304026006
-0.16610304009256
-0.16610304027919
-0.16610304027908
-0.1661030403147
-0.16610304014362
-0.1661030402841
-0.16610304019664
-0.16610304020042
-0.16610304032406
-0.16610304028705
-0.16610304028302
-0.16610304029473
-0.16610304010984
-0.16610304023086
-0.16610304034606
-0.1661030403023
-0.16610304022839
-0.1661030401838
-0.1661030401999
-0.16610304004628
-0.16610304003946
-0.16610304019888
-0.16610304026182
-0.16610304023244
-0.16610304026368
-0.16610304021782
-0.16610304018794
-0.16610304029459
-0.16610304036133
-0.1661030400443
-0.16610304017752
-0.16610304027135
-0.16610304030536
-0.16610304023483
-0.1661030402074
-0.16610304027902
-0.166103040287
-0.16610304030968
-0.16610304013893
-0.16610304012443
-0.16610304026218
-0.16610304021156
-0.16610304031442
-0.16610304028623
-0.16610304012143
-0.16610304013406
-0.16610304030489
-0.16610304028554
-0.16610304024304
-0.16610304031528
-0.16610304011736
-0.1661030402993
-0.16610304033752
-0.16610304030957
-0.16610304015778
-0.16610304016763
-0.16610304032148
-0.16610304027907
-0.16610304027433
-0.16610304032005
-0.16610304014696
-0.16610304025542
-0.1661030401863
-0.16610304024601
-0.16610304033923
-0.16610304030746
-0.16610304030264
-0.16610304024794
-0.1661030402923
-0.16610304034321
-0.16610304004628
-0.1661030402348
-0.1661030401999
-0.16610304028366
-0.16610304031047
-0.16610304026398
-0.16610304026598
-0.1661030401761
-0.16610304021842
-0.16610304033298
-0.1661030402222
-0.16610304023784
-0.16610304023742
-0.16610304034815
-0.16610304027701
-0.16610304032086
-0.16610304030873
-0.16610304027222
-0.16610304019041
-0.16610304014403
-0.16610304025368
-0.16610304015858
-0.16610304017059
-0.16610304025644
-0.16610304028136
-0.16610304023348
-0.16610304016482
-0.16610304029392
-0.16610304032514
-0.16610304024912
-0.16610304026539
-0.16610304018338
-0.16610304019034
-0.16610304032
-0.16610304024606
-0.1661030402133
-0.16610304023146
-0.16610304027137
-0.1661030402079
-0.16610304024275
-0.16610304008563
-0.16610304010539
-0.16610304013763
-0.16610304019185
-0.1661030403208
-0.16610304022608
-0.16610304026068
-0.16610304026352
-0.16610304015588
-0.16610304026105
-0.16610304029472
-0.16610304011021
