"n_200_d_5_tr_10_a_112x112_idx_0_p_mprt2"
-0.16996706976938
-0.16955639411395
-0.17035016215663
-0.16932241812077
-0.16968971638134
-0.17158365754953
-0.17086668773596
-0.17239617190956
-0.1713133008529
-0.17090937653738
-0.17085298435619
-0.17064904762266
-0.17033649470977
-0.17031049282078
-0.1705444763536
-0.16890557387302
-0.16969110167284
-0.16999907424406
-0.16952252905694
-0.1684585272012
-0.17111766039435
-0.17123901696791
-0.17102156059669
-0.16812710290987
-0.17133957169788
-0.1697745116792
-0.1711304879298
-0.17122335556752
-0.16800195970171
-0.17154365042121
-0.17014264391991
-0.17012548800777
-0.17012781012428
-0.1701255077864
-0.17065863785029
-0.1703459149528
-0.17045684559916
-0.16988211483031
-0.1703371467536
-0.16972243271366
-0.16911490229693
-0.17037308755918
-0.17076916292796
-0.17092350842196
-0.17060262670171
-0.16979154765426
-0.17008551626762
-0.17084947169734
-0.17089634201176
-0.16733952006204
-0.16723200003946
-0.16766387214986
-0.16899387410528
-0.16945119573188
-0.16953937124587
-0.16799539218818
-0.17058695003097
-0.17057298001611
-0.17079441581083
-0.17078688227276
-0.17000650575801
-0.17044091676879
-0.17076562424192
-0.16998101509706
-0.16944787002644
-0.1695270273887
-0.17092816333444
-0.17062554729624
-0.17109223298956
-0.17155321961241
-0.17186676984515
-0.16778989693442
-0.1688860681406
-0.16799539227033
-0.16842617687032
-0.16756172805545
-0.16822656024668
-0.16831628139786
-0.16834856682748
-0.16821865520741
-0.16900247568533
-0.16901547689212
-0.1693187194855
-0.16932007631461
-0.17090268460512
-0.17091870521107
-0.17070445352366
-0.17037530628184
-0.17068226041466
-0.1705999878625
-0.1702524980311
-0.16900739931051
-0.16868670125896
-0.16842773684346
-0.17036410085194
-0.17047164651967
-0.17024468513519
-0.16969561965813
-0.17007276618413
-0.17009747707702
-0.16935391091386
-0.1694201044449
-0.17053065025877
-0.17054200226375
-0.1694248956934
-0.16890039822566
-0.16832294143308
-0.16811032288648
-0.16809974984179
-0.16809684497692
-0.16863948403414
-0.16990828119156
-0.16930045080917
-0.16929558166797
-0.16874550254227
-0.16810828819517
-0.167882182916
-0.17039612544319
-0.16834485791405
-0.16826303482982
-0.16886831348625
-0.17031200755378
-0.17055840893574
-0.16941914921477
-0.16886426418799
-0.16942460048925
-0.16863360331632
-0.16968716950961
-0.16977205354925
-0.16986798800414
-0.1702489674535
-0.17002680034343
-0.16979924678743
-0.17012320825202
-0.17043067253403
-0.17025069434244
-0.17015720912753
-0.16854493110562
-0.16810291227902
-0.1675635202799
-0.1691217201062
-0.17003176083792
-0.1712053644559
-0.16823574618493
-0.16884902384024
-0.16999862491866
-0.16980413884298
-0.16931423315611
-0.16887625478564
-0.16921444452726
-0.1681039534282
-0.1678707643136
-0.16787100185521
-0.16832573692172
-0.16864714372931
-0.16852822225136
-0.16862573364717
-0.16852133206033
-0.16833198413839
-0.17000599618832
-0.17046876747504
-0.16886356081535
-0.17019978911354
-0.17029782031398
-0.16856172601304
-0.16845593623108
-0.16933376210166
-0.16952341079814
-0.16965984374915
-0.16996204318303
-0.16788602077175
-0.16788428808247
-0.16754918410984
-0.17144360281224
-0.17029956358156
-0.1712516680909
-0.1721244647193
-0.1717013213485
-0.16913014930413
-0.16887732196522
-0.17213035248177
-0.17124979415914
-0.169751036227
-0.17046944482968
-0.16855157997754
-0.17022928660704
-0.1685556188844
-0.16932457534236
-0.16978210709483
-0.16866864436715
-0.167556352122
-0.16820987371403
-0.17021083765983
-0.16758323208707
-0.16735047208089
-0.1697648302127
-0.16976248886966
-0.17002771753601
-0.17044160079489
-0.16987678027446
