"n_200_d_10_tr_10_a_79x79_idx_1_p_abba2"
41.500224031825
41.500224029651
41.500224032537
41.500224032921
41.500224032626
41.500224029706
41.500224032626
41.500224031825
41.500224032921
41.500224032955
41.500224032422
41.500224030155
41.500224027857
41.500224027284
41.500224032537
41.500224030155
41.500224030121
41.500224033098
41.500224032349
41.500224029481
41.500224031085
41.500224033098
41.500224027626
41.500224031983
41.500224031929
41.50022403238
41.500224032967
41.500224029933
41.500224031201
41.500224031735
41.500224031375
41.500224031929
41.500224033079
41.500224032146
41.500224032466
41.500224033343
41.500224029248
41.500224032155
41.500224032538
41.500224029184
41.500224032894
41.500224028427
41.500224032646
41.500224029455
41.500224032738
41.500224031375
41.500224030076
41.500224029146
41.500224032538
41.500224026855
41.500224033343
41.500224027752
41.500224030676
41.500224031681
41.500224032967
41.500224032718
41.500224031983
41.500224032646
41.500224033079
41.500224032454
41.500224030676
41.500224031571
41.500224027613
41.500224025171
41.500224027323
41.500224031424
41.500224031317
41.500224032738
41.500224032073
41.500224031857
41.500224032646
41.500224030831
41.500224030364
41.500224029655
41.500224032422
41.500224029205
41.500224032894
41.500224032031
41.500224032646
41.500224032719
41.500224032869
41.500224032866
41.500224032947
41.500224029943
41.500224031705
41.500224031661
41.500224030885
41.500224031128
41.500224031949
41.500224032532
41.500224032217
41.500224033335
41.50022402834
41.500224029943
41.500224030675
41.500224029073
41.500224032063
41.500224027142
41.500224030187
41.500224032933
41.500224033162
41.500224032869
41.500224033224
41.500224032719
41.500224033067
41.50022401778
41.500224032947
41.50022403191
41.500224032915
41.500224031697
41.500224033154
41.500224026235
41.500224032915
41.500224033214
41.50022403191
41.500224032556
41.500224032852
41.500224032933
41.500224033318
41.500224025467
41.500224027702
41.500224033162
41.500224032627
41.50022403123
41.50022403203
41.500224030343
41.500224030534
41.500224033224
41.500224033335
41.500224030713
41.500224026906
41.500224032491
41.500224031697
41.500224033214
41.500224033067
41.50022403203
41.500224028312
41.500224025036
41.50022403302
41.50022403311
41.500224028186
41.50022403255
41.500224028274
41.5002240327
41.500224032653
41.500224033318
41.50022403302
41.500224021956
41.500224022243
41.500224032376
41.500224032852
41.500224025528
41.50022403221
41.50022403311
41.500224030717
41.500224032602
41.50022403256
41.50022403082
41.500224028676
41.500224031231
41.5002240331
41.50022402931
41.50022403255
41.50022403221
41.5002240327
41.500224032601
41.500224033113
41.500224024319
41.50022402242
41.500224032278
41.500224030926
41.500224027221
41.500224030035
41.500224030932
41.500224032376
41.500224032602
41.500224027359
41.500224032314
41.500224028776
41.500224028112
41.500224031498
41.500224031498
41.500224032314
41.500224032741
41.500224020923
41.500224022541
41.500224029277
41.500224030717
41.500224031424
41.500224031454
41.500224030926
41.500224027563
41.500224029412
41.500224031454
41.500224
41.500224032286
41.500224022644
41.500224033113
41.500224021825
41.500224031949
"n_200_d_10_tr_10_a_79x79_idx_1_p_cds3"
41.500224033113
41.500224021825
41.500224032286
41.500224031949
41.500224022644
41.500224032146
41.500224032466
41.500224030676
41.500224033079
41.500224031201
41.500224033343
41.500224031681
41.500224033343
41.500224031571
41.500224033098
41.500224032718
41.500224031424
41.500224031697
41.500224033214
41.500224033214
41.500224032915
41.500224032602
41.500224032852
41.500224032376
41.50022403191
41.500224033154
41.500224031697
41.500224032217
41.50022403191
41.500224022243
41.500224027359
41.500224032947
41.500224033113
41.500224030155
41.500224032921
41.500224032921
41.500224032626
41.500224030121
41.500224031735
41.500224031825
41.500224032537
41.50022403221
41.500224025528
41.50022403255
41.500224028186
41.500224030717
41.50022403311
41.500224032869
41.50022403255
41.500224032063
41.500224031929
41.500224032155
41.500224031375
41.500224030076
41.500224031375
41.500224031983
41.500224031983
41.500224029248
41.500224030534
41.50022403203
41.500224033224
41.50022403203
41.500224030343
41.500224028312
41.500224032933
41.500224032933
41.500224030713
41.500224033318
41.500224027142
41.500224033224
41.500224032627
41.500224033162
41.500224033067
41.500224028274
41.50022403123
41.500224033067
41.500224032278
41.500224032491
41.50022403311
41.500224029073
41.500224030187
41.500224030675
41.500224031949
41.500224030885
41.500224031661
41.500224031128
41.50022403238
41.500224027284
41.500224029706
41.500224029455
41.500224033098
41.500224032538
41.500224025171
41.500224031317
41.500224031085
41.500224027613
41.500224029205
41.500224032422
41.500224027323
41.500224032738
41.500224032422
41.500224032738
41.500224031825
41.500224029651
41.500224032626
41.500224032915
41.500224032556
41.500224032947
41.500224026235
41.500224033318
41.500224033335
41.50022402834
41.500224032538
41.500224029146
41.500224026855
41.500224027752
41.50022403221
41.500224030717
41.500224033162
41.50022401778
41.500224031424
41.500224032454
41.500224030676
41.500224032866
41.500224031454
41.500224030926
41.50022402242
41.500224031454
41.500224027563
41.500224031929
41.500224027626
41.500224032073
41.500224029943
41.500224030364
41.500224031857
41.500224032349
41.500224029933
41.500224028427
41.500224032894
41.500224032869
41.500224032031
41.500224032719
41.500224033079
41.500224029943
41.500224032646
41.500224032646
41.500224032967
41.500224032894
41.500224032646
41.500224032646
41.500224032314
41.500224028112
41.500224032852
41.500224029412
41.500224028776
41.50022403082
41.500224032314
41.500224031231
41.500224028676
41.500224021956
41.500224029481
41.500224032955
41.500224032967
41.500224032537
41.500224026906
41.500224027702
41.500224030926
41.500224032653
41.5002240327
41.500224032601
41.5002240327
41.500224031498
41.500224024319
41.500224020923
41.500224032741
41.50022402931
41.500224029184
41.500224031498
41.5002240331
41.500224030155
41.500224027857
41.500224027221
41.500224030035
41.50022403256
41.500224029277
41.50022403302
41.500224022541
41.500224030932
41.500224032602
41.50022403302
41.500224025036
41.500224032532
41.500224032719
41.500224031705
41.500224032376
41.500224030831
41.500224029655
41.500224033335
41.500224
41.500224025467
"n_200_d_10_tr_10_a_79x79_idx_1_p_flooding"
41.500224032646
41.500224029943
41.500224032646
41.500224030831
41.500224031857
41.500224032719
41.500224032073
41.500224029655
41.500224033079
41.500224031705
41.500224032646
41.500224032894
41.500224029184
41.500224032646
41.500224032869
41.500224032719
41.500224031661
41.500224032967
41.500224030364
41.500224032031
41.50022402931
41.5002240331
41.50022403302
41.500224025036
41.500224031498
41.500224024319
41.500224031498
41.500224030155
41.500224032921
41.500224032921
41.500224032626
41.500224030121
41.500224031735
41.500224031825
41.500224032537
41.500224033113
41.500224021825
41.500224032286
41.500224031949
41.500224022644
41.50022403238
41.500224027284
41.500224029706
41.500224029455
41.500224031375
41.500224031983
41.500224031929
41.500224030076
41.500224032155
41.500224031375
41.500224031983
41.500224033335
41.500224033318
41.500224032933
41.500224033318
41.500224030713
41.50022403302
41.500224032933
41.50022403203
41.500224030343
41.500224033224
41.500224030187
41.500224027142
41.500224033224
41.500224029073
41.500224030534
41.500224028312
41.500224030885
41.500224030675
41.500224032602
41.500224027359
41.500224033214
41.500224032376
41.500224031697
41.500224032376
41.500224030932
41.500224032602
41.500224033214
41.500224032626
41.500224031825
41.500224029651
41.500224027857
41.500224032422
41.500224033098
41.500224032955
41.500224033098
41.500224031085
41.500224029481
41.500224032349
41.500224032537
41.500224027626
41.500224029933
41.500224031201
41.500224032967
41.500224033079
41.500224030676
41.500224032146
41.500224032466
41.500224031681
41.500224033343
41.500224028427
41.500224032894
41.500224033343
41.500224032718
41.500224032538
41.500224029146
41.500224026855
41.500224031571
41.500224027752
41.500224022243
41.500224021956
41.500224032852
41.50022403191
41.500224031424
41.500224031949
41.500224032869
41.500224031128
41.500224030717
41.500224025528
41.50022403311
41.50022403221
41.50022403255
41.50022403255
41.50022403221
41.500224028186
41.500224030717
41.500224027221
41.50022403256
41.500224030035
41.500224026235
41.500224032915
41.500224033154
41.500224031697
41.500224032217
41.50022403191
41.500224032947
41.50022403203
41.500224030155
41.500224032538
41.500224025171
41.500224031317
41.500224029277
41.500224022541
41.500224032738
41.500224029205
41.500224027613
41.500224032422
41.500224027323
41.500224032738
41.500224031424
41.500224033162
41.500224032532
41.50022401778
41.500224033067
41.500224032063
41.500224033162
41.500224032556
41.500224032915
41.50022402834
41.500224033335
41.500224030676
41.500224032866
41.500224020923
41.500224032741
41.50022403123
41.500224032947
41.500224033067
41.50022403311
41.500224032627
41.500224032454
41.500224025467
41.500224029943
41.500224032601
41.5002240327
41.5002240327
41.500224032653
41.500224033113
41.500224027563
41.500224032314
41.500224028112
41.500224032852
41.500224029412
41.500224028776
41.500224029248
41.500224031929
41.500224028274
41.500224032278
41.500224032491
41.500224028676
41.500224031231
41.500224032314
41.50022403082
41.500224031454
41.500224030926
41.50022402242
41.500224031454
41.500224027702
41.500224
41.500224026906
41.500224030926
"n_200_d_10_tr_10_a_79x79_idx_1_p_mprt2"
41.500224033113
41.500224021825
41.500224032286
41.500224031949
41.500224022644
41.500224032146
41.500224032466
41.500224030676
41.500224033079
41.500224031201
41.500224033343
41.500224031681
41.500224033343
41.500224031571
41.500224033098
41.500224032718
41.500224031424
41.500224031697
41.500224033214
41.500224033214
41.500224032915
41.500224032602
41.500224032852
41.500224032376
41.50022403191
41.500224033154
41.500224031697
41.500224032217
41.50022403191
41.500224022243
41.500224027359
41.500224032947
41.500224033113
41.500224030155
41.500224032921
41.500224032921
41.500224032626
41.500224030121
41.500224031735
41.500224031825
41.500224032537
41.50022403221
41.500224025528
41.50022403255
41.500224028186
41.500224030717
41.50022403311
41.500224032869
41.50022403255
41.500224032063
41.500224031929
41.500224032155
41.500224031375
41.500224030076
41.500224031375
41.500224031983
41.500224031983
41.500224029248
41.500224030534
41.50022403203
41.500224033224
41.50022403203
41.500224030343
41.500224028312
41.500224032933
41.500224032933
41.500224030713
41.500224033318
41.500224027142
41.500224033224
41.500224032627
41.500224033162
41.500224033067
41.500224028274
41.50022403123
41.500224033067
41.500224032278
41.500224032491
41.50022403311
41.500224029073
41.500224030187
41.500224030675
41.500224031949
41.500224030885
41.500224031661
41.500224031128
41.50022403238
41.500224027284
41.500224029706
41.500224029455
41.500224033098
41.500224032538
41.500224025171
41.500224031317
41.500224031085
41.500224027613
41.500224029205
41.500224032422
41.500224027323
41.500224032738
41.500224032422
41.500224032738
41.500224031825
41.500224029651
41.500224032626
41.500224032915
41.500224032556
41.500224032947
41.500224026235
41.500224033318
41.500224033335
41.50022402834
41.500224032538
41.500224029146
41.500224026855
41.500224027752
41.50022403221
41.500224030717
41.500224033162
41.50022401778
41.500224031424
41.500224032454
41.500224030676
41.500224032866
41.500224031454
41.500224030926
41.50022402242
41.500224031454
41.500224027563
41.500224031929
41.500224027626
41.500224032073
41.500224029943
41.500224030364
41.500224031857
41.500224032349
41.500224029933
41.500224028427
41.500224032894
41.500224032869
41.500224032031
41.500224032719
41.500224033079
41.500224029943
41.500224032646
41.500224032646
41.500224032967
41.500224032894
41.500224032646
41.500224032646
41.500224032314
41.500224028112
41.500224032852
41.500224029412
41.500224028776
41.50022403082
41.500224032314
41.500224031231
41.500224028676
41.500224021956
41.500224029481
41.500224032955
41.500224032967
41.500224032537
41.500224026906
41.500224027702
41.500224030926
41.500224032653
41.5002240327
41.500224032601
41.5002240327
41.500224031498
41.500224024319
41.500224020923
41.500224032741
41.50022402931
41.500224029184
41.500224031498
41.5002240331
41.500224030155
41.500224027857
41.500224027221
41.500224030035
41.50022403256
41.500224029277
41.50022403302
41.500224022541
41.500224030932
41.500224032602
41.50022403302
41.500224025036
41.500224032532
41.500224032719
41.500224031705
41.500224032376
41.500224030831
41.500224029655
41.500224033335
41.500224
41.500224025467
"n_200_d_15_tr_10_a_64x64_idx_2_p_abba2"
41.50022402987
41.500224029872
41.500224031943
41.500224032494
41.500224033289
41.500224032507
41.500224032743
41.50022402799
41.500224032488
41.500224030909
41.500224033067
41.500224030449
41.500224032186
41.500224032578
41.500224033289
41.500224032662
41.500224033067
41.500224032793
41.500224032507
41.500224033047
41.500224032793
41.500224031608
41.500224031426
41.500224031646
41.500224031506
41.500224030433
41.500224033047
41.500224032743
41.50022402824
41.500224030029
41.500224032507
41.500224033315
41.500224031924
41.500224029731
41.500224031875
41.500224031886
41.500224030072
41.500224031924
41.500224033042
41.500224032328
41.500224032067
41.500224031173
41.500224031252
41.500224003791
41.500224003791
41.500224032774
41.500224031584
41.500224032561
41.5002240292
41.50022403303
41.500224031158
41.50022403331
41.500224031389
41.50022403303
41.500224032639
41.500224032162
41.50022403234
41.500224032067
41.500224032321
41.500224033315
41.500224033259
41.500224033042
41.500224032143
41.500224030365
41.500224032543
41.500224032695
41.500224032029
41.500224031382
41.500224032638
41.500224033292
41.500224032657
41.500224030673
41.500224031952
41.500224032532
41.500224029724
41.500224032609
41.500224033192
41.500224031829
41.500224032774
41.500224033047
41.500224033192
41.500224030756
41.500224032562
41.500224033047
41.500224032143
41.500224033267
41.500224031805
41.500224029472
41.500224032357
41.500224032487
41.500224032377
41.500224033259
41.500224032609
41.500224033013
41.500224030629
41.500224033267
41.500224032358
41.500224031797
41.50022403331
41.500224030439
41.500224032328
41.500224032862
41.500224032278
41.500224032854
41.500224033292
41.500224028794
41.500224032543
41.500224031652
41.500224033223
41.500224032862
41.500224032487
41.500224028937
41.500224032695
41.500224032819
41.500224032435
41.500224029116
41.500224033132
41.500224032992
41.50022403188
41.50022403288
41.500224032764
41.500224032114
41.50022403325
41.500224027599
41.500224030965
41.500224032119
41.500224033106
41.500224033081
41.500224033223
41.500224032854
41.50022403262
41.500224030919
41.500224032778
41.50022403325
41.500224031829
41.500224029745
41.500224029184
41.500224033106
41.500224032574
41.50022403325
41.50022403331
41.500224032694
41.500224032694
41.500224031435
41.500224028601
41.500224032119
41.500224031255
41.500224029963
41.500224033259
41.500224033048
41.500224032665
41.50022403331
41.500224032114
41.500224031515
41.500224032411
41.500224033316
41.500224033213
41.500224033064
41.500224032662
41.500224033132
41.500224031242
41.500224032952
41.500224032176
41.500224033112
41.500224033081
41.50022403197
41.500224031646
41.500224030538
41.500224031027
41.500224030493
41.500224032965
41.500224031522
41.500224031706
41.500224032881
41.500224032011
41.500224031419
41.500224032882
41.500224031165
41.500224033259
41.500224032928
41.500224029128
41.500224032574
41.500224032881
41.500224031435
41.500224032912
41.500224032011
41.500224030771
41.500224032882
41.500224030526
41.500224033316
41.500224032548
41.500224032662
41.500224028795
41.500224032952
41.500224032418
41.500224023131
41.500224032418
41.500224032548
41.500224031242
41.500224033112
"n_200_d_15_tr_10_a_64x64_idx_2_p_cds3"
41.50022403188
41.500224029184
41.500224033132
41.500224032819
41.500224032435
41.500224032119
41.500224032992
41.500224029116
41.500224033106
41.500224032952
41.500224031652
41.500224032662
41.500224033106
41.500224032609
41.50022403331
41.500224032562
41.500224030439
41.500224029724
41.500224031829
41.500224032774
41.500224032532
41.500224033192
41.500224032328
41.500224031173
41.500224032162
41.500224029472
41.50022403303
41.50022403288
41.500224032764
41.500224028794
41.500224032358
41.500224033292
41.500224027599
41.500224031797
41.500224033047
41.500224032114
41.500224031829
41.500224029963
41.50022403325
41.500224030919
41.500224032778
41.50022403262
41.500224031515
41.500224030756
41.500224033048
41.500224033259
41.50022403331
41.500224032854
41.500224031706
41.500224032881
41.500224032928
41.500224033316
41.500224033213
41.500224032574
41.500224032882
41.500224032665
41.50022403325
41.500224032114
41.50022403331
41.50022403325
41.500224031435
41.500224030493
41.500224032881
41.500224032694
41.500224032574
41.500224032011
41.500224032695
41.500224030629
41.500224032543
41.500224032377
41.500224031382
41.500224033042
41.500224032695
41.500224030365
41.500224033315
41.500224033259
41.500224033259
41.500224032487
41.500224032487
41.500224032029
41.500224028937
41.500224032862
41.500224033223
41.500224033267
41.500224031805
41.500224032143
41.500224032862
41.500224030673
41.500224032657
41.500224032328
41.500224032543
41.500224032011
41.500224031419
41.500224033259
41.500224031522
41.500224031165
41.500224032143
41.500224031252
41.500224032067
41.50022403234
41.500224033013
41.500224031886
41.500224032321
41.500224031924
41.500224032912
41.500224032882
41.500224030771
41.500224033316
41.500224030526
41.500224031435
41.5002240292
41.500224032774
41.500224032561
41.500224031158
41.500224030433
41.500224031584
41.500224032639
41.500224031875
41.500224031389
41.500224031608
41.500224032609
41.50022403331
41.500224033192
41.500224033047
41.500224032793
41.500224033292
41.500224031242
41.500224032662
41.500224030538
41.50022403197
41.500224032176
41.500224033132
41.500224033112
41.500224033064
41.500224031027
41.500224032418
41.500224031646
41.500224032952
41.500224032418
41.500224028795
41.500224031255
41.500224033267
41.500224032278
41.500224033042
41.500224032507
41.500224033315
41.500224030072
41.500224033067
41.500224031646
41.500224032793
41.500224031426
41.500224032507
41.500224032662
41.500224030909
41.500224031506
41.500224033067
41.500224032186
41.500224032488
41.500224031943
41.500224032743
41.500224029872
41.500224032743
41.500224033289
41.500224030449
41.500224032494
41.500224030029
41.500224032578
41.50022402824
41.50022402987
41.500224032507
41.500224031952
41.500224031924
41.50022402799
41.500224032694
41.500224028601
41.500224029128
41.500224033289
41.500224033047
41.500224003791
41.500224003791
41.500224032067
41.500224032548
41.500224032548
41.500224032854
41.500224032965
41.500224032119
41.500224033223
41.500224033081
41.500224030965
41.500224033081
41.500224023131
41.500224031242
41.500224033112
41.500224033047
41.500224032638
41.50022403303
41.500224032357
41.500224032411
41.500224029745
41.500224029731
"n_200_d_15_tr_10_a_64x64_idx_2_p_flooding"
41.500224032639
41.500224031584
41.500224031389
41.500224033292
41.500224033192
41.500224032774
41.500224032609
41.5002240292
41.500224032561
41.500224033047
41.500224033047
41.500224031797
41.50022403303
41.500224032162
41.50022403303
41.500224032638
41.500224031158
41.500224030433
41.500224028794
41.500224031875
41.500224032358
41.50022403331
41.500224032928
41.50022403325
41.500224032665
41.500224033316
41.500224031515
41.500224032114
41.500224032882
41.50022403325
41.500224033213
41.50022403331
41.500224033048
41.50022403325
41.500224032574
41.500224032881
41.500224031829
41.500224032778
41.500224032114
41.500224030919
41.500224029963
41.500224032695
41.500224030629
41.500224032543
41.500224032377
41.500224031382
41.500224033042
41.500224032695
41.500224030365
41.500224033315
41.500224033259
41.500224033259
41.500224032487
41.500224032487
41.500224032029
41.500224028937
41.50022403188
41.500224029184
41.500224033132
41.500224032819
41.500224032435
41.500224032119
41.500224032992
41.500224029116
41.500224033106
41.500224032952
41.500224031652
41.500224032662
41.500224033106
41.500224031608
41.50022403331
41.500224031829
41.500224032774
41.500224033047
41.500224032793
41.500224031924
41.500224033042
41.500224032143
41.500224032507
41.500224031252
41.500224033315
41.500224032067
41.500224032328
41.500224032657
41.500224030673
41.500224031886
41.500224030072
41.500224030449
41.500224031952
41.500224029872
41.50022402799
41.500224031943
41.500224033289
41.500224031173
41.500224033067
41.50022402987
41.500224032186
41.500224032507
41.500224032494
41.500224032488
41.500224032743
41.500224033292
41.500224032764
41.500224027599
41.50022403288
41.500224032694
41.500224031426
41.500224032793
41.500224033067
41.500224031646
41.500224032743
41.500224031924
41.500224032067
41.50022403262
41.500224030756
41.500224032854
41.500224030439
41.500224032862
41.500224033223
41.500224032328
41.500224033223
41.500224032562
41.500224033192
41.500224033259
41.500224032507
41.500224030909
41.500224032662
41.500224031506
41.500224033064
41.500224031646
41.500224028795
41.500224031255
41.500224032662
41.500224030538
41.500224033081
41.500224031242
41.500224033112
41.500224033132
41.500224023131
41.500224031242
41.500224033112
41.50022403197
41.500224032418
41.500224032176
41.500224030029
41.500224032578
41.50022402824
41.500224031706
41.500224032011
41.500224033259
41.500224031419
41.500224032011
41.500224031522
41.500224032881
41.500224031435
41.500224031165
41.500224032882
41.500224032609
41.50022403331
41.500224029724
41.500224032532
41.500224029472
41.500224032912
41.500224030771
41.500224030493
41.500224033316
41.500224032574
41.500224030526
41.500224031435
41.500224032694
41.500224028601
41.500224029128
41.500224031805
41.500224033267
41.500224032143
41.500224032862
41.500224032543
41.500224033267
41.500224032278
41.500224032965
41.500224033289
41.500224033013
41.500224031027
41.500224032952
41.500224032548
41.500224032418
41.500224032357
41.500224032321
41.50022403234
41.500224030965
41.500224033081
41.500224003791
41.500224003791
41.500224033047
41.500224032548
41.500224032854
41.500224032119
41.500224032411
41.500224029745
41.500224029731
"n_200_d_15_tr_10_a_64x64_idx_2_p_mprt2"
41.50022403188
41.500224029184
41.500224033132
41.500224032819
41.500224032435
41.500224032119
41.500224032992
41.500224029116
41.500224033106
41.500224032952
41.500224031652
41.500224032662
41.500224033106
41.500224032609
41.50022403331
41.500224032562
41.500224030439
41.500224029724
41.500224031829
41.500224032774
41.500224032532
41.500224033192
41.500224032328
41.500224031173
41.500224032162
41.500224029472
41.50022403303
41.50022403288
41.500224032764
41.500224028794
41.500224032358
41.500224033292
41.500224027599
41.500224031797
41.500224033047
41.500224032114
41.500224031829
41.500224029963
41.50022403325
41.500224030919
41.500224032778
41.50022403262
41.500224031515
41.500224030756
41.500224033048
41.500224033259
41.50022403331
41.500224032854
41.500224031706
41.500224032881
41.500224032928
41.500224033316
41.500224033213
41.500224032574
41.500224032882
41.500224032665
41.50022403325
41.500224032114
41.50022403331
41.50022403325
41.500224031435
41.500224030493
41.500224032881
41.500224032694
41.500224032574
41.500224032011
41.500224032695
41.500224030629
41.500224032543
41.500224032377
41.500224031382
41.500224033042
41.500224032695
41.500224030365
41.500224033315
41.500224033259
41.500224033259
41.500224032487
41.500224032487
41.500224032029
41.500224028937
41.500224032862
41.500224033223
41.500224033267
41.500224031805
41.500224032143
41.500224032862
41.500224030673
41.500224032657
41.500224032328
41.500224032543
41.500224032011
41.500224031419
41.500224033259
41.500224031522
41.500224031165
41.500224032143
41.500224031252
41.500224032067
41.50022403234
41.500224033013
41.500224031886
41.500224032321
41.500224031924
41.500224032912
41.500224032882
41.500224030771
41.500224033316
41.500224030526
41.500224031435
41.5002240292
41.500224032774
41.500224032561
41.500224031158
41.500224030433
41.500224031584
41.500224032639
41.500224031875
41.500224031389
41.500224031608
41.500224032609
41.50022403331
41.500224033192
41.500224033047
41.500224032793
41.500224033292
41.500224031242
41.500224032662
41.500224030538
41.50022403197
41.500224032176
41.500224033132
41.500224033112
41.500224033064
41.500224031027
41.500224032418
41.500224031646
41.500224032952
41.500224032418
41.500224028795
41.500224031255
41.500224033267
41.500224032278
41.500224033042
41.500224032507
41.500224033315
41.500224030072
41.500224033067
41.500224031646
41.500224032793
41.500224031426
41.500224032507
41.500224032662
41.500224030909
41.500224031506
41.500224033067
41.500224032186
41.500224032488
41.500224031943
41.500224032743
41.500224029872
41.500224032743
41.500224033289
41.500224030449
41.500224032494
41.500224030029
41.500224032578
41.50022402824
41.50022402987
41.500224032507
41.500224031952
41.500224031924
41.50022402799
41.500224032694
41.500224028601
41.500224029128
41.500224033289
41.500224033047
41.500224003791
41.500224003791
41.500224032067
41.500224032548
41.500224032548
41.500224032854
41.500224032965
41.500224032119
41.500224033223
41.500224033081
41.500224030965
41.500224033081
41.500224023131
41.500224031242
41.500224033112
41.500224033047
41.500224032638
41.50022403303
41.500224032357
41.500224032411
41.500224029745
41.500224029731
"n_200_d_5_tr_10_a_112x112_idx_0_p_abba2"
41.500224028757
41.500224032193
41.500224022756
41.500224027292
41.500224029166
41.500224032159
41.500224027578
41.500224032193
41.500224032159
41.500224027554
41.500224033272
41.500224025193
41.500224028038
41.500224033272
41.500224032773
41.500224021767
41.500224028718
41.500224032773
41.500224032485
41.500224021767
41.500224029322
41.50022402742
41.500224032585
41.500224032585
41.500224028702
41.500224032377
41.500224028702
41.500224029066
41.500224030501
41.500224029378
41.500224024106
41.500224027649
41.500224032524
41.500224032014
41.500224027496
41.500224032524
41.500224024479
41.500224031463
41.500224031703
41.500224026418
41.500224032014
41.500224032624
41.500224031012
41.500224025838
41.500224029185
41.500224033208
41.500224014199
41.50022402225
41.500224025036
41.500224032925
41.500224024812
41.500224029994
41.500224030512
41.500224032413
41.500224027531
41.500224030377
41.500224024889
41.500224025642
41.500224031898
41.500224026354
41.500224031659
41.500224009865
41.500224028302
41.500224032264
41.500224016447
41.500224031224
41.500224031945
41.500224033119
41.500224028968
41.50022402746
41.500224025708
41.500224027532
41.500224033022
41.500224028033
41.500224031054
41.500224018178
41.500224013926
41.500224030962
41.500224014957
41.500224026125
41.500224025708
41.500224030746
41.500224028847
41.500224030492
41.500224031601
41.500224026768
41.500224032852
41.500224031687
41.50022402793
41.500224032753
41.50022402746
41.500224033208
41.500224033022
41.500224027048
41.500224026813
41.500224031799
41.500224027623
41.500224011571
41.500224009865
41.500224026039
41.500224026146
41.500224029802
41.500224025103
41.500224029588
41.500224025633
41.500224030881
41.500224032376
41.500224011074
41.500224024979
41.500224030454
41.500224032264
41.50022403047
41.500224027715
41.500224032852
41.500224032413
41.500224030117
41.500224022531
41.500224025043
41.500224025718
41.500224031224
41.500224033032
41.500224032925
41.500224019615
41.500224030492
41.500224031496
41.500224032162
41.500224031054
41.500224033104
41.500224017063
41.500224032186
41.50022403145
41.500224031645
41.500224029802
41.500224031496
41.500224033122
41.500224031659
41.500224031898
41.500224029994
41.50022401643
41.500224032186
41.500224028602
41.500224027886
41.500224031012
41.50022403047
41.500224031659
41.500224033104
41.500224030231
41.500224033122
41.500224011571
41.500224026125
41.500224019937
41.500224029834
41.500224033119
41.500224029281
41.500224031391
41.500224029624
41.500224027094
41.500224030014
41.500224032701
41.500224026813
41.500224030921
41.500224033291
41.500224030109
41.500224031645
41.500224033032
41.50022403047
41.50022402325
41.500224026146
41.500224028921
41.500224032736
41.500224029916
41.500224031799
41.500224029535
41.500224032715
41.50022403145
41.500224028453
41.500224033291
41.500224030109
41.500224032715
41.500224032376
41.50022402629
41.500224029797
41.500224032624
41.500224027961
41.500224028968
41.500224031687
41.500224026218
41.500224030296
41.500224020971
41.500224020412
41.500224020753
41.500224030271
41.500224028589
41.500224023688
41.500224028163
41.500224032753
41.500224016269
41.50022403289
41.500224031945
41.500224022154
"n_200_d_5_tr_10_a_112x112_idx_0_p_cds3"
41.500224029185
41.500224029802
41.500224028968
41.500224029802
41.500224027715
41.500224032159
41.500224032193
41.500224028757
41.500224027292
41.500224022756
41.500224029166
41.500224027578
41.500224032159
41.500224030377
41.500224030117
41.500224033032
41.500224033104
41.500224033032
41.500224033104
41.500224028033
41.500224026354
41.500224030962
41.500224031645
41.500224014957
41.500224032852
41.500224032186
41.500224024889
41.500224030109
41.500224025633
41.500224032193
41.500224025838
41.500224026146
41.500224025718
41.500224032753
41.500224032753
41.500224026146
41.500224030746
41.500224033122
41.500224030881
41.500224032186
41.500224025036
41.500224033208
41.500224031659
41.500224033208
41.500224028163
41.500224031659
41.500224031687
41.500224031391
41.500224032925
41.500224009865
41.500224009865
41.500224031054
41.500224031799
41.500224032264
41.500224030492
41.500224030492
41.500224031645
41.500224026125
41.500224028453
41.500224032925
41.500224026125
41.500224032264
41.500224032715
41.500224014199
41.500224026039
41.500224020971
41.500224027554
41.500224025193
41.500224033272
41.500224032773
41.500224028038
41.500224027531
41.500224032376
41.500224025642
41.50022402325
41.500224011074
41.500224032376
41.500224027094
41.500224026218
41.500224029066
41.500224032585
41.500224028702
41.500224029378
41.500224024106
41.50022402742
41.500224026813
41.500224028968
41.500224026813
41.500224031224
41.500224028921
41.500224031224
41.500224020412
41.500224025043
41.500224032413
41.500224032413
41.500224027532
41.500224031898
41.500224032162
41.500224027649
41.500224032014
41.500224032524
41.500224032524
41.500224031601
41.500224030271
41.500224029916
41.500224024812
41.500224027623
41.500224016447
41.500224033119
41.500224024979
41.500224027961
41.50022403047
41.500224024479
41.500224026418
41.500224031463
41.500224013926
41.500224020753
41.500224031687
41.50022403047
41.500224023688
41.50022403047
41.500224033122
41.500224031945
41.500224031012
41.500224029624
41.500224030014
41.500224031012
41.500224028602
41.500224019615
41.500224029994
41.50022403145
41.50022402793
41.50022403145
41.500224025708
41.500224033119
41.50022402225
41.500224025103
41.500224031703
41.500224032624
41.500224032624
41.500224027886
41.500224032715
41.50022403289
41.500224031945
41.500224029535
41.500224031898
41.500224030512
41.500224033291
41.500224033291
41.500224029834
41.50022401643
41.500224033022
41.500224022531
41.500224033022
41.500224028302
41.500224016269
41.500224019937
41.500224031054
41.500224032014
41.500224025708
41.500224029797
41.500224011571
41.500224026768
41.500224030296
41.500224029281
41.500224017063
41.500224031496
41.500224031496
41.500224031799
41.50022402629
41.500224018178
41.500224011571
41.50022402746
41.500224032485
41.500224021767
41.500224029322
41.500224028718
41.500224033272
41.500224029588
41.500224032736
41.500224032773
41.500224032585
41.500224028702
41.500224031659
41.500224029994
41.500224030454
41.500224028847
41.500224032377
41.500224032701
41.500224030231
41.500224030501
41.500224027496
41.500224030921
41.500224021767
41.50022402746
41.500224028589
41.500224027048
41.500224032852
41.500224030109
41.500224022154
"n_200_d_5_tr_10_a_112x112_idx_0_p_flooding"
41.500224029322
41.500224028718
41.500224033272
41.500224032773
41.500224028038
41.500224032585
41.500224032485
41.500224032585
41.500224028702
41.500224031012
41.500224031012
41.500224025838
41.500224026146
41.500224025718
41.500224032753
41.500224032753
41.500224026146
41.500224030746
41.500224033122
41.500224030881
41.500224029185
41.500224029802
41.500224028968
41.500224029802
41.500224027715
41.500224033208
41.500224028163
41.500224026125
41.500224032925
41.500224033208
41.500224028453
41.500224032925
41.500224031659
41.500224026125
41.500224014199
41.500224031659
41.500224031391
41.500224026039
41.500224020971
41.50022402225
41.500224033119
41.500224025103
41.500224029797
41.500224025708
41.50022403047
41.500224025708
41.500224025036
41.500224027531
41.500224027961
41.500224032701
41.500224024812
41.500224030231
41.500224030271
41.500224029916
41.500224031601
41.500224031898
41.500224031898
41.500224029994
41.500224019615
41.500224030512
41.500224033291
41.500224033291
41.500224029994
41.50022403145
41.50022403145
41.50022402793
41.500224029834
41.500224032413
41.500224025043
41.500224030492
41.500224032773
41.500224025193
41.50022402742
41.500224032376
41.500224029378
41.500224024106
41.500224028702
41.500224027649
41.500224032524
41.500224032159
41.500224032193
41.500224028757
41.500224027292
41.500224022756
41.500224029166
41.500224027578
41.500224032159
41.500224030377
41.500224030117
41.500224033032
41.500224033104
41.500224033032
41.500224033104
41.500224028033
41.500224024889
41.500224030109
41.500224031645
41.500224032852
41.500224031645
41.500224026354
41.500224030962
41.500224025642
41.50022402325
41.500224011074
41.500224032376
41.500224032162
41.500224027532
41.500224032413
41.500224032193
41.500224033272
41.500224027554
41.500224014957
41.500224032186
41.500224009865
41.500224009865
41.500224031054
41.500224028302
41.500224016269
41.500224019937
41.500224031054
41.500224026418
41.500224024479
41.500224032014
41.500224032524
41.500224032014
41.500224027496
41.500224032264
41.500224032715
41.500224027886
41.500224032264
41.50022402629
41.50022403289
41.500224016447
41.500224027623
41.500224031224
41.500224026813
41.500224020412
41.500224026813
41.500224031224
41.500224028968
41.500224032736
41.500224031945
41.500224029281
41.500224032715
41.500224017063
41.500224021767
41.500224021767
41.500224031463
41.500224033119
41.500224024979
41.500224029066
41.500224030454
41.500224028921
41.500224026218
41.50022402746
41.500224011571
41.500224033022
41.50022401643
41.500224018178
41.500224031496
41.500224032624
41.500224013926
41.500224020753
41.500224031687
41.500224032186
41.500224025633
41.500224033122
41.500224032377
41.500224028847
41.500224027048
41.500224031799
41.500224030492
41.500224026768
41.500224030296
41.500224031687
41.500224031703
41.500224032624
41.500224028602
41.50022402746
41.500224011571
41.500224033022
41.500224022531
41.500224028589
41.500224032852
41.500224030109
41.500224029535
41.500224027094
41.500224030501
41.500224029588
41.500224031799
41.500224031496
41.500224030921
41.500224029624
41.500224030014
41.50022403047
41.500224023688
41.50022403047
41.500224022154
41.500224031945
41.500224031659
"n_200_d_5_tr_10_a_112x112_idx_0_p_mprt2"
41.500224029185
41.500224029802
41.500224028968
41.500224029802
41.500224027715
41.500224032159
41.500224032193
41.500224028757
41.500224027292
41.500224022756
41.500224029166
41.500224027578
41.500224032159
41.500224030377
41.500224030117
41.500224033032
41.500224033104
41.500224033032
41.500224033104
41.500224028033
41.500224026354
41.500224030962
41.500224031645
41.500224014957
41.500224032852
41.500224032186
41.500224024889
41.500224030109
41.500224025633
41.500224032193
41.500224025838
41.500224026146
41.500224025718
41.500224032753
41.500224032753
41.500224026146
41.500224030746
41.500224033122
41.500224030881
41.500224032186
41.500224025036
41.500224033208
41.500224031659
41.500224033208
41.500224028163
41.500224031659
41.500224031687
41.500224031391
41.500224032925
41.500224009865
41.500224009865
41.500224031054
41.500224031799
41.500224032264
41.500224030492
41.500224030492
41.500224031645
41.500224026125
41.500224028453
41.500224032925
41.500224026125
41.500224032264
41.500224032715
41.500224014199
41.500224026039
41.500224020971
41.500224027554
41.500224025193
41.500224033272
41.500224032773
41.500224028038
41.500224027531
41.500224032376
41.500224025642
41.50022402325
41.500224011074
41.500224032376
41.500224027094
41.500224026218
41.500224029066
41.500224032585
41.500224028702
41.500224029378
41.500224024106
41.50022402742
41.500224026813
41.500224028968
41.500224026813
41.500224031224
41.500224028921
41.500224031224
41.500224020412
41.500224025043
41.500224032413
41.500224032413
41.500224027532
41.500224031898
41.500224032162
41.500224027649
41.500224032014
41.500224032524
41.500224032524
41.500224031601
41.500224030271
41.500224029916
41.500224024812
41.500224027623
41.500224016447
41.500224033119
41.500224024979
41.500224027961
41.50022403047
41.500224024479
41.500224026418
41.500224031463
41.500224013926
41.500224020753
41.500224031687
41.50022403047
41.500224023688
41.50022403047
41.500224033122
41.500224031945
41.500224031012
41.500224029624
41.500224030014
41.500224031012
41.500224028602
41.500224019615
41.500224029994
41.50022403145
41.50022402793
41.50022403145
41.500224025708
41.500224033119
41.50022402225
41.500224025103
41.500224031703
41.500224032624
41.500224032624
41.500224027886
41.500224032715
41.50022403289
41.500224031945
41.500224029535
41.500224031898
41.500224030512
41.500224033291
41.500224033291
41.500224029834
41.50022401643
41.500224033022
41.500224022531
41.500224033022
41.500224028302
41.500224016269
41.500224019937
41.500224031054
41.500224032014
41.500224025708
41.500224029797
41.500224011571
41.500224026768
41.500224030296
41.500224029281
41.500224017063
41.500224031496
41.500224031496
41.500224031799
41.50022402629
41.500224018178
41.500224011571
41.50022402746
41.500224032485
41.500224021767
41.500224029322
41.500224028718
41.500224033272
41.500224029588
41.500224032736
41.500224032773
41.500224032585
41.500224028702
41.500224031659
41.500224029994
41.500224030454
41.500224028847
41.500224032377
41.500224032701
41.500224030231
41.500224030501
41.500224027496
41.500224030921
41.500224021767
41.50022402746
41.500224028589
41.500224027048
41.500224032852
41.500224030109
41.500224022154
