"n_200_d_15_tr_10_a_64x64_idx_2_p_mprt2"
-0.17253082058906
-0.172366402375
-0.17217226735166
-0.17174252893965
-0.17203109884872
-0.17307645205534
-0.17325285170852
-0.17238468355671
-0.17249143580226
-0.17225060050118
-0.17254589966782
-0.17266666092734
-0.17278300045438
-0.17217595499273
-0.17227673876662
-0.17301299294411
-0.172611293938
-0.17238477583429
-0.17229881505988
-0.17343937089171
-0.17302566489027
-0.17293185385154
-0.17249234123792
-0.17238017574943
-0.17227043712626
-0.17267189119012
-0.17297603367434
-0.17258620239508
-0.17325655340377
-0.17250827819197
-0.17204400453638
-0.17225019399606
-0.1727475013596
-0.1724819085677
-0.17164284322316
-0.17428157233243
-0.17214932286977
-0.1725001848994
-0.17288617944934
-0.17340721052223
-0.17246935969525
-0.17215471617676
-0.17333328663764
-0.17280184309317
-0.17366042829326
-0.17315699290435
-0.17347587179186
-0.1723918144434
-0.17254045917766
-0.17332037994644
-0.17278832000518
-0.1731953711378
-0.1732071202353
-0.1736626494651
-0.17327680006268
-0.17264801547769
-0.17364151110382
-0.17233759151844
-0.17415442753503
-0.17280705338251
-0.17301903916825
-0.17340937015749
-0.17269779783878
-0.1735087021976
-0.17299200886125
-0.17250729756996
-0.17273495704779
-0.17132022076985
-0.17216855256672
-0.17176197494255
-0.1723325942185
-0.17282018236743
-0.17223589863419
-0.17250910672386
-0.17325300591388
-0.17293058667548
-0.17195208229132
-0.1721252243081
-0.17236197517381
-0.17268989207078
-0.17151041762473
-0.17299575351306
-0.17229686014104
-0.17296891668573
-0.17322536839385
-0.17287494910776
-0.17223417550478
-0.17302787849405
-0.17336764158099
-0.17253707831072
-0.17297214819576
-0.1721093117841
-0.17207235384476
-0.17224512531678
-0.17353845009761
-0.17191589220984
-0.17337890422218
-0.1733955341431
-0.17359298788772
-0.1728535572483
-0.1721781681958
-0.17381117561166
-0.17272309060318
-0.17352651544248
-0.17263071709066
-0.17244445520491
-0.17231356034519
-0.17229960693927
-0.17234396657766
-0.17276045941467
-0.17323234419323
-0.17356796835678
-0.1727081460494
-0.17202032114401
-0.17358564537234
-0.17241246026966
-0.17211933534866
-0.17272839289628
-0.17209175459556
-0.17339740757335
-0.17296046100319
-0.17367153369567
-0.17274471526743
-0.17382213406759
-0.17286745238726
-0.17228011288338
-0.1720850953132
-0.17247807552219
-0.17238404793095
-0.17358049297076
-0.17305668227647
-0.17270815162198
-0.17260973014909
-0.17338973903846
-0.1719000679852
-0.17133561874813
-0.17298431966616
-0.17207355002674
-0.1725761769117
-0.17164808286228
-0.17322378998312
-0.17200078827802
-0.17203172305213
-0.17332880469198
-0.17381278320916
-0.17382096863852
-0.17371932612289
-0.17311145814612
-0.17315725045435
-0.17288508279353
-0.17366581879763
-0.17283418229144
-0.17335488886922
-0.17326293719323
-0.17328165824321
-0.17323475613973
-0.17320320930717
-0.17286865949836
-0.17225757756035
-0.17236542575641
-0.17240588425214
-0.17282506354444
-0.17248877058184
-0.17303077730758
-0.17247074865077
-0.17218168799799
-0.17217401110614
-0.17232085358182
-0.17400372352662
-0.17261004212097
-0.17209564620426
-0.17292173196633
-0.17258958375888
-0.17276290968651
-0.17229431820934
-0.16917196565849
-0.17148030704626
-0.17180671767351
-0.17023714110208
-0.16868689610631
-0.17385136148954
-0.17262926560872
-0.17153648586571
-0.17067643102966
-0.17255905506635
-0.17328529207604
-0.17211458933419
-0.17241621829625
-0.17314527623989
-0.17234137366172
-0.17099863136315
-0.17056564701028
-0.17085739178862
-0.17258735311116
-0.17195542129518
-0.17185769911319
-0.17241947721035
-0.17107163627723
-0.17022427983127
-0.17003138207946
