"n_200_d_10_tr_10_a_79x79_idx_1_p_cds3"
-0.16825344034748
-0.16825344011608
-0.16827136024638
-0.16821760023432
-0.16832512022186
-0.1685274628279
-0.16956361049451
-0.16868779825736
-0.16856056733464
-0.16954795648187
-0.16958310382998
-0.16981367926567
-0.16960210260232
-0.16952291305625
-0.1695206452309
-0.16971964707898
-0.16936448030113
-0.16863094371393
-0.16863811177474
-0.16863079153156
-0.16849715233179
-0.16841472025451
-0.16916301654186
-0.16845174382635
-0.16857882425346
-0.16857345677294
-0.1685680801104
-0.1696459463396
-0.1685633841505
-0.16906079128943
-0.16836096010944
-0.16857951231148
-0.16941824030054
-0.16836992020132
-0.16938240027374
-0.16847206616378
-0.16845414447748
-0.16836096028636
-0.16839680030686
-0.16850432030579
-0.16851865953794
-0.16841290368574
-0.1684326402393
-0.1694958279247
-0.16849354358906
-0.16845056029533
-0.16845056029754
-0.16842692697736
-0.16940032267234
-0.16955165605759
-0.16843703166188
-0.16841651410036
-0.1684119430755
-0.16839680026797
-0.16840396878445
-0.16947459944172
-0.16946483250306
-0.16946767880234
-0.16954368161941
-0.16852224394297
-0.16950784038546
-0.16840217675214
-0.16848640350026
-0.16952396857359
-0.16858496415976
-0.16938240321609
-0.1684438583358
-0.16840801690338
-0.16954547539856
-0.16958200745382
-0.16945408060538
-0.16843848295378
-0.16941824102068
-0.16837888048766
-0.16849450022138
-0.1684641253455
-0.16929280030523
-0.16941824150524
-0.1694003203383
-0.1685816635786
-0.16855808325161
-0.16959562524609
-0.16959952017899
-0.16964936249853
-0.168667395487
-0.16961578295311
-0.16821760024553
-0.16825344021935
-0.1683968002765
-0.1683054082591
-0.16957952133246
-0.16848471268674
-0.16851922534552
-0.16851922548319
-0.16945275323188
-0.16857108895585
-0.16850478503753
-0.16848507302282
-0.16843310492551
-0.16847432105175
-0.16833956111257
-0.1683968002985
-0.16938240410166
-0.16950784027168
-0.1684613139865
-0.16849715240896
-0.16851484154354
-0.16952082907683
-0.16847119059617
-0.16940032055186
-0.16945293060932
-0.16938240168771
-0.16936448286863
-0.16941066868871
-0.16931390021219
-0.16946158803466
-0.16940032029318
-0.16841472162146
-0.16952127277028
-0.16952576015715
-0.16850073631502
-0.16944333059392
-0.16862278057996
-0.16963946868499
-0.16925696026893
-0.16821760023872
-0.16932864037865
-0.16923904024506
-0.16842905626014
-0.16945408302182
-0.1694895262207
-0.16975613103229
-0.16839617023299
-0.16843917992405
-0.1685745742974
-0.1685222402809
-0.16874444956664
-0.16873190654596
-0.16877520119724
-0.1697814823649
-0.16968016007464
-0.16969987420992
-0.16885114847264
-0.16882785065186
-0.16980628406767
-0.16884118478012
-0.16887086012829
-0.16879738722706
-0.16881172391566
-0.16876595318625
-0.16832332835356
-0.16833945631622
-0.16905717925947
-0.16839142433182
-0.16841113629849
-0.16834757636881
-0.16832427971862
-0.16839142477231
-0.16829919144856
-0.16844303422244
-0.16842149479472
-0.16943039061108
-0.16862617774229
-0.169446913442
-0.16834124856426
-0.16931114153188
-0.16834304118132
-0.16837888072242
-0.16837888044463
-0.16936448027478
-0.16839142429558
-0.1683161602427
-0.16834304016554
-0.16929280012479
-0.16827136022551
-0.16834304083554
-0.16971670803742
-0.16818176017839
-0.16940569671111
-0.16823552025708
-0.16830720025817
-0.16947200307952
-0.16841472227387
-0.16841472106918
-0.1683609630774
-0.16944737595745
-0.16940032016522
-0.16850432129996
-0.16947200027465
-0.1694361627819
-0.16939361763982
-0.16851191059991
-0.16856166566901
-0.16859255161047
-0.1683072002518
-0.16877197700594
-0.1695860595132
-0.16941824318796
-0.168162048
-0.16828928018748
