"n_200_d_15_tr_10_a_64x64_idx_2_p_flooding"
-0.16757069272489
-0.16757427600182
-0.16755994107087
-0.16755814846314
-0.16757248404249
-0.16755635536189
-0.16756889958112
-0.16756352485718
-0.16755994026445
-0.16756173116968
-0.1675258923589
-0.16755277213409
-0.1675796526047
-0.16756890117328
-0.16751155490743
-0.16750976360072
-0.16755277226971
-0.16755277232078
-0.1675366446167
-0.16754560483862
-0.1674972181865
-0.16758144196294
-0.1675706933493
-0.16755277203897
-0.16755994021567
-0.16757069330631
-0.16758144468519
-0.16757606923566
-0.16757248545851
-0.16756173328339
-0.1675796531546
-0.16756710890989
-0.16758323666154
-0.16753843536725
-0.1675617308639
-0.16756531623824
-0.16752768425423
-0.16755097914566
-0.16755814805636
-0.16755456394308
-0.16751334813128
-0.16755635581194
-0.16748825913386
-0.16753485237139
-0.16750617972067
-0.16754381194029
-0.16755635618716
-0.16752051584843
-0.16755994011971
-0.16755456314355
-0.16756531590551
-0.1675205152722
-0.16753843577635
-0.1675205143047
-0.16751514026524
-0.16750797218261
-0.16752410057662
-0.1675330604277
-0.16751334893632
-0.16752051512681
-0.16752051545617
-0.16751693201976
-0.16753664475138
-0.16752589225487
-0.16754560289932
-0.16751693198478
-0.16749363383748
-0.16749184387864
-0.16753664495006
-0.16754201999731
-0.16754739596943
-0.16755993994776
-0.16757427678806
-0.16756173168241
-0.16753664452254
-0.16753664275734
-0.16753843751326
-0.16754201812346
-0.16753664489758
-0.16755635634788
-0.16753843688558
-0.16755098023264
-0.16753126938232
-0.16752230728935
-0.1675348527965
-0.16755277226905
-0.16753843513105
-0.16753843669175
-0.16751872382323
-0.16753664432258
-0.16755098124464
-0.16754381368396
-0.16752768442793
-0.16750617877153
-0.16755635714856
-0.16751693248878
-0.16755635614492
-0.1675563571282
-0.16754739706918
-0.16752409886753
-0.16752589180695
-0.16751334867205
-0.16752051443102
-0.16752768412344
-0.16750438539407
-0.16754739616805
-0.16753126733677
-0.16752947550125
-0.16753485173051
-0.16751872285832
-0.16752230719638
-0.1675187242336
-0.1675223084634
-0.16754022768426
-0.16755277102758
-0.16752768425986
-0.16754201922147
-0.16753126674704
-0.167531266875
-0.16751693125026
-0.16752589247111
-0.1675402281784
-0.16757427682378
-0.1675545644346
-0.16755277177478
-0.16756710942709
-0.16756352326835
-0.16753306004576
-0.16754739698498
-0.1675330605101
-0.16752947578523
-0.16754739565892
-0.16753843647274
-0.16754201934376
-0.16752051624389
-0.16754201962334
-0.16753843678959
-0.16753664455427
-0.1674918431601
-0.16750797028808
-0.16747750557647
-0.1675473958088
-0.1675061774504
-0.16754739667139
-0.16749901191108
-0.16750438798133
-0.16749901156507
-0.16754022762566
-0.16754201991066
-0.16752589095925
-0.16750438769984
-0.16755277252728
-0.16752589021526
-0.16753305981232
-0.16754560369456
-0.16750438589488
-0.1675330604197
-0.16753843528904
-0.16754739566815
-0.16754739371718
-0.1675384367889
-0.16752051656711
-0.16753305997482
-0.16751334775052
-0.1675456039745
-0.16749721925508
-0.16754739578813
-0.1674972183987
-0.1675294756702
-0.16752409901001
-0.16751513919218
-0.16745600039607
-0.16751514063264
-0.16751514173012
-0.1675061816495
-0.1675223077263
-0.16752051398692
-0.1675008020086
-0.16749542759199
-0.16752589105728
-0.16747571293112
-0.16749901159578
-0.16752051549872
-0.16750259446767
-0.16748646604178
-0.16750080261534
-0.16753306042632
-0.16754560507177
-0.16754202068704
-0.16752410020124
-0.16751334662183
-0.16745600138541
-0.16745420977247
-0.16746496202398
-0.16748646928101
-0.16747212857324
-0.16751334728078
-0.16748825658908
-0.16750438421247
-0.16744883217684
