"n_200_d_10_tr_10_a_79x79_idx_1_p_flooding"
-0.16756352486731
-0.16756173103008
-0.1675581490255
-0.16755456581933
-0.16754202096448
-0.16754202110099
-0.16755098150848
-0.1675402294416
-0.16756173199153
-0.16752589140324
-0.16754201953576
-0.16755098069148
-0.1675617330136
-0.16755994143025
-0.16755993810336
-0.16752051676704
-0.16754022815972
-0.16756890218184
-0.16752051564734
-0.16754201942023
-0.16749363332594
-0.16750080313739
-0.1675061789033
-0.16749004973185
-0.16743628817839
-0.16748646728313
-0.16748825719624
-0.16748108896851
-0.16749901288704
-0.16750797221808
-0.16750617998452
-0.16749363607528
-0.16750080336623
-0.16751514077644
-0.16750976399774
-0.16748288256202
-0.16748288034397
-0.16746496272522
-0.16744166530086
-0.16749363466428
-0.16747750681826
-0.1674649618377
-0.16749901096428
-0.16749004994977
-0.16750438693692
-0.16751155673991
-0.16751513943929
-0.16748109107994
-0.16749363559805
-0.16749184274703
-0.16752768331211
-0.16750080351088
-0.16749901155474
-0.16750080371234
-0.16749901020972
-0.16750438704238
-0.16750438720648
-0.16752410028189
-0.16751513980311
-0.16750976367789
-0.16752410090279
-0.16752051601939
-0.16751872380301
-0.16750797070169
-0.16751514021772
-0.16750976257567
-0.16751872311606
-0.16753843672862
-0.16753306000204
-0.16750438696856
-0.16748108859063
-0.16753664372066
-0.16750976278429
-0.16752768252981
-0.16747033838398
-0.16749721811394
-0.16749184203427
-0.1675276832819
-0.16750617880246
-0.16746317210166
-0.16751513932328
-0.16747033916758
-0.16748825702644
-0.1675330609317
-0.1675043876864
-0.16753306069686
-0.16750438744892
-0.16751693221509
-0.16753305898965
-0.16749721891736
-0.16752051513384
-0.16756531727291
-0.1675294775788
-0.16753843698745
-0.16753126845684
-0.1675473965459
-0.16752589350686
-0.16753126724779
-0.16755994076128
-0.16751693283769
-0.16754739715211
-0.16755814876806
-0.1675420198368
-0.1675438126609
-0.16747571486863
-0.1674972176451
-0.16748825830916
-0.16750797008428
-0.16750438655494
-0.16751155566905
-0.16749363567829
-0.1675276845737
-0.16753485258819
-0.1674864648867
-0.16753485290127
-0.16750438872839
-0.1675294765285
-0.16751155746797
-0.16750617975298
-0.16751155793606
-0.16751872264299
-0.16750617946309
-0.16751513990254
-0.16749005232898
-0.16753126713509
-0.1674882598426
-0.1674918428452
-0.1674990094078
-0.1674810910956
-0.16750438810693
-0.1675223075365
-0.16752589139758
-0.16750797135469
-0.16753664352575
-0.16752589140234
-0.16752768352015
-0.16749901179248
-0.16745958696586
-0.16751513783459
-0.16752051567979
-0.16752051677528
-0.16747571413985
-0.16748108950704
-0.16751693017767
-0.16752051401426
-0.16751513902832
-0.16750438736277
-0.16749900997597
-0.16751155497578
-0.16750438688115
-0.16751513991688
-0.16751693157189
-0.16751513957098
-0.16749722009304
-0.16751872401603
-0.16750438787316
-0.16750976291711
-0.16750797144004
-0.1674936336065
-0.16750438639075
-0.16753126832138
-0.16753305913878
-0.16748288267964
-0.16745420966209
-0.16750976338966
-0.16751513887942
-0.16751334793101
-0.16749005067021
-0.16750617904323
-0.16749363566234
-0.16749900830018
-0.16749901167412
-0.16748467509851
-0.16748825867154
-0.1674954265605
-0.16750080346105
-0.16750080216672
-0.16747571344889
-0.1674900508659
-0.16749363508254
-0.16749542687136
-0.16747033908842
-0.16750438680537
-0.16749184500547
-0.16751514096928
-0.16749184233822
-0.1674667540905
-0.16750080306266
-0.16747033677122
-0.1675008030621
-0.1674757126266
-0.16749542708062
-0.16747750451826
-0.16747212823872
-0.16748825700889
-0.16745958509538
-0.16747213021286
-0.16742912
-0.16748825930172
-0.16748825840203
