"n_200_d_15_tr_10_a_64x64_idx_2_p_abba2"
-0.16719616030678
-0.16622848031867
-0.16621952033856
-0.16621056036338
-0.16717824035968
-0.16719616036354
-0.16622848027398
-0.16620160027037
-0.16621056031198
-0.1662195203326
-0.1662105603585
-0.1662195202159
-0.16721408037945
-0.16721408038415
-0.1671424003216
-0.16720512033619
-0.16619264036868
-0.16717824036539
-0.16619264033433
-0.16620160034276
-0.16620160030162
-0.16620160032549
-0.16719616029893
-0.1662105602615
-0.16621056034057
-0.16721541747219
-0.16717824033273
-0.16620160036048
-0.16619264026278
-0.16717824028425
-0.16724096035765
-0.16722304037004
-0.1662195203637
-0.16712448017684
-0.16718853754725
-0.16621952036324
-0.16621952033113
-0.16672128023902
-0.16624460835638
-0.16718720030793
-0.16624640031286
-0.16716032028281
-0.1672481283349
-0.16714240001516
-0.16714240001516
-0.16623877752309
-0.16623877763418
-0.16623877718278
-0.16723200031545
-0.16671232029557
-0.16724096032842
-0.16670469709009
-0.16625311372016
-0.1662387770431
-0.16673157766393
-0.16624773718333
-0.16717824034537
-0.16619264033457
-0.16621056034514
-0.16623744032784
-0.16721408031325
-0.16624640037236
-0.16671411229188
-0.16724992034567
-0.16626432035927
-0.16626432027886
-0.16720332836564
-0.16724992029489
-0.16668544020767
-0.16674770573808
-0.16620160031188
-0.16716928031224
-0.16667648029216
-0.16671232033455
-0.1662016002711
-0.16719928932525
-0.1662047295082
-0.16720466501668
-0.16625848910042
-0.16622264941883
-0.16624773708441
-0.16624594518018
-0.16622085703569
-0.16622848029794
-0.1671943682928
-0.16621056034211
-0.16622131232456
-0.16623027226126
-0.16621056033781
-0.16717824035772
-0.16721408033644
-0.16619264036699
-0.16720512033987
-0.16671948838185
-0.16720332825364
-0.1667302403849
-0.1671782403331
-0.16672128033304
-0.16670336034828
-0.16719616027968
-0.1671872002955
-0.16719680222116
-0.16671769625926
-0.16657612826618
-0.16670336034507
-0.16672128029701
-0.16670336026708
-0.16717644821534
-0.16720512026144
-0.16672128024418
-0.16717824027593
-0.16619264026088
-0.16619264028362
-0.16667891430432
-0.16618432229876
-0.1666950421432
-0.16631091235664
-0.16669683426879
-0.16670515234355
-0.16716928028092
-0.16623564828541
-0.16723667134399
-0.16670982359055
-0.16720512022542
-0.16630195235854
-0.16670758621412
-0.16623091430327
-0.16711795418904
-0.16682700835716
-0.16671948834933
-0.16660121628454
-0.16658688026396
-0.16628940834676
-0.16678400035242
-0.16669440032867
-0.16715136021247
-0.16680973017342
-0.16723981025451
-0.16659763237465
-0.1662528631122
-0.16624211110092
-0.16722054316638
-0.16679475237609
-0.16626252826362
-0.16717107223367
-0.16668544034391
-0.16711372830514
-0.16659763230111
-0.16632166435951
-0.16721408035698
-0.1662170236506
-0.16670336030428
-0.16620089523684
-0.16620985522141
-0.16712448023543
-0.16722304036997
-0.16713424581625
-0.16623564831549
-0.16622489630014
-0.16623027229147
-0.16634675231518
-0.16619217776307
-0.16717644836765
-0.16626073632002
-0.16711372835634
-0.1664040962777
-0.16632524833912
-0.16721228830674
-0.1669184003094
-0.16685898337796
-0.16623923225336
-0.16709043231011
-0.16621952033593
-0.16622598312942
-0.16618547232849
-0.16628403233752
-0.1662241909579
-0.16716032033447
-0.16707072032466
-0.16620806286767
-0.16713523223999
-0.16660480036307
-0.16620490368307
-0.1671905038082
-0.16621207151258
-0.16671562393178
-0.16620490360604
-0.16631063199982
-0.16717258368298
-0.16668544030623
-0.16615633753486
-0.16616171392987
-0.16709580829731
-0.1665062403325
-0.16715852829275
-0.16619264020876
-0.1671567362249
-0.16686284831285
-0.16715852832667
-0.16715852834248
