"n_200_d_5_tr_10_a_112x112_idx_0_p_flooding"
-0.16750259361658
-0.16748646739596
-0.16750438735367
-0.16748646791032
-0.16750976199758
-0.16749363369647
-0.16749363364764
-0.16745958683482
-0.16746854771055
-0.16640947218259
-0.16642560033923
-0.16644710426362
-0.16643635226182
-0.16643635226218
-0.16643635229473
-0.16643635226352
-0.16643635214403
-0.1664309763147
-0.16643097634321
-0.16643635229459
-0.16642560025728
-0.16642022415778
-0.16643456025468
-0.16642560023244
-0.1664417282074
-0.16644710436418
-0.16644172826068
-0.1664345602348
-0.16644710428623
-0.16644172823086
-0.16644172829392
-0.16643097634758
-0.16643635221227
-0.16642380827919
-0.16642560006955
-0.16643635227907
-0.16643635226598
-0.16642560019888
-0.16642560008563
-0.16643635223758
-0.16643097631047
-0.16644172826368
-0.16643635232
-0.16642560027908
-0.16643635227222
-0.1664256001305
-0.16644172818294
-0.16641126421288
-0.1664202242133
-0.1664309762222
-0.16643635222727
-0.1664148482923
-0.16644710419185
-0.16642560017059
-0.16643635219664
-0.16644710427433
-0.16643635228237
-0.16640947224598
-0.16643097612143
-0.1664417283148
-0.16642380834815
-0.16642022432514
-0.16643993632005
-0.16643635233752
-0.16643635216482
-0.16643635228302
-0.16643097628366
-0.16641484821287
-0.16642918412443
-0.1664345602841
-0.16750976360747
-0.16750438701301
-0.16749363459308
-0.16642201636133
-0.16748288134346
-0.16748288129204
-0.16747750431582
-0.16748825630117
-0.16748825663802
-0.16749901112169
-0.1674703393444
-0.16746854756561
-0.167504386578
-0.16747033946078
-0.1674703395915
-0.16747929814595
-0.16749901046914
-0.1664363523128
-0.16644172830968
-0.16642560030873
-0.16642560031528
-0.16642560031442
-0.16642022424794
-0.16642560014401
-0.16644172823979
-0.16643635227701
-0.16643993632086
-0.16643635232406
-0.16643993630957
-0.16644172823795
-0.16643635226006
-0.1664202241217
-0.16642560019041
-0.1664148480443
-0.16642560018338
-0.16643456028554
-0.16644172822843
-0.166441728287
-0.16746496099278
-0.16748825937446
-0.16749184322996
-0.16642560009256
-0.1664291842993
-0.16641484803946
-0.16641126403946
-0.16641484814623
-0.16642560023457
-0.16642022415588
-0.1664202241999
-0.16642022424304
-0.16748288070462
-0.16745958668992
-0.16743091259616
-0.16748288238947
-0.1674703392032
-0.16743091210998
-0.1664399362452
-0.16643635226539
-0.16643097624601
-0.16642560030536
-0.16643097619034
-0.16644172826105
-0.16642022410971
-0.1664094721999
-0.16643635229078
-0.16643814423784
-0.16642560010539
-0.16643635222839
-0.16644531221156
-0.16644172823146
-0.16642380815858
-0.16644172824684
-0.16642022426398
-0.16643456023348
-0.16642560011736
-0.16743628808707
-0.16747571270501
-0.16747750426788
-0.1664202241976
-0.16642022417752
-0.16743091223006
-0.16643097627135
-0.16643456025368
-0.1664256002079
-0.16640947210984
-0.16642022404628
-0.16642022423314
-0.16642022414696
-0.16641484807271
-0.16642560016763
-0.16642022424606
-0.1664148480557
-0.16640947213763
-0.16643635228705
-0.16642918425542
-0.16641484818794
-0.16642560032148
-0.16746496381287
-0.16641484814362
-0.1664256003023
-0.1664220161838
-0.16641305613406
-0.16642560020042
-0.16643097624275
-0.16643097627137
-0.16747750427076
-0.1674416642485
-0.1664309761863
-0.16640947210984
-0.16642022404628
-0.16641484834606
-0.16641484813893
-0.1664238083208
-0.16643097627902
-0.16643097624912
-0.16641126428136
-0.16641484821842
-0.167430912122
-0.16642201621782
-0.16642560025644
-0.16643097630489
-0.16642560023742
-0.1664202241761
-0.16643097633298
-0.16642022423483
-0.16642560022608
-0.16642560030746
-0.16642380811021
-0.16642560029472
-0.16642560030264
