"n_200_d_10_tr_10_a_79x79_idx_1_p_mprt2"
-0.16922094043745
-0.16889100573055
-0.16966262831295
-0.16917497705078
-0.1697481652055
-0.17278785299122
-0.17224627416497
-0.17249737651411
-0.173294036304
-0.17252530649883
-0.17232367226051
-0.17255539007932
-0.17226046960178
-0.17192906962857
-0.17312986356235
-0.17271921890376
-0.17098819262412
-0.17192386732352
-0.17164239089077
-0.1715792320019
-0.17218844601967
-0.17211349340698
-0.17210686159223
-0.17159242349867
-0.172419122499
-0.17178715462421
-0.17116584304784
-0.17083304321636
-0.17182565955434
-0.17140209987564
-0.16914917157341
-0.17129699912789
-0.17175864420859
-0.17070239489095
-0.17124716597179
-0.17124429605552
-0.17155740710345
-0.17203024374678
-0.17253798747766
-0.17281214307044
-0.17272324732397
-0.17150239742027
-0.17040320636028
-0.17125320583894
-0.17064906777491
-0.17094236458114
-0.17125465031612
-0.17186150987256
-0.17142012049066
-0.17230031350044
-0.17328529616747
-0.17324068930934
-0.17242638546256
-0.17141281448771
-0.1728617194418
-0.17353873588561
-0.17210305269409
-0.17279616614166
-0.17212800910784
-0.17175436908571
-0.17232143903772
-0.17173743284942
-0.17163693152936
-0.17140023582954
-0.17239663030328
-0.17250053652566
-0.17183285493092
-0.17140155263375
-0.17216685037177
-0.17248141095838
-0.1714130599668
-0.17255892481031
-0.17258341706838
-0.17004591498233
-0.17126938040214
-0.17147384488996
-0.16947104845402
-0.17071049960256
-0.17071664962243
-0.1724547277688
-0.17206694067815
-0.17307526177661
-0.17272466494542
-0.1736614179955
-0.1737430502299
-0.17336435892219
-0.17037292730897
-0.17144127311205
-0.17212050204129
-0.170861281548
-0.17340828925049
-0.17318091091374
-0.172610582968
-0.17262030466795
-0.17203148825707
-0.17130292618894
-0.17156159866181
-0.17242102469794
-0.17159625364628
-0.17163225104625
-0.17107779904134
-0.17122434455383
-0.17270251939179
-0.17152963644221
-0.17321881759977
-0.17219963059373
-0.17231591592905
-0.17125511930668
-0.17124866913345
-0.17177559687558
-0.17190756514586
-0.17202488716183
-0.17039753723802
-0.1714188020652
-0.17031423741061
-0.17099867805091
-0.17080841354686
-0.17198021606759
-0.17362934870431
-0.17159695685129
-0.17175351776738
-0.17240221579982
-0.17291859163093
-0.1731040629113
-0.16898624152939
-0.1683300268241
-0.16963869347461
-0.16830720038142
-0.17071964459382
-0.17203102622982
-0.17187143285009
-0.17360893438737
-0.17197142322002
-0.17242035265021
-0.17208997344176
-0.17283626222024
-0.17315403771663
-0.1731641525568
-0.17214510559431
-0.1737155142623
-0.17170904576926
-0.1735805162395
-0.17342642552015
-0.17424920339176
-0.17276406867972
-0.17369536530254
-0.17358560915907
-0.17437917199221
-0.17400563633894
-0.17316866152309
-0.17139213133759
-0.1710464558261
-0.17165614658062
-0.17080563928914
-0.17138394435828
-0.17113916936231
-0.16959447211075
-0.17111580473718
-0.17000015433301
-0.17208925616223
-0.17201956400506
-0.17126545630626
-0.17339047903852
-0.17282465611608
-0.17037933716213
-0.17030950847094
-0.16954062521786
-0.17146406673628
-0.17091027994506
-0.17134674348933
-0.17166285077388
-0.17011294987519
-0.17077521158686
-0.17031943530716
-0.16949479388462
-0.17055728676402
-0.17351150365128
-0.16844164608606
-0.17099823138538
-0.17067367823988
-0.17095408151153
-0.17152023619983
-0.1710369820884
-0.17131345875534
-0.17123775077347
-0.17215127200983
-0.17115766746656
-0.17246757228817
-0.17131789335065
-0.17141099883413
-0.17174584614075
-0.1729007144777
-0.17326402355428
-0.17357916966496
-0.16985887456414
-0.17279559843476
-0.17326186071178
-0.17143081092248
-0.167122688
-0.17118737705327
