"n_200_d_10_tr_10_a_79x79_idx_1_p_abba2"
733.362093796003
733.362094563002
733.362094853003
733.362094897004
733.362094780006
864.500428607005
864.500428523002
864.500428937003
864.500427943003
813.677493383004
"n_200_d_10_tr_10_a_79x79_idx_1_p_cds3"
3.36041192100467
3.36041681500276
3.36041681500276
3.36041681500276
3.36041681500276
3.36041681500632
3.36041197100201
3.36041197100201
3.36041197100201
3.36041197100556
"n_200_d_10_tr_10_a_79x79_idx_1_p_flooding"
3.13640179900432
3.13638200000455
3.13638200000455
3.13638200000455
3.13638200000455
3.1363820000081
3.13638054700149
3.13638054700149
3.13638054700505
3.13638054700505
"n_200_d_10_tr_10_a_79x79_idx_1_p_mprt2"
493.464287640006
564.697313851003
257.971437632001
314.871441170006
601.469376773004
285.875172787005
235.284311185001
551.515946429003
247.034452086002
269.801202582006
"n_200_d_15_tr_10_a_64x64_idx_2_p_abba2"
542.602904624005
542.602905853002
542.602905853002
542.602905041004
523.962438095005
536.203460273004
536.203461290004
536.203461290004
536.203460620005
536.203461588006
"n_200_d_15_tr_10_a_64x64_idx_2_p_cds3"
2.24027689300499
2.24027291700324
2.24027291700324
2.24027291700324
2.24027291700324
2.24027291700324
2.24027389700154
2.24027389700154
2.2402738970051
2.2402738970051
"n_200_d_15_tr_10_a_64x64_idx_2_p_flooding"
2.016262890006
1.79224766100106
1.79224766100106
1.79224766100461
1.79224766100461
1.79224766100461
1.79224882200302
1.79224882200302
1.79224882200302
1.79224882200302
"n_200_d_15_tr_10_a_64x64_idx_2_p_mprt2"
192.016011883005
210.317779305001
192.991429134004
168.187970051004
222.696203081004
196.261090419004
219.559655088002
188.945300246004
206.193496431002
262.517559288003
"n_200_d_5_tr_10_a_112x112_idx_0_p_abba2"
643.630826276006
643.630826737002
643.630826737002
643.630826370007
643.630825561004
643.630825432005
643.630825914002
643.630825914002
643.630825907003
643.630826478006
"n_200_d_5_tr_10_a_112x112_idx_0_p_cds3"
1.12011619900443
1.12011670600154
1.12011670600154
1.12011670600154
1.12011670600509
1.12011670600509
1.12011782900368
1.12011782900368
1.12011782900368
1.12011782900368
"n_200_d_5_tr_10_a_112x112_idx_0_p_flooding"
2.24026488200479
2.2402643220012
2.2402643220012
2.24026432200475
2.24026432200475
2.24026432200475
2.24026393000543
2.24026393000543
2.24026393000543
2.24026393000543
"n_200_d_5_tr_10_a_112x112_idx_0_p_mprt2"
0.224026159003188
0.224025992000776
0.224025992000776
0.224025992004329
0.224025992004329
0.224025992004329
0.224025872000766
0.224025872004319
0.224025872004319
0.224025872004319
