"n_200_d_10_tr_10_a_79x79_idx_1_p_abba2"
5.02051282051282
5.02051282051282
5.02051282051282
5.02051282051282
5.04102564102564
4.845
4.93
4.925
4.955
4.825
"n_200_d_10_tr_10_a_79x79_idx_1_p_cds3"
2.39153439153439
2.37362637362637
2.37362637362637
2.37362637362637
2.37362637362637
2.37362637362637
2.53846153846154
2.53846153846154
2.53846153846154
2.53846153846154
"n_200_d_10_tr_10_a_79x79_idx_1_p_flooding"
2.825
2.79
2.79
2.79
2.79
2.79
2.82
2.82
2.82
2.82
"n_200_d_10_tr_10_a_79x79_idx_1_p_mprt2"
4.77358490566038
4.87730061349693
5.3203125
5.2312925170068
4.86503067484663
5.09615384615385
5.09166666666667
4.79754601226994
5.18867924528302
4.63513513513514
"n_200_d_15_tr_10_a_64x64_idx_2_p_abba2"
5.4
5.4
5.4
5.4
5.55
5.89
5.89
5.89
5.93
5.875
"n_200_d_15_tr_10_a_64x64_idx_2_p_cds3"
2.43654822335025
2.53807106598985
2.53807106598985
2.53807106598985
2.53807106598985
2.53807106598985
2.51776649746193
2.51776649746193
2.51776649746193
2.51776649746193
"n_200_d_15_tr_10_a_64x64_idx_2_p_flooding"
2.93
2.845
2.845
2.845
2.845
2.845
2.87
2.87
2.87
2.87
"n_200_d_15_tr_10_a_64x64_idx_2_p_mprt2"
6.71859296482412
6.54871794871795
6.61538461538461
6.66834170854271
7.27461139896373
7.14070351758794
7.04123711340206
6.78680203045685
7.1105527638191
7.13368983957219
"n_200_d_5_tr_10_a_112x112_idx_0_p_abba2"
4.35714285714286
4.35714285714286
4.35714285714286
4.35714285714286
4.35714285714286
4.35714285714286
4.35714285714286
4.35714285714286
4.40476190476191
4.40476190476191
"n_200_d_5_tr_10_a_112x112_idx_0_p_cds3"
2.125
2.125
2.125
2.125
2.125
2.125
2.125
2.125
2.125
2.125
"n_200_d_5_tr_10_a_112x112_idx_0_p_flooding"
2.38095238095238
2.38095238095238
2.38095238095238
2.38095238095238
2.38095238095238
2.38095238095238
2.38095238095238
2.38095238095238
2.38095238095238
2.38095238095238
"n_200_d_5_tr_10_a_112x112_idx_0_p_mprt2"
1.875
1.875
1.875
1.875
1.875
1.875
1.875
1.875
1.875
1.875
