"n_300_d_10_tr_10_a_100x100_idx_1_p_mprt2"
-0.28930117983333
-0.28920768782352
-0.28905134787412
-0.28965038597803
-0.28966222265913
-0.28869873814935
-0.28963167103062
-0.28964724232665
-0.29044070672837
-0.28805880527915
-0.28937569196107
-0.28749190041145
-0.1079336625416
-0.28843761922725
-0.10781058301236
-0.28804637226078
-0.10710795342722
-0.10902484227333
-0.28654897114872
-0.29053650504722
-0.10648737863316
-0.28759906417044
-0.10664683794383
-0.28922258422209
-0.28948615656608
-0.29053340349262
-0.29061678015611
-0.10959189607846
-0.2868976226115
-0.29068988787933
-0.29009750787278
-0.28947661891326
-0.29061454046349
-0.29080941862664
-0.28987901309234
-0.10528573916786
-0.10791378824142
-0.10735292747743
-0.29097372471878
-0.29079823310353
-0.10869004115894
-0.29072668266882
-0.10651131599138
-0.29089411292525
-0.29080691193019
-0.29089571365913
-0.28896879429692
-0.29079850803303
-0.10591873656502
-0.10508122902813
-0.28744062330625
-0.10887254309913
-0.29078141949217
-0.28705581948664
-0.11016057393614
-0.10502203193455
-0.29100685601787
-0.10844297716723
-0.10887513450916
-0.29010392540267
-0.29109834553247
-0.28761736144552
-0.29025971454478
-0.29106085412574
-0.10480403721845
-0.10419426086614
-0.28998525949503
-0.29114627278855
-0.29053898899499
-0.29081209721309
-0.28857845107134
-0.29111831779893
-0.29126228640719
-0.29111905885634
-0.10364601213313
-0.10657907583843
-0.29100170317917
-0.2898929856003
-0.29090247306142
-0.10800403204873
-0.29108547457449
-0.29104150023628
-0.10391782516694
-0.28890249985525
-0.29108304275025
-0.28952103806536
-0.29091043164972
-0.29041032364532
-0.2897437211876
-0.10399457681509
-0.10818397966167
-0.28894089831379
-0.10277385581745
-0.10672365672046
-0.28713082539114
-0.29111832419768
-0.2911986720853
-0.29010268924591
-0.10800114287047
-0.29107539571601
-0.29112084231221
-0.28846778018965
-0.28832180640053
-0.29087489656315
-0.28660255388906
-0.10992071445931
-0.29069109211037
-0.29101425493927
-0.29111870959523
-0.28683517842118
-0.10671366517235
-0.2905060081162
-0.10983899412753
-0.28883283612293
-0.29021366675081
-0.29040187892633
-0.29119921992522
-0.1100038266328
-0.10964109260593
-0.29029966928905
-0.28663625651734
-0.10869041030847
-0.29058785149955
-0.29118723203589
-0.29084268669045
-0.29112947885594
-0.10860342904902
-0.29127382729463
-0.28569622832004
-0.29096162446665
-0.29093901979073
-0.28818198982387
-0.11000898054672
-0.10819382770215
-0.10825324137179
-0.10879749574295
-0.29098056355197
-0.29103429699332
-0.10988737563572
-0.29109954628981
-0.28612673180964
-0.29111680987398
-0.29030453393943
-0.29038507381918
-0.11027446643827
-0.29099600643806
-0.11035762456535
-0.10835939080462
-0.28470369170617
-0.2846943457055
-0.10724743547902
-0.11052647848366
-0.29112624799956
-0.1101345051268
-0.29108929296386
-0.29118942805562
-0.10913689526241
-0.28449555785033
-0.28474078820326
-0.28762702531479
-0.29101622837517
-0.29067522497609
-0.28956752611363
-0.29100943701765
-0.29113377716057
-0.28959070645268
-0.29117032089499
-0.28706904099751
-0.29109400000691
-0.29067135912469
-0.29115623056674
-0.28998395036139
-0.28873602431925
-0.28790777869261
-0.28735362033225
-0.28473163091162
-0.28488854782033
-0.28989374046105
-0.29082336939645
-0.11021417111394
-0.28540529388277
-0.29109644832375
-0.10951987001945
-0.29077829245105
-0.29100112159267
-0.29084900719465
-0.29089587579355
-0.10922266020602
-0.29060030272559
-0.29050969811548
-0.29069451562904
-0.29063627129333
-0.29097531522488
-0.28863943192218
-0.10857907592283
-0.10954858972714
-0.28535343852363
-0.28645253097933
-0.28360590735386
-0.29027093873677
-0.29073278946511
-0.1074899775227
-0.28280185030498
-0.2905882087391
-0.290694155648
-0.2908094154402
-0.2905202396282
-0.2904881396689
-0.28955459200753
-0.28648417783631
-0.28241510222477
-0.29002281093634
-0.10680960584088
-0.28608327673707
-0.28537325291651
-0.28946858014879
-0.1066228134636
-0.29002512975331
-0.29007085525656
-0.29057905422109
-0.29048610580505
-0.30336490227378
-0.10721253172864
-0.289494780106
-0.29020780875353
-0.28932061625113
-0.29017749717675
-0.28862732172521
-0.28881713418857
-0.29060366287591
-0.10652239482187
-0.1073196412951
-0.28998118352518
-0.28888224112433
-0.28997955414617
-0.10789615157045
-0.28966427608371
-0.28871700581112
-0.10723092332503
-0.28988064561841
-0.28943484795131
-0.28800332464831
-0.28783623984551
-0.28996506489851
-0.2900589422461
-0.10933408934801
-0.29009015153923
-0.28816352324836
-0.10634624997146
-0.10633376711455
-0.10581712038732
-0.10531327023854
-0.10432337725156
-0.10816392150438
-0.10746612171692
-0.10870420256417
-0.10415352549762
-0.1084528077471
-0.10844842665435
-0.10759516067191
-0.2890815999979
-0.10894151630824
-0.10279133050514
-0.10276969792103
-0.10801177252598
-0.28888931391007
-0.10836166904831
-0.28808327417342
-0.28884224416805
-0.28783087322291
-0.28783244296535
-0.28965814497865
-0.28895691893817
-0.28942913656743
-0.28835053967728
-0.28882468168498
-0.28902001030393
-0.28838470509233
-0.28816336488525
-0.28865639272847
-0.28887818289171
-0.2892050430713
-0.28694866500523
-0.28790846344759
-0.28812997993443
-0.28837721592264
-0.28699533077807
-0.28785129145568
-0.28803890619559
-0.28604772714297
-0.28614912190415
-0.28742955929366
-0.28568554758239
-0.28466718480247
-0.28519009905566
-0.28428424069986
-0.28447244242483
-0.28385329197234
-0.28357083904304
-0.28345823442959
