"n_300_d_10_tr_10_a_100x100_idx_1_p_abba2"
-0.25858835997771
-0.25895291400323
-0.24808490324681
-0.24533454635818
-0.24557289286486
-0.24571625324834
-0.24608011388138
-0.24557289355842
-0.24595458617128
-0.24533454627196
-0.24595458466763
-0.24509620881489
-0.24507479804244
-0.24486155234272
-0.24509620949985
-0.24421380053323
-0.24509620929775
-0.24595458927522
-0.24494756506089
-0.24619292030252
-0.24588469205087
-0.24407402451745
-0.25632220129416
-0.24649079552366
-0.24649079493715
-0.24470922547385
-0.24581121790218
-0.24494926358912
-0.24470922672961
-0.24610909435565
-0.24649079410183
-0.24645276648387
-0.24930512743965
-0.25396496843139
-0.24675063931671
-0.24488475079457
-0.24614096027322
-0.24482433980016
-0.2467506350249
-0.25288887239005
-0.24552108619386
-0.24587075698845
-0.24675063916748
-0.24452464149801
-0.24645276869492
-0.24645276802965
-0.24610909416457
-0.24675063667653
-0.24488475014306
-0.24488474994937
-0.24572880200514
-0.24649079151617
-0.24579728388963
-0.2461090936401
-0.24579728385312
-0.2451231061307
-0.24488474977385
-0.24675064332864
-0.24675063350806
-0.24536144266229
-0.25348829629755
-0.24645276985261
-0.246420902585
-0.24512310698786
-0.24579728329793
-0.25348829627747
-0.24488477096364
-0.24573277036015
-0.24675064456119
-0.2554711443096
-0.24488477152444
-0.24675064343728
-0.2461825655388
-0.24675063519876
-0.24559977970036
-0.24359735222949
-0.24488477149454
-0.24468406724578
-0.24587075606288
-0.24559978014497
-0.24651230929904
-0.24587075587231
-0.24651230901292
-0.24416183226662
-0.25348829619405
-0.24474000109986
-0.24396545239612
-0.24675063920366
-0.24643883826472
-0.24505180986253
-0.24675063646487
-0.24579728313574
-0.24328554429917
-0.2446537361607
-0.24328554431227
-0.24644240543668
-0.2459026288674
-0.24869021615038
-0.24675063388657
-0.24335901616816
-0.24359735223892
-0.24348878012121
-0.24636893223979
-0.24675064474528
-0.24488477353801
-0.25331929421545
-0.24675064093187
-0.2465123094758
-0.24644240487264
-0.24440016832197
-0.24536144655976
-0.24675063017243
-0.24440016836253
-0.2459621683412
-0.24643883958531
-0.2444001683363
-0.24675064538539
-0.24646390864817
-0.24592630791568
-0.24594049275269
-0.24295167505924
-0.24675064559703
-0.24536144730208
-0.24675063701879
-0.24675064138883
-0.24488477517317
-0.24675063389421
-0.24643883896515
-0.24536144780371
-0.24404470440137
-0.24273304636896
-0.2531006585657
-0.24463964976321
-0.24596216890041
-0.24487798613342
-0.24455683920059
-0.24536144823978
-0.24428304106554
-0.24521129865812
-0.24675064419012
-0.24457513751501
-0.24675064448514
-0.24561726828403
-0.24596216976082
-0.24435651344094
-0.24249470958449
-0.24455684012933
-0.24596217004993
-0.24596217021842
-0.24596217012817
-0.24356803231778
-0.2441181773446
-0.25262398681831
-0.24404470471277
-0.2453614501361
-0.24651231168332
-0.24453812170654
-0.24521129802576
-0.24643884122874
-0.24559299687756
-0.24411817753954
-0.24596217134847
-0.24411817745443
-0.24559299698045
-0.24596217233942
-0.24442102578628
-0.24411817743723
-0.24596217088036
-0.24559300063098
-0.24444252971271
-0.24536145042251
-0.24596217298797
-0.24622559320848
-0.24442102613744
-0.24404112166289
-0.24411459408983
-0.24411459385578
-0.24596217376901
-0.24444253013606
-0.24512311502128
-0.24596217387255
-0.24455684266868
-0.24800733895461
-0.24567545345747
-0.24795396753006
-0.24572921415447
-0.24831344047851
-0.24810321265455
-0.24440669104065
-0.24475075466718
-0.24536145281756
-0.24536145254666
-0.24667177896838
-0.24572921543434
-0.24697641906977
-0.25541726057678
-0.25495353361356
-0.24440669324599
-0.24572921575745
-0.24408234013447
-0.25012586644528
-0.254476864523
-0.24431174497476
-0.24528798217103
-0.24537705982256
-0.24872454479618
-0.2544410253736
-0.24431174591145
-0.24440669797817
-0.24431174645359
-0.24434218225768
-0.24528798189453
-0.24440669995561
-0.24565574477668
-0.24455008276218
-0.25332190580557
-0.2478442695633
-0.24423827504575
-0.24439417818754
-0.24439417820418
-0.24399184401503
-0.24484846200841
-0.244968142666
-0.24703824310251
-0.25773972835734
-0.2439918550221
-0.2439918444633
-0.24437178655863
-0.24695850767155
-0.24500576280219
-0.24399184875748
-0.24678754951002
-0.24373487388319
-0.24397321052436
-0.24373487393983
-0.24382985312858
-0.24376534137951
-0.24373487379054
-0.24376534146015
-0.24373487401359
-0.243734873769
-0.24376534153481
-0.24373487369303
-0.24373487388525
-0.24357538599839
-0.2435879299465
-0.24357538594559
-0.24374383774547
-0.25379068166151
-0.24467885736741
-0.24376534149679
-0.24365781811253
-0.2435019139431
-0.24373487342043
-0.24352700559262
-0.24375279416338
-0.24304137072716
-0.24374383775642
-0.24467527341783
-0.25371720941444
-0.24360584972709
-0.24373487344231
-0.2435019138199
-0.24375279418611
-0.24373487348676
-0.24373487349855
-0.24373487335268
-0.2435323776634
-0.24366140142498
-0.24373111078016
-0.24366140141391
-0.24393159341996
-0.24297824937762
-0.24262164142673
-0.24262164143658
-0.24324565813703
-0.24282234536308
-0.24282234531909
-0.24242093744023
-0.24282234537178
-0.24282234535708
-0.24403413789365
-0.25331938574555
-0.2431901056298
-0.24342306528704
-0.24334959313556
-0.24272956105259
-0.24272956103147
-0.24280303311407
-0.24272956101263
-0.24280303310993
-0.24280303312915
-0.24266504956436
-0.25602601234481
-0.24591284023763
-0.2427385247777
-0.2427385251242
-0.24266505067624
-0.24266505040624
-0.24266505050947
