"n_150_d_5_tr_10_a_100x100_idx_0_p_flooding"
-0.29568474676766
-0.29568997896054
-0.29568413249177
-0.29569217191101
-0.29568582853209
-0.29540904778173
-0.29568125264373
-0.29568972208953
-0.29569280365088
-0.29569096497693
-0.29511012914297
-0.29454437304648
-0.29429563032706
-0.29542693212977
-0.29412521138384
-0.29464628081116
-0.2937627685512
-0.29546800137876
-0.29347863223588
-0.29513947346956
-0.29541569776897
-0.29542739149836
-0.29281657005767
-0.29542383850006
-0.29365435787381
-0.29516478651359
-0.2951596681691
-0.2916511219139
-0.29491945610333
-0.29515476918523
-0.29132845935946
-0.29149014707537
-0.29253432474675
-0.29425173170727
-0.29517687438228
-0.29050805821122
-0.2937383695507
-0.29374184724189
-0.29516089330981
-0.2951712146554
-0.29326270245465
-0.2900773826906
-0.29299384999041
-0.29325924584661
-0.28976431912636
-0.29281996030663
-0.2931507839643
-0.28820543864331
-0.2922881336791
-0.28764814335088
-0.29395185229823
-0.28736327128029
-0.28926963090385
-0.2876308695688
-0.29345394509611
-0.28547513638207
-0.28742827730723
-0.28742872855798
-0.2893174696096
-0.28597029262223
-0.29296449833663
-0.28981852442608
-0.28613125380298
-0.28873810963559
-0.28575715057722
-0.28994876755696
-0.28949512117789
-0.28877201729692
-0.28755162751593
-0.28937487761338
-0.2844982348131
-0.28428565680038
-0.29008912583506
-0.28587733707787
-0.28381088804314
-0.28462810129254
-0.29144599062603
-0.28695123106654
-0.28933628742064
-0.28499726232887
-0.29011198404787
-0.28450733928541
-0.28690536894308
-0.29070331378323
-0.28441285695834
-0.28606731227991
-0.28613652987701
-0.28667420060303
-0.28277178974283
-0.28470710940274
-0.28757371177744
-0.28891525782277
-0.28411936283697
-0.28780705891435
-0.28955394496288
-0.28412143466253
-0.28579930437897
-0.28204402099512
-0.28477595398302
-0.28210493524593
-0.28919121792872
-0.28327692882339
-0.28337485071537
-0.28457448896689
-0.2812371552254
-0.28419979680904
-0.28676211197645
-0.28586854773725
-0.28804995175566
-0.28587893659416
-0.2857422803748
-0.2862592132543
-0.28600518877967
-0.28537365363364
-0.2850545898847
-0.28384826614946
-0.28481521684442
-0.28521236426392
-0.2846964972191
-0.28163218326268
-0.28239475153483
-0.28220716594142
-0.28314603172803
-0.2827376762208
-0.27833142451519
-0.28513604643587
-0.28443022489764
-0.28376997042511
-0.28209360553582
-0.28468389898271
-0.28415782324647
-0.28132808947548
-0.28504021446798
-0.28362506795452
-0.28077419954373
-0.28110958696705
-0.28057833265595
-0.28321628282365
-0.28014228634323
-0.28340060596432
-0.27930597800584
-0.28003355120733
-0.28285008790489
-0.27862189303579
-0.28145946004117
-0.27453764950387
-0.27684292263425
-0.28063062314304
-0.27785825317087
-0.27648061341557
