"n_300_d_10_tr_10_a_100x100_idx_1_p_flooding"
-0.31686038926839
-0.31666902539435
-0.31507012168984
-0.3216115769496
-0.31974699498611
-0.3140337482431
-0.32133300836171
-0.32153204270974
-0.3250707860597
-0.31044069458932
-0.31927893528686
-0.31011441537769
-0.31023029074409
-0.31318294362664
-0.30913166412829
-0.31166202139064
-0.30751298863242
-0.31538197973809
-0.30656413131463
-0.32554419884415
-0.30565654016245
-0.31057359002296
-0.3060027059712
-0.31646142410867
-0.3171034105749
-0.32352478863977
-0.32553098352497
-0.31595264765995
-0.30877402906922
-0.32534063621481
-0.32285092274482
-0.31684303188045
-0.3255243755513
-0.32629683030839
-0.31899627871471
-0.30198997871378
-0.31001209505874
-0.30815357302742
-0.32653242132205
-0.32611886878341
-0.31344833904326
-0.32632454630168
-0.30511069244949
-0.32646255572683
-0.32631616323827
-0.32652387431146
-0.3144622171977
-0.32408547797546
-0.30427275289122
-0.30122264758423
-0.31009443522959
-0.31408521633159
-0.32566601776729
-0.30857397127259
-0.31784089541232
-0.30168376371817
-0.32731718371581
-0.31321117350274
-0.31410534173449
-0.32130310319777
-0.32748406261506
-0.31048094652438
-0.32129168350284
-0.32653714251338
-0.30026046399099
-0.29852476873922
-0.31963918420389
-0.32673274050254
-0.32555055903344
-0.32632392180437
-0.3142827418277
-0.32791247423275
-0.32769544941185
-0.32790884255659
-0.29708913280224
-0.30684258430719
-0.32694896991348
-0.31917847288619
-0.32674289274401
-0.31217597062133
-0.32719969113868
-0.32598266597872
-0.29812472277964
-0.3160662078332
-0.32710877171393
-0.31756983006734
-0.32669966628914
-0.32261524269176
-0.31925798900347
-0.29814650154716
-0.31259550014566
-0.3151482039013
-0.29511175169615
-0.30828389596257
-0.30813130580423
-0.32792527562041
-0.32789839442563
-0.32025278935287
-0.312187391974
-0.32693479418756
-0.32791099951078
-0.31350582039005
-0.31172462403418
-0.32572218979105
-0.30694278236305
-0.31783622693949
-0.32363555294601
-0.32328949816521
-0.32792563188896
-0.30686242201586
-0.30803380815763
-0.32303783307205
-0.31782426607805
-0.3142054854828
-0.32186639719419
-0.32242322342435
-0.32789942657164
-0.31950557448865
-0.31701807615619
-0.32105443550778
-0.30538384265007
-0.31324906690771
-0.32323652076979
-0.32770918062627
-0.32278008242102
-0.32624163390743
-0.31326313777017
-0.32790465739285
-0.30230554110961
-0.32601734713595
-0.32404487115919
-0.30998554075183
-0.31968671308663
-0.31286327872085
-0.3124489564012
-0.31390676415155
-0.32650138607353
-0.32766987016555
-0.3188590579278
-0.32750630985796
-0.30279427894661
-0.32766418771682
-0.32226976634525
-0.31908161134262
-0.32032282086938
-0.32523568569504
-0.32050831622441
-0.31284572629284
-0.29929130438896
-0.29901865542525
-0.30932763551029
-0.32072551710408
-0.32602247211175
-0.31910044970082
-0.32509035666819
-0.32600778868552
-0.31431671856071
-0.29817342765493
-0.29828796352107
-0.30731303934613
-0.3211035624692
-0.32262852773894
-0.31415968052656
-0.3231260937306
-0.32635251851173
-0.31467362399572
-0.32552987015055
-0.30518792257601
-0.32552338918471
-0.32036075724649
-0.3228746982761
-0.31674993618687
-0.31093402069925
-0.3080212212397
-0.30613013346633
-0.29783334006522
-0.297821162704
-0.31647920519916
-0.32437142664417
-0.31907616282663
-0.30017954328482
-0.32526367675862
-0.31577757426739
-0.32513599898683
-0.32333100379985
-0.32497086093627
-0.32412910295717
-0.31447723593777
-0.32133586732032
-0.32122047496716
-0.32168102921175
-0.32373880768461
-0.32414075409254
-0.31037990631973
-0.31236500366092
-0.31472370195083
-0.30068788642736
-0.30365534711991
-0.29555818108829
-0.32016790651837
-0.32404001103847
-0.30926052679958
-0.29349362086357
-0.3222312442365
-0.3216226925674
-0.32243121631292
-0.32251277054672
-0.32049017669857
-0.31574492856612
-0.30421367676048
-0.29214459625714
-0.31900936597646
-0.30656697911241
-0.30235841773318
-0.30093064457506
-0.31581499965127
-0.30588813231222
-0.31702642836017
-0.31799128569246
-0.32216032288937
-0.3217559919294
-0.30771965487181
-0.30813268548593
-0.31431231119733
-0.3191597832431
-0.31596440416181
-0.31850064572023
-0.31026126420343
-0.31107744104811
-0.32077750667866
-0.30678287908391
-0.3066687745265
-0.31687291105017
-0.31095926277063
-0.31687117092109
-0.3089033292908
-0.31594880107371
-0.31076023376887
-0.30641825845473
-0.31637080011049
-0.31313736194946
-0.30878546076639
-0.30621767098947
-0.31733644396542
-0.31739721902132
-0.31279393851944
-0.31646686868538
-0.30916034150686
-0.30429356775336
-0.30404396063325
-0.30308511364519
-0.30236139167011
-0.29816004352094
-0.3096081118382
-0.30806526304473
-0.31101569771962
-0.29788533758836
-0.31082047430129
-0.31060187608363
-0.30728567012237
-0.31343975813682
-0.31096635790282
-0.29395586296424
-0.29349776657814
-0.30787110554327
-0.31246696965533
-0.30862551252216
-0.30885091885703
-0.311396278145
-0.30852602192302
-0.30852128063503
-0.31553712433621
-0.31232336297568
-0.3139535235278
-0.30931345693982
-0.31128167245624
-0.31210014847235
-0.3101878579235
-0.30863038985995
-0.31050639734917
-0.31179504256177
-0.31370046544086
-0.30403498134277
-0.30747553274236
-0.30849079543886
-0.30873372086607
-0.30269161619146
-0.30737889046583
-0.30802259131194
-0.30053082457842
-0.29950401440125
-0.30460165877362
-0.29843082209982
-0.29476626241043
-0.29576169813523
-0.29339365325018
-0.29399226150696
-0.29271293135035
-0.29178156917247
-0.29107425690891
