"n_150_d_5_tr_10_a_100x100_idx_0_p_abba2"
-0.120496856268322
-0.24632593957499
0.000474731316667079
0.00397672958557004
"n_150_d_5_tr_10_a_100x100_idx_0_p_flooding"
-0.127331006958429
-0.287983398036364
0.00081284969507194
0.00525914552286245
"n_150_d_5_tr_10_a_100x100_idx_0_p_mprt2"
-0.139963218871962
-0.260646100031591
0.00209937121137729
0.00271516997248401
"n_300_d_10_tr_10_a_100x100_idx_1_p_abba2"
-0.120421498286128
-0.245743498969351
0.000398416917217541
0.00289376796439638
"n_300_d_10_tr_10_a_100x100_idx_1_p_flooding"
-0.130818565804015
-0.314229017474536
0.0013874873270578
0.00935300535867104
"n_300_d_10_tr_10_a_100x100_idx_1_p_mprt2"
-0.0075994455717651
-0.0486936850611856
-0.0486936850611856
-0.101435925906888
-0.109106271378967
-0.13724261505492
-0.151948481721586
-0.166654348388253
-0.181360215054919
-0.196066081721586
-0.210771948388253
-0.225477815054919
-0.240183681721584
-0.240769252708251
-0.240769252708251
-0.240769252708251
0.000309289040461503
0.00123269224962385
0.00123269224962385
0.00216819638667561
0.00245995611315096
0.0180511497817226
0.0268971375154149
0.0357617113428374
0.0446337986662354
0.0535096623251538
0.062387690568655
0.0712670744481127
0.0801473633993008
0.0805004981991079
0.0805004981991079
0.0805004981991079
"n_450_d_15_tr_10_a_100x100_idx_2_p_abba2"
-0.120422775623183
-0.244692275356518
0.000316847323542321
0.0027992383777921
"n_450_d_15_tr_10_a_100x100_idx_2_p_flooding"
-0.135516804415793
-0.335076776227179
0.00198345076127705
0.0118909379075659
"n_450_d_15_tr_10_a_100x100_idx_2_p_mprt2"
-0.0085118744496111
-0.0511410134754987
-0.0511410134754987
-0.106311752327167
-0.114074577689935
-0.139665939057663
-0.153033370168774
-0.166400801279885
-0.179768232390996
-0.193135663502107
-0.206503094613218
-0.219870525724329
-0.233237956835439
-0.233770878293217
-0.233770878293217
-0.233770878293217
0.000391408144339697
0.00115000284554681
0.00115000284554681
0.00174736890292634
0.00199080637413563
0.0187248318063619
0.0281611129678971
0.037610896279421
0.0470660496773274
0.0565238783475846
0.0659832319048788
0.0754435367656507
0.0849044749394494
0.0852813673785647
0.0852813673785647
0.0852813673785647
