"n_450_d_15_tr_10_a_100x100_idx_2_p_abba2"
-0.258553472
-0.25875495008911
-0.24550311012071
-0.24550311003297
-0.24550311002271
-0.24550311020507
-0.24550311007027
-0.24550311001057
-0.24550311010982
-0.24581491797577
-0.24502106202745
-0.24550311005216
-0.24550311007846
-0.24550311003856
-0.24550311009218
-0.24453363802407
-0.24411072617951
-0.24411072618048
-0.24429530213474
-0.24411072613428
-0.24550311006524
-0.24581491790701
-0.24581491792078
-0.2458149179491
-0.24581491790562
-0.2448454459963
-0.24581491793906
-0.24581491787673
-0.24581491794099
-0.24411072608562
-0.24581491784865
-0.24484544593714
-0.24581491793737
-0.24581491791527
-0.24581491786823
-0.24411072631588
-0.24581491783871
-0.24357312604598
-0.24411072613267
-0.24411072626317
-0.24397990996792
-0.24427917393177
-0.24581491780086
-0.24581491779573
-0.24376845434722
-0.24533286987555
-0.24581491785727
-0.24581491778987
-0.24376845432899
-0.24581491780747
-0.24581491776699
-0.24581491786629
-0.24581491777551
-0.24376845421156
-0.24388493396508
-0.24442253400725
-0.24510707784886
-0.24344784247791
-0.24442253399357
-0.24550310982815
-0.24442253400553
-0.2458149177503
-0.24442253399949
-0.24397990992723
-0.24484544584759
-0.24344784244203
-0.24376845432863
-0.24376845418541
-0.24376845414533
-0.24442253395423
-0.24344784243633
-0.24376845432621
-0.24581491770657
-0.24442253390989
-0.24533286980755
-0.24581491773359
-0.24581491774449
-0.24388493401995
-0.24376845429666
-0.24344784242332
-0.24581491777078
-0.24376845408591
-0.25713677399542
-0.24442253392767
-0.24376845413318
-0.24376845417918
-0.24376845431049
-0.24388493393034
-0.24581491766465
-0.24388493394881
-0.24376845432116
-0.24442253401312
-0.24376845413734
-0.2444225338759
-0.24581491765252
-0.24581491774516
-0.2438849339562
-0.257020294094
-0.2458149176423
-0.24376845422174
-0.2437684540685
-0.24581491768407
-0.24550490181154
-0.24397990979814
-0.24376845408994
-0.24581491764427
-0.24432218199217
-0.24612672561175
-0.24397990978682
-0.24550310970672
-0.24612672563436
-0.2458149176589
-0.24612672560702
-0.2461267256139
-0.24388493398387
-0.24388493406089
-0.24408026201905
-0.24397990974618
-0.24388493395001
-0.24442253383303
-0.24442253389826
-0.24432218195263
-0.24581491766036
-0.24376845419583
-0.24612672556179
-0.24515725369451
-0.24408026205647
-0.24388493395244
-0.24442253378597
-0.24442253387003
-0.24376845411606
-0.24612672554701
-0.24408026205495
-0.24388493378969
-0.24419674177411
-0.24388493403069
-0.24612672554788
-0.24388493382532
-0.24388493397142
-0.24388493393243
-0.24612672561459
-0.2444225338847
-0.24376845409282
-0.24408026205291
-0.24442253380683
-0.24388493405136
-0.24408026192878
-0.24376845416362
-0.24612672549086
-0.24388493382746
-0.2461267254861
-0.24612672557443
-0.24388493393726
-0.24419674176655
-0.24376845411541
-0.24612672548988
-0.24442253383545
-0.24534899768442
-0.2438849339771
-0.24408026207215
-0.24429171767738
-0.24612672554579
-0.24376845412036
-0.25385472605305
-0.24429171767691
-0.24419674181744
-0.24783808606159
-0.24612672547957
-0.24388493393541
-0.24357312611755
-0.24408026188145
-0.24612672554274
-0.24473434171911
-0.24485798961674
-0.24473434173308
-0.24612672561283
-0.24419674179862
-0.24357312609859
-0.24408026185645
-0.24408026192401
-0.2461267254519
-0.24429171761126
-0.24408026193862
-0.24345664612615
-0.2461267254378
-0.24408026200153
-0.24429171760709
-0.24612672557763
-0.2456321336162
-0.24408026189899
-0.24612672546275
-0.24345664619068
-0.2450407736609
-0.25937856538599
-0.24419674171523
-0.24612672554114
-0.24345664611414
-0.24388493385814
-0.24612672548781
-0.24408026189266
-0.2461267254319
-0.2440802618116
-0.2593785653612
-0.24612672536352
-0.24408026189496
-0.24345664616796
-0.24612672538372
-0.24408026200766
-0.24376845405329
-0.24419674171282
-0.24612672543465
-0.24534899760055
-0.24563213358853
-0.24376845404859
-0.24357312597427
-0.24419674175186
-0.244291717612
-0.25110579817004
-0.24357312604692
-0.24439206982207
-0.24357312595649
-0.24612672549825
-0.24612672543107
-0.244392069787
-0.25643699817181
-0.24612672554086
-0.24376845411455
-0.24473434169181
-0.2443920698207
-0.24473434169966
-0.24504077362645
-0.24388493386345
-0.25560640615399
-0.24439206984779
-0.24534899757935
-0.24345664615754
-0.24612672543359
-0.25667264613773
-0.24446195756841
-0.243573126036
-0.24376845407472
-0.24419674168064
-0.2565964861054
-0.24439206972984
-0.2437684539708
-0.24419674171143
-0.24612672545776
-0.24419674164765
-0.24388493391289
-0.2478049340797
-0.24388493394281
-0.24473434164793
-0.24376845404848
-0.25617536618059
-0.24429171761869
-0.24429171758763
-0.24357312609061
-0.24388493380634
-0.24388493374218
-0.24473434162887
-0.24388493375724
-0.24388493391467
-0.2557184061637
-0.24388493397719
-0.24612672551695
-0.24473434162852
-0.24429171758586
-0.24376845400176
-0.24429171761357
-0.24388493389945
-0.24612672550604
-0.25526144616455
-0.2461267255015
-0.24376845404387
-0.24612672550821
-0.24612672550677
-0.24473434166864
-0.24504077359936
-0.24376845405179
-0.24612672554933
-0.24473434164572
-0.24473434166296
-0.24388493380178
-0.25457600616861
-0.24408026192716
-0.24473434165973
-0.25336461415738
-0.24408026191741
-0.24612672554977
-0.24408026190298
-0.24388493386735
-0.24612672557104
-0.25100365414801
-0.24408026188404
-0.24408026181688
-0.24408026191348
-0.24408026179649
-0.24408026183204
-0.24408026183317
-0.24408026179863
-0.24345485400634
-0.24376666184123
-0.24414835762623
-0.24357133366682
-0.24376666178168
-0.24376666177712
-0.24357133369205
-0.24357133373547
-0.24581312561284
-0.25639488620849
-0.24366630964513
-0.24345485412405
-0.24357133370735
-0.2437666619897
-0.24357133385368
-0.24345485406585
-0.24345485408777
-0.24383654963929
-0.24407846973768
-0.24581312562345
-0.24376666191526
-0.24581312562994
-0.24357133375521
-0.24314304615998
-0.24314304611343
-0.24314304622127
-0.24314304605417
-0.24345485400286
-0.24314304611255
-0.24314304616844
-0.24314304616083
-0.24345485391296
-0.24345485390885
-0.24314304618262
-0.24314304613508
-0.24345485388768
-0.24283123828881
-0.24314304617671
-0.2434548539691
-0.24283123832115
-0.24345485410728
-0.24314304617198
-0.24314304624246
-0.24345485381144
-0.24345485406613
-0.24345485407419
-0.24314304621324
-0.24345485408395
-0.24345485388528
-0.24345485400269
-0.24314304619846
-0.24345485373197
-0.24345485388218
-0.24345485397906
-0.24314304622397
-0.24283123833622
-0.24283123834271
-0.24345485403118
-0.2434548540654
-0.2434548539655
-0.24345485416738
-0.24345485414055
-0.24345485382162
-0.24345485393624
-0.24283123833731
-0.24345485415325
-0.24345485395227
-0.24345485382895
-0.24345485374203
-0.24345485409171
-0.24345485384702
-0.24441536568471
-0.24500672564804
-0.24345485388858
-0.24345485411207
-0.24345485384649
-0.24345485402602
-0.2434548539108
-0.24345485377666
-0.24325952585254
-0.24325952583255
-0.24325952584807
-0.24325952583978
-0.24325952585131
-0.24325952580899
-0.24325952577745
-0.24325952570986
-0.24375053364567
-0.2432595257673
-0.24325952584144
-0.24325952579667
-0.24325952574715
-0.24352474172185
-0.25650778172185
-0.24325952589706
-0.24325952584986
-0.24325952585476
-0.24325952585545
-0.24325952582431
-0.2432595258455
-0.24325594173397
-0.24325952580678
-0.24307494978173
-0.24325952588913
-0.2438042937372
-0.24400320573522
-0.24370394175844
-0.24314304576927
-0.24255526978573
-0.24227750980565
-0.24185638980804
-0.24314304581579
-0.24245312585074
-0.24227750986644
-0.24284378186805
-0.24284378189288
-0.24121306190297
-0.24130803790509
-0.24314304591432
-0.24314304592272
-0.24121306192204
-0.24245312592484
-0.24284378193596
-0.24314304594608
-0.2431430459531
-0.2412130619446
-0.24121306194269
-0.24121306195564
-0.24121306195824
-0.24121306196023
-0.2412130619649
-0.24284378196902
-0.24121306197019
-0.24121306197784
-0.24314304598974
-0.24314304599722
-0.24151949398281
-0.24121306198809
-0.24314304600414
-0.24121306199514
-0.24121306199714
-0.24151949399753
-0.24121306203331
-0.24121306203403
-0.2412130620348
-0.24121306204372
-0.24121306208432
-0.25446490208456
-0.24121306208777
-0.2412130621291
