"n_300_d_10_tr_10_a_100x100_idx_1_p_flooding"
100.654886680008
102.584288558003
104.941355589002
103.356518086006
101.464836331004
103.080550612002
100.607896622005
158.575070631006
107.429831707002
102.203283105002
101.526198268004
102.650208119005
225.821575217005
101.417118644001
101.072160064003
124.706627345002
103.438084321006
155.864598814006
104.463856291002
100.529701009002
101.422681102004
103.251722664005
102.019018897007
101.295270708004
102.397123087002
221.320474164003
103.404737805004
100.855207945006
259.979842247002
101.738515703005
102.281902087004
100.543154961006
101.255743061003
100.859600775003
102.960534812006
101.517013306001
101.986751849005
100.745641464002
104.132002907008
195.417549634001
103.692674184003
101.342076715007
100.560590435002
101.235074285007
136.372621694008
101.978147547001
132.007440419009
101.742448071001
104.540115591007
101.468572677007
101.875096381001
105.085576339008
102.370984666003
103.641809031011
238.678643936005
101.922577038003
102.515605652009
188.156929094006
102.916474001006
169.921180744005
102.335234112999
194.722122998009
101.50086213001
101.130724207998
102.815237923004
101.899415696003
103.420724974008
102.766498163007
203.739738926998
101.388751620007
151.469597515003
102.947372991004
268.538126624001
102.438603888004
201.402996361004
100.949921487
101.145776269007
102.051435360011
120.456564869002
102.581104828005
104.054282650004
101.797034948007
102.015795055003
201.230241149005
101.276169688006
102.620394473007
101.573049617009
151.739382734007
105.919781107005
143.069469541004
101.188358787006
101.869441869006
101.795952758003
100.741453022003
106.69467552701
100.984712014004
143.003194451005
104.178931736008
103.973342442004
103.052860442006
101.428222945003
166.681269998008
101.888571414008
102.143281096005
135.66183960701
103.000118674004
100.529135030015
101.470803008006
103.092590805005
101.042073375005
101.000945827003
100.599321180013
187.618569709009
105.127558916003
230.913962958006
103.715401037007
101.91483884401
101.516140391006
191.093954230006
105.831414473009
101.128197267002
101.283716302007
100.686828287003
134.076074969002
104.022971274006
102.603071712004
184.111676528012
103.758279050012
102.363066041001
275.635506733011
101.270221748003
126.912097832012
104.418837664007
178.617611581004
101.277529294009
105.319949765004
207.551256814007
102.27567801401
100.706424203004
101.040110956006
180.869887867004
105.70773032601
101.453172376004
104.230122479002
101.302245875011
124.280023588007
101.653291474008
104.508463878005
101.020834254001
101.504256976007
100.682906140015
168.693118213007
102.603127566006
151.692597107008
100.530009681009
101.611116151012
104.475178508011
101.966478076008
100.831757685008
161.33537820501
101.347555800018
102.021231927004
101.867762171004
150.965882594008
102.262544482009
102.898149377012
101.580169337005
103.096045588003
100.92710970801
101.060258699007
101.567642165008
101.262833423007
115.672267745005
104.81493962201
272.897899557009
103.974639125013
100.615789954006
101.019427626007
102.40558469301
102.453811835012
102.254837105008
205.510931747007
161.03392161201
103.661359529006
100.807184039013
102.796949242006
102.405680241006
196.875656220016
104.233747011008
103.287561470012
128.800274510013
102.943230117006
206.968791267997
100.469253402011
100.961075722012
