"n_150_d_5_tr_10_a_100x100_idx_0_p_abba2"
308.364772776006
308.364772776002
308.364772776002
308.364772776002
308.364772776002
308.364772776006
308.364772776002
308.364772776002
308.364772776002
308.364772776006
308.364772776006
308.364772776002
308.364772776002
308.364772776002
308.364772776006
308.364772776006
308.364772776002
308.364772776002
308.364772776002
308.364772776006
308.364772776006
308.364772776002
308.364772776002
308.364772776002
308.364772776006
308.364772776006
308.364772776002
308.364772776002
308.364772776006
308.364772776006
308.364772776006
308.364772776002
308.364772776002
308.364772776006
308.364772776006
308.364772776002
308.364772776002
308.364772776009
308.364772776002
308.364772776002
308.364772776009
308.364772776002
308.364772776009
308.364772776002
308.364772776002
308.364772776009
308.364772776002
308.364772776009
308.364772776002
308.364772776002
308.364772776009
308.364772776002
308.364772776009
308.364772776002
308.364772776002
308.364772776009
308.364772776002
308.364772776009
308.364772776002
308.364772776002
308.364772776009
308.364772776002
308.364772776009
308.364772776002
308.364772776002
308.364772776009
308.364772776002
308.364772776002
308.364772776002
308.364772776002
308.364772776009
308.364772776002
308.364772776002
308.364772776002
308.364772776002
308.364772776009
308.364772776002
308.364772776002
308.364772776009
308.364772776002
308.364772776009
308.364772776002
308.364772776002
308.364772776009
308.364772776002
308.364772776009
308.364772776002
308.364772776002
308.364772776009
308.364772776002
308.364772776009
308.364772776002
308.364772776002
308.364772776009
308.364772776002
308.364772776009
308.364772776002
308.364772776002
308.364772776009
308.364772776002
308.364772776009
308.364772776002
308.364772776002
308.364772776009
308.364772776002
308.364772776009
308.364772776002
308.364772776002
308.364772776009
308.364772776002
308.364772776009
308.364772776002
308.364772776002
308.364772776009
308.364772776002
308.364772776009
308.364772776009
308.364772776002
308.364772776009
308.364772776002
308.364772776009
308.364772776009
308.364772776002
308.364772776009
308.364772776002
308.364772776009
308.364772776009
308.364772776002
308.364772776009
308.364772776002
308.364772776009
308.364772776009
308.364772776002
308.364772776009
308.364772776002
308.364772776009
308.364772776009
308.364772776002
308.364772776009
308.364772776002
308.364772776009
308.364772776009
308.364772776002
308.364772776009
308.364772776002
308.364772776009
308.364772776009
308.364772776002
308.364772776009
308.364772776002
308.364772776009
308.364772776009
308.364772776002
308.364772776009
308.364772776009
308.364772776009
308.364772776009
308.364772776002
308.364772776009
308.364772776009
308.364772776009
308.364772776009
308.364772776002
308.364772776009
308.364772776009
308.364772776009
308.364772776009
308.364772776002
308.364772776009
308.364772776009
308.364772776009
308.364772776009
308.364772776002
308.364772776009
308.364772776009
308.364772776009
308.364772776009
308.364772776002
308.364772776009
308.364772776009
308.364772776009
308.364772776009
308.364772776002
308.364772776009
308.364772776009
308.364772776009
308.364772776009
308.364772776002
308.364772776009
308.364772776009
308.364772776009
308.364772776009
308.364772776002
308.364772776009
308.364772776009
308.364772776017
308.364772776002
308.364772776002
308.364772776002
308.364772776017
308.364772776017
"n_150_d_5_tr_10_a_100x100_idx_0_p_flooding"
102.135510257003
101.341595968002
182.688909234002
102.923671055002
111.073851503004
104.304092531006
102.543345664003
100.514765698005
199.237273216003
114.801263068006
101.873629668003
103.467670253004
104.941256353005
172.395210353006
105.086766244003
195.011740578003
101.938393905002
101.779940102002
105.989137539005
103.213736378006
228.103210143004
103.375410593003
102.371539189004
107.123983241006
108.892228825006
100.999427331004
102.203290238002
100.897400545005
101.526188455004
107.768103149006
100.953599602004
101.177087074003
143.296461170006
101.481158330007
104.497410270007
108.515798615002
102.372376664007
166.938896006002
102.497138537004
233.710467865009
103.762875862003
101.268384643006
103.359722355002
101.577408716004
100.988092819009
103.209700350007
100.529605322009
101.185464798007
101.985857027003
100.805491989007
101.754234407004
101.821064849005
268.631296217002
102.521906314003
100.64457608101
101.058386042006
101.736509290014
101.875824542006
100.718983509005
101.216728787008
102.451032646002
100.855310049006
101.312026685001
100.823583129007
101.743261055006
101.989004076998
101.102380356004
104.608017520007
101.432074308008
101.045064667005
101.992979483001
100.585356749008
108.417583302
100.859714192005
100.803618133007
310.868363068003
102.825222504009
105.612674308006
101.517044032008
104.119893445002
102.381923225003
100.970898025004
100.745687883006
100.889320764004
120.328611560005
101.396048904
104.229188872004
122.357975303004
102.57819372201
103.516421152008
100.533534531003
103.132841382006
101.852475620007
102.73441774801
103.466537053002
102.071589743005
103.66542012801
101.282116771003
100.627286891012
100.937506631006
101.547074797004
103.405648586005
101.742419074007
169.356972679012
103.016954710007
100.954612555
102.416925819007
101.944370935001
100.473863317006
101.997985340013
105.085520539006
104.59860340201
101.554106748004
102.794002851006
105.450896105005
101.510867401004
100.702091913007
102.366116282006
102.26937176401
101.139958365003
101.896720824001
108.566039063007
105.242734595002
103.609594577009
100.780853355005
104.260587315004
103.781026077009
100.996396160006
105.594109071006
187.317662769004
103.414154616004
104.078436902007
145.340563508007
105.34170270801
100.782430060008
102.822161983006
107.184510946006
101.942670340009
103.213498959008
101.071113378005
104.791205304004
107.435719899009
207.699510813008
102.748006079011
141.75745127001
171.966125834004
104.246328082006
192.043630483006
101.359156323007
103.331953783005
182.761182389001
108.848336825005
102.635216828006
101.257232428011
102.438620761006
101.967895666007
108.332360995007
105.848398548005
100.950016618008
103.001835494005
105.040186827004
103.453862438009
101.925207397009
123.774940187012
105.907040681011
159.037779647008
100.546640923007
177.338016644008
103.248410230016
102.966110622006
103.032905511007
101.193486631011
102.015740736007
101.22552466801
104.443044800014
100.567618126007
101.163692280018
103.14493685101
101.548877270019
100.545753827006
101.573063636003
105.830059130014
103.595110968008
100.664078112011
105.158147183012
103.118368306006
102.339892950013
102.689250972006
102.504450976014
109.154317587006
101.869399831003
102.257848452012
100.61852057801
101.025786122008
103.604986886012
133.426830021008
101.609434973
160.709880153021
100.984719532008
"n_150_d_5_tr_10_a_100x100_idx_0_p_mprt2"
33.5045384670032
168.831635346002
179.994747569001
72.911517397003
113.442365768005
55.4279039290044
194.304300782001
177.619066670005
173.969116803004
85.8854405100047
174.818470074005
142.942318989004
195.029068888005
123.594901392003
14.8797861750047
164.779030830008
198.425433490005
20.1340965350028
160.579906046003
33.4233982050058
13.0086525020054
96.3326400220019
188.632860096003
44.5303547160023
175.138114484003
105.838737551004
85.4791945020033
71.8085774460029
117.351116760005
147.161867801003
62.619504829005
160.080416043002
149.926366024005
142.102589524004
129.718234575005
57.5776163080093
21.5146409870002
67.8052114840071
86.098541532003
18.9371369670042
143.004609603004
165.255914422005
130.625401149004
106.443442084007
31.530302223004
67.2922376600056
34.3562494810001
138.851498259008
23.9628017540028
192.678395187002
178.68792500601
26.1312934410043
110.12010734801
152.575815872005
167.037602226003
93.2248117500123
177.283764769001
71.1094629420046
56.2822336450068
93.2879364240051
179.193053784005
48.7877155400085
49.411223271008
47.0829140010025
175.631445300006
70.9341821170071
99.9112136670064
180.967362674998
118.776244752006
20.8175993790007
109.938272734006
67.6885540910064
62.9324980390038
57.5143025170064
33.3287730170042
124.691589655008
92.4616718020062
49.7925680740039
108.987975035006
12.4777135650049
185.973400910008
39.6806549360065
121.554249535002
79.2158078690051
124.454320979005
163.107507723005
61.4484102310016
171.362913983003
15.7995367290056
133.302171038004
84.2816857650064
89.0797811080049
70.8672374190016
134.244020198004
43.9078167230065
47.5472048540055
42.4271887990031
160.751847977004
181.103991499008
94.6720646260033
18.0067328390052
193.888573591003
162.907391475002
59.4894764250071
43.9724862700075
131.942138735006
39.5289336710078
172.620829554006
157.626966467006
57.2455772110061
133.266577905012
14.6302379650081
163.967113640005
93.4833629760092
50.3450449030041
107.70440471201
33.6959680430056
51.4961928880027
184.364043312009
163.313263320006
94.5921028600125
148.949659141003
198.897552093001
117.864739907006
121.612832489006
197.257097518012
11.545445345007
118.016981807003
186.326710391008
89.0838856260032
147.981587747012
39.1710289850096
191.484227689003
194.450108512008
96.5729973820046
96.1392056760104
196.651720969008
74.0131818840055
192.75250601401
156.739643962005
194.974029826007
162.835660908009
126.920979128002
27.8615617670113
140.920828169008
27.0421628100124
129.328585978008
27.2782895300097
86.9907486440056
16.7977347000132
48.5856727350082
117.166164353009
50.7390786180011
45.3893606350064
114.938346605008
137.453156843009
57.8273195270071
171.574002980009
57.0964197490085
110.516024489009
187.784340133014
167.99852837201
182.053625100011
80.1512990360109
98.8695150530035
160.791456178011
44.3067661000143
168.828944669002
86.7630619260069
55.2324193370097
83.0666537640141
198.593835023011
129.063532942006
148.040021221007
189.246516417008
19.8913272850092
129.284235880014
41.6945162790086
73.2921721350124
169.322693134006
174.815276457011
126.549893916007
183.852068068006
94.1988147730086
163.95330206101
112.97401618301
10.525258433006
64.6654995540032
109.54963032701
119.778674469011
162.748808615014
14.9237563140119
81.5914005140073
193.693752522009
78.6945810800148
200.441196175007
20.679298336006
90.1435743910071
78.3266160500062
159.872784143019
72.8448104330113
"n_300_d_10_tr_10_a_100x100_idx_1_p_abba2"
371.866880873004
371.866880873
371.866880873004
371.866880873004
371.866880873004
371.866880873004
371.866880873004
371.866880873004
371.866880873004
371.866880873004
371.866880873004
371.866880873004
371.866880873004
371.866880873004
371.866880873004
371.866880873004
371.866880873004
371.866880873004
371.866880873004
371.866880873004
371.866880873004
371.866880873004
371.866880873004
371.866880873004
371.866880873004
371.866880873007
371.866880873004
371.866880873004
371.866880873004
371.866880873004
371.866880873007
371.866880873004
371.866880873004
371.866880873004
371.866880873004
371.866880873007
371.866880873
371.866880873007
371.866880873007
371.866880873
371.866880873007
371.866880873
371.866880873007
371.866880873007
371.866880873
371.866880873007
371.866880873
371.866880873007
371.866880873007
371.866880873
371.866880873007
371.866880873
371.866880873007
371.866880873007
371.866880873
371.866880873007
371.866880873007
371.866880873007
371.866880873007
371.866880873
371.866880873007
371.866880873007
371.866880873007
371.866880873007
371.866880873
371.866880873007
371.866880873007
371.866880873
371.866880873007
371.866880873
371.866880873007
371.866880873007
371.866880873
371.866880873007
371.866880873
371.866880873007
371.866880873007
371.866880873
371.866880873007
371.866880873
371.866880873007
371.866880873007
371.866880873
371.866880873007
371.866880873
371.866880873007
371.866880873007
371.866880873
371.866880873007
371.866880873
371.866880873007
371.866880873007
371.866880873
371.866880873007
371.866880873007
371.866880873007
371.866880873007
371.866880873
371.866880873007
371.866880873007
371.866880873007
371.866880873007
371.866880873
371.866880873007
371.866880873007
371.866880873007
371.866880873007
371.866880873
371.866880873007
371.866880873007
371.866880873007
371.866880873007
371.866880873
371.866880873007
371.866880873007
371.866880873007
371.866880873007
371.866880873
371.866880873007
371.866880873007
371.866880873007
371.866880873007
371.866880873
371.866880873007
371.866880873007
371.866880873007
371.866880873007
371.866880873
371.866880873007
371.866880873007
371.866880873007
371.866880873007
371.866880873007
324.255163985008
324.255163985008
324.255163985008
324.255163985008
324.255163985001
324.255163985008
324.255163985008
324.255163985008
324.255163985008
324.255163985001
324.255163985008
324.255163985008
324.255163985008
324.255163985008
324.255163985008
324.255163985008
324.255163985008
324.255163985008
324.255163985008
324.255163985008
324.255163985008
324.255163985008
324.255163985008
324.255163985008
324.255163985008
324.255163985008
324.255163985008
324.255163985008
324.255163985008
324.255163985008
324.255163985008
324.255163985008
324.255163985008
324.255163985008
324.255163985008
324.255163985008
324.255163985008
324.255163985008
324.255163985008
324.255163985008
324.255163985008
324.255163985008
324.255163985008
324.255163985008
324.255163985008
324.255163985008
324.255163985008
324.255163985008
324.255163985008
324.255163985008
324.255163985008
324.255163985008
324.255163985015
324.255163985008
324.255163985008
324.255163985008
324.255163985008
324.255163985015
324.255163985008
324.255163985008
324.255163985008
324.255163985008
324.255163985015
324.255163985015
324.255163985001
324.255163985001
324.255163985015
324.255163985015
"n_300_d_10_tr_10_a_100x100_idx_1_p_flooding"
100.654886680008
102.584288558003
104.941355589002
103.356518086006
101.464836331004
103.080550612002
100.607896622005
158.575070631006
107.429831707002
102.203283105002
101.526198268004
102.650208119005
225.821575217005
101.417118644001
101.072160064003
124.706627345002
103.438084321006
155.864598814006
104.463856291002
100.529701009002
101.422681102004
103.251722664005
102.019018897007
101.295270708004
102.397123087002
221.320474164003
103.404737805004
100.855207945006
259.979842247002
101.738515703005
102.281902087004
100.543154961006
101.255743061003
100.859600775003
102.960534812006
101.517013306001
101.986751849005
100.745641464002
104.132002907008
195.417549634001
103.692674184003
101.342076715007
100.560590435002
101.235074285007
136.372621694008
101.978147547001
132.007440419009
101.742448071001
104.540115591007
101.468572677007
101.875096381001
105.085576339008
102.370984666003
103.641809031011
238.678643936005
101.922577038003
102.515605652009
188.156929094006
102.916474001006
169.921180744005
102.335234112999
194.722122998009
101.50086213001
101.130724207998
102.815237923004
101.899415696003
103.420724974008
102.766498163007
203.739738926998
101.388751620007
151.469597515003
102.947372991004
268.538126624001
102.438603888004
201.402996361004
100.949921487
101.145776269007
102.051435360011
120.456564869002
102.581104828005
104.054282650004
101.797034948007
102.015795055003
201.230241149005
101.276169688006
102.620394473007
101.573049617009
151.739382734007
105.919781107005
143.069469541004
101.188358787006
101.869441869006
101.795952758003
100.741453022003
106.69467552701
100.984712014004
143.003194451005
104.178931736008
103.973342442004
103.052860442006
101.428222945003
166.681269998008
101.888571414008
102.143281096005
135.66183960701
103.000118674004
100.529135030015
101.470803008006
103.092590805005
101.042073375005
101.000945827003
100.599321180013
187.618569709009
105.127558916003
230.913962958006
103.715401037007
101.91483884401
101.516140391006
191.093954230006
105.831414473009
101.128197267002
101.283716302007
100.686828287003
134.076074969002
104.022971274006
102.603071712004
184.111676528012
103.758279050012
102.363066041001
275.635506733011
101.270221748003
126.912097832012
104.418837664007
178.617611581004
101.277529294009
105.319949765004
207.551256814007
102.27567801401
100.706424203004
101.040110956006
180.869887867004
105.70773032601
101.453172376004
104.230122479002
101.302245875011
124.280023588007
101.653291474008
104.508463878005
101.020834254001
101.504256976007
100.682906140015
168.693118213007
102.603127566006
151.692597107008
100.530009681009
101.611116151012
104.475178508011
101.966478076008
100.831757685008
161.33537820501
101.347555800018
102.021231927004
101.867762171004
150.965882594008
102.262544482009
102.898149377012
101.580169337005
103.096045588003
100.92710970801
101.060258699007
101.567642165008
101.262833423007
115.672267745005
104.81493962201
272.897899557009
103.974639125013
100.615789954006
101.019427626007
102.40558469301
102.453811835012
102.254837105008
205.510931747007
161.03392161201
103.661359529006
100.807184039013
102.796949242006
102.405680241006
196.875656220016
104.233747011008
103.287561470012
128.800274510013
102.943230117006
206.968791267997
100.469253402011
100.961075722012
"n_300_d_10_tr_10_a_100x100_idx_1_p_mprt2"
0.224249525004439
0.224249525000886
0.224249525000886
0.224249525004439
0.224249525004439
0.224249525004439
0.224249525000886
0.224249525004439
0.224249525004439
0.224249525004439
0.224249525004439
0.224249525000886
0.224249525004439
0.224249525004439
0.224249525004439
0.224249525004439
0.224249525000886
0.224249525004439
0.224249525004439
0.224249525004439
0.224249525004439
0.224249525000886
0.224249525004439
0.224249525004439
0.224249525004439
0.224249525004439
0.224249525000886
0.224249525004439
0.224249525004439
0.224249525004439
0.224249525004439
0.224249525004439
0.224249525004439
0.224249525004439
0.224249525004439
0.224249525004439
0.224249525004439
0.224249525004439
0.224249525004439
0.224249525004439
0.224249525004439
0.224249525004439
0.224249525004439
0.224249525004439
0.224249525004439
0.224249525004439
0.224249525004439
0.224249525004439
0.224249525004439
0.224249525004439
0.224249525004439
0.224249525004439
0.224249525004439
0.224249525004439
0.224249525004439
0.224249525004439
0.224249525004439
0.224249525011544
0.224249525004439
0.224249525004439
0.224249525004439
0.224249525004439
0.224249525011544
0.224249525004439
0.224249525004439
0.224249525004439
0.224249525004439
0.224249525004439
0.224249525004439
0.224249525004439
0.224249525004439
0.224249525004439
0.224249525004439
0.224249525004439
0.224249525004439
0.224249525004439
0.224249525004439
0.224249525004439
0.224249525004439
0.224249525004439
0.224249525004439
0.224249525004439
0.224249525004439
0.224249525004439
0.224249525004439
0.224249525004439
0.224249525004439
0.224249525004439
0.224249525004439
0.224249525004439
0.224249525004439
0.224249525004439
0.224249525004439
0.224249525004439
0.224249525004439
0.224249525011544
0.224249525004439
0.224249525004439
0.224249525004439
0.224249525004439
0.224249525011544
0.224249525004439
0.224249525004439
0.224249525004439
0.224249525004439
0.224249525011544
0.224249525004439
0.224249525004439
0.224249525004439
0.224249525004439
0.224249525011544
0.224249525004439
0.224249525004439
0.224249525004439
0.224249525004439
0.224249525011544
0.224249525004439
0.224249525004439
0.224249525004439
0.224249525004439
0.224249525011544
0.224249525004439
0.224249525004439
0.224249525004439
0.224249525004439
0.224249525011544
0.224249525004439
0.224249525004439
0.224249525004439
0.224249525004439
0.224249525011544
0.224249525004439
0.224249525004439
0.224249525004439
0.224249525004439
0.224249525011544
0.224249525004439
0.224249525004439
0.224249525011544
0.224249525004439
0.224249525011544
0.224249525004439
0.224249525004439
0.224249525011544
0.224249525004439
0.224249525011544
0.224249525004439
0.224249525004439
0.224249525011544
0.224249525004439
0.224249525011544
0.224249525004439
0.224249525004439
0.224249525011544
0.224249525004439
0.224249525011544
0.224249525004439
0.224249525004439
0.224249525011544
0.224249525004439
0.224249525011544
0.224249525004439
0.224249525004439
0.224249525011544
0.224249525004439
0.224249525011544
0.224249525004439
0.224249525004439
0.224249525011544
0.224249525004439
0.224249525011544
0.224249525004439
0.224249525004439
0.224249525011544
0.224249525004439
0.224249525011544
0.224249525011544
0.224249525004439
0.224249525011544
0.224249525004439
0.224249525011544
0.224249525011544
0.224249525004439
0.224249525011544
0.224249525004439
0.224249525011544
0.224249525011544
0.224249525004439
0.224249525011544
0.224249525004439
0.224249525011544
0.224249525011544
0.224249525004439
0.224249525011544
0.224249525004439
0.224249525018649
0.224249525004439
0.224249525004439
0.224249525004439
0.224249525018649
0.224249525018649
"n_450_d_15_tr_10_a_100x100_idx_2_p_abba2"
315.806426267006
315.806426267002
315.806426267002
315.806426267002
315.806426267002
315.806426267006
315.806426267002
315.806426267002
315.806426267002
315.806426267006
315.806426267006
315.806426267002
315.806426267002
315.806426267002
315.806426267006
315.806426267006
315.806426267002
315.806426267002
315.806426267002
315.806426267006
315.806426267006
315.806426267002
315.806426267002
315.806426267002
315.806426267006
315.806426267006
315.806426267002
315.806426267002
315.806426267006
315.806426267006
315.806426267006
315.806426267002
315.806426267002
315.806426267006
315.806426267006
315.806426267002
315.806426267002
315.806426267009
315.806426267002
315.806426267002
315.806426267009
315.806426267002
315.806426267009
315.806426267002
315.806426267002
315.806426267009
315.806426267002
315.806426267009
315.806426267002
315.806426267002
315.806426267009
315.806426267002
315.806426267009
315.806426267002
315.806426267002
315.806426267009
315.806426267002
315.806426267009
315.806426267002
315.806426267002
315.806426267009
315.806426267002
315.806426267009
315.806426267002
315.806426267002
315.806426267009
315.806426267002
315.806426267002
315.806426267002
315.806426267002
315.806426267009
315.806426267002
315.806426267002
315.806426267002
315.806426267002
315.806426267009
315.806426267002
315.806426267002
315.806426267009
315.806426267002
315.806426267009
315.806426267002
315.806426267002
315.806426267009
315.806426267002
315.806426267009
315.806426267002
315.806426267002
315.806426267009
315.806426267002
315.806426267009
315.806426267002
315.806426267002
315.806426267009
315.806426267002
315.806426267009
315.806426267002
315.806426267002
315.806426267009
315.806426267002
315.806426267009
315.806426267002
315.806426267002
315.806426267009
315.806426267002
315.806426267009
315.806426267002
315.806426267002
315.806426267009
315.806426267002
315.806426267009
315.806426267002
315.806426267002
315.806426267009
315.806426267002
315.806426267009
315.806426267009
315.806426267002
315.806426267009
315.806426267002
315.806426267009
315.806426267009
315.806426267002
315.806426267009
315.806426267002
315.806426267009
315.806426267009
315.806426267002
315.806426267009
315.806426267002
315.806426267009
315.806426267009
315.806426267002
315.806426267009
315.806426267002
315.806426267009
315.806426267009
315.806426267002
315.806426267009
315.806426267002
315.806426267009
315.806426267009
315.806426267002
315.806426267009
315.806426267002
315.806426267009
315.806426267009
315.806426267002
315.806426267009
315.806426267002
315.806426267009
315.806426267009
315.806426267002
315.806426267009
315.806426267002
315.806426267009
315.806426267009
315.806426267002
315.806426267009
315.806426267009
315.806426267009
315.806426267009
315.806426267002
315.806426267009
315.806426267009
315.806426267009
315.806426267009
315.806426267002
315.806426267009
315.806426267009
315.806426267009
315.806426267009
315.806426267002
315.806426267009
315.806426267009
315.806426267009
315.806426267009
315.806426267002
315.806426267009
315.806426267009
315.806426267009
315.806426267009
315.806426267002
315.806426267009
315.806426267009
315.806426267009
315.806426267009
315.806426267002
315.806426267009
315.806426267009
315.806426267009
315.806426267009
315.806426267002
315.806426267009
315.806426267009
315.806426267017
315.806426267002
315.806426267002
315.806426267002
315.806426267017
315.806426267017
"n_450_d_15_tr_10_a_100x100_idx_2_p_flooding"
101.384235369004
226.757721778
104.834706193003
100.538766976005
101.293086017005
100.953612826004
101.481175859004
101.100214164003
108.609617075004
102.856205679004
101.102300749002
102.686048957004
100.895881428002
151.967558089005
101.875762016004
102.451056060005
204.170008975002
101.102466606005
100.543150570008
101.255707662006
102.004173416002
223.177549878002
101.986698741005
100.653938486005
203.988530195005
101.342070623001
101.235144919002
176.815696285004
101.644741684005
100.742531605004
203.537958532003
103.422891615004
101.697574183003
100.800817529006
201.065317126009
102.996490191003
241.813719659007
101.627108526003
103.087697623003
101.500833217003
102.146944907005
101.217332771007
101.192281121001
216.402828128004
102.830838147007
101.937762554009
204.751395775006
102.853158508005
101.43988965001
100.975023133003
158.879270102005
102.966185626002
102.015772104004
218.849399974005
102.602628996003
102.637768653011
207.367833042007
102.339820880005
100.638855938008
101.795880536002
101.625743075012
196.123994746003
103.199132598
100.699428826005
101.42832147001
145.183023592004
102.143426162009
102.113874612002
101.508682641004
101.713889235008
103.092550641001
103.603225305008
102.316822505003
101.938754337006
191.963859701005
102.460708830002
101.486282161005
100.77840363401
101.283783241001
101.588838145005
101.600625928008
214.720445829002
103.758313717009
101.750220150009
101.270251457009
199.857185836002
101.543354669005
101.004471974008
117.089296518003
206.933624431009
104.498768754006
179.676480923007
103.248572891005
101.003776184001
196.43637642001
187.790791977001
101.020847007007
103.286445058004
100.53879251101
151.520099727001
102.613124888009
217.823588457009
104.013654749004
102.351092612004
107.004991626006
118.289029254008
102.840139807007
101.55476476401
101.580166357003
100.812742852007
101.825163049007
239.783986779003
101.632741944009
187.315566569005
144.894574157007
105.801763750009
132.064889398002
205.895331982006
105.263378164004
159.097959920011
108.662086447005
103.727937764006
100.807738389008
101.778037143006
100.837525072009
100.743067906009
193.103907573004
102.736443680016
127.167087959002
101.939567820011
100.602032598005
190.17676455001
102.02331710601
102.408609542003
174.323255061012
101.080957539004
101.926129710016
208.579390689003
105.978094033013
101.719066873009
108.064283915006
108.47204726501
103.215641368003
101.184612482008
102.254139048007
101.853959724004
101.46971453301
169.221034353008
101.362494589004
101.667071147006
100.927455098009
101.640251115008
287.605839129007
104.615270406008
102.265681561008
139.532504011008
102.830521090013
113.790720291007
101.486199226002
101.375577161008
101.237572582008
121.08137178501
100.485946730011
105.609533714002
103.386849337006
206.704374492006
107.847509434009
102.220344009005
205.560643723004
105.417728780012
211.897930014004
102.457794772008
103.687476986011
204.888422176005
105.628248221009
205.868997869004
101.475710584012
100.997569745012
205.683576431007
105.134668424007
100.750734438009
101.181634610015
227.511279485007
103.113105346011
102.854627841005
101.23506486002
101.108100725
128.798950102009
101.170442178017
101.464784297008
"n_450_d_15_tr_10_a_100x100_idx_2_p_mprt2"
0.224250164006179
0.224250164002626
0.224250164002626
0.224250164002626
0.224250164002626
0.224250164006179
0.224250164002626
0.224250164002626
0.224250164002626
0.224250164002626
0.224250164006179
0.224250164002626
0.224250164002626
0.224250164002626
0.224250164002626
0.224250164006179
0.224250164002626
0.224250164002626
0.224250164002626
0.224250164006179
0.224250164006179
0.224250164002626
0.224250164002626
0.224250164002626
0.224250164006179
0.224250164006179
0.224250164002626
0.224250164002626
0.224250164002626
0.224250164006179
0.224250164006179
0.224250164002626
0.224250164002626
0.224250164002626
0.224250164006179
0.224250164002626
0.224250164002626
0.224250164009732
0.224250164002626
0.224250164002626
0.224250164002626
0.224250164002626
0.224250164009732
0.224250164002626
0.224250164002626
0.224250164009732
0.224250164002626
0.224250164009732
0.224250164002626
0.224250164002626
0.224250164009732
0.224250164002626
0.224250164009732
0.224250164002626
0.224250164002626
0.224250164009732
0.224250164002626
0.224250164009732
0.224250164002626
0.224250164002626
0.224250164009732
0.224250164002626
0.224250164009732
0.224250164002626
0.224250164002626
0.224250164009732
0.224250164002626
0.224250164002626
0.224250164002626
0.224250164002626
0.224250164009732
0.224250164002626
0.224250164002626
0.224250164002626
0.224250164002626
0.224250164009732
0.224250164002626
0.224250164002626
0.224250164002626
0.224250164002626
0.224250164009732
0.224250164002626
0.224250164002626
0.224250164002626
0.224250164002626
0.224250164009732
0.224250164002626
0.224250164002626
0.224250164009732
0.224250164002626
0.224250164009732
0.224250164002626
0.224250164002626
0.224250164009732
0.224250164002626
0.224250164009732
0.224250164002626
0.224250164002626
0.224250164009732
0.224250164002626
0.224250164009732
0.224250164002626
0.224250164002626
0.224250164009732
0.224250164002626
0.224250164009732
0.224250164002626
0.224250164002626
0.224250164009732
0.224250164002626
0.224250164009732
0.224250164002626
0.224250164002626
0.224250164009732
0.224250164002626
0.224250164009732
0.224250164002626
0.224250164002626
0.224250164009732
0.224250164002626
0.224250164009732
0.224250164002626
0.224250164002626
0.224250164009732
0.224250164002626
0.224250164009732
0.224250164009732
0.224250164002626
0.224250164009732
0.224250164002626
0.224250164009732
0.224250164009732
0.224250164002626
0.224250164009732
0.224250164002626
0.224250164009732
0.224250164009732
0.224250164002626
0.224250164009732
0.224250164002626
0.224250164009732
0.224250164009732
0.224250164002626
0.224250164009732
0.224250164002626
0.224250164009732
0.224250164009732
0.224250164002626
0.224250164009732
0.224250164002626
0.224250164009732
0.224250164009732
0.224250164002626
0.224250164009732
0.224250164002626
0.224250164009732
0.224250164009732
0.224250164002626
0.224250164009732
0.224250164002626
0.224250164009732
0.224250164009732
0.224250164002626
0.224250164009732
0.224250164009732
0.224250164009732
0.224250164009732
0.224250164002626
0.224250164009732
0.224250164009732
0.224250164009732
0.224250164009732
0.224250164002626
0.224250164009732
0.224250164009732
0.224250164009732
0.224250164009732
0.224250164002626
0.224250164009732
0.224250164009732
0.224250164009732
0.224250164009732
0.224250164002626
0.224250164009732
0.224250164009732
0.224250164009732
0.224250164009732
0.224250164002626
0.224250164009732
0.224250164009732
0.224250164009732
0.224250164009732
0.224250164002626
0.224250164009732
0.224250164009732
0.224250164009732
0.224250164009732
0.224250164009732
0.224250164009732
0.224250164009732
0.224250164009732
