"n_450_d_15_tr_10_a_100x100_idx_2_p_abba2"
315.806426267006
315.806426267002
315.806426267002
315.806426267002
315.806426267002
315.806426267006
315.806426267002
315.806426267002
315.806426267002
315.806426267006
315.806426267006
315.806426267002
315.806426267002
315.806426267002
315.806426267006
315.806426267006
315.806426267002
315.806426267002
315.806426267002
315.806426267006
315.806426267006
315.806426267002
315.806426267002
315.806426267002
315.806426267006
315.806426267006
315.806426267002
315.806426267002
315.806426267006
315.806426267006
315.806426267006
315.806426267002
315.806426267002
315.806426267006
315.806426267006
315.806426267002
315.806426267002
315.806426267009
315.806426267002
315.806426267002
315.806426267009
315.806426267002
315.806426267009
315.806426267002
315.806426267002
315.806426267009
315.806426267002
315.806426267009
315.806426267002
315.806426267002
315.806426267009
315.806426267002
315.806426267009
315.806426267002
315.806426267002
315.806426267009
315.806426267002
315.806426267009
315.806426267002
315.806426267002
315.806426267009
315.806426267002
315.806426267009
315.806426267002
315.806426267002
315.806426267009
315.806426267002
315.806426267002
315.806426267002
315.806426267002
315.806426267009
315.806426267002
315.806426267002
315.806426267002
315.806426267002
315.806426267009
315.806426267002
315.806426267002
315.806426267009
315.806426267002
315.806426267009
315.806426267002
315.806426267002
315.806426267009
315.806426267002
315.806426267009
315.806426267002
315.806426267002
315.806426267009
315.806426267002
315.806426267009
315.806426267002
315.806426267002
315.806426267009
315.806426267002
315.806426267009
315.806426267002
315.806426267002
315.806426267009
315.806426267002
315.806426267009
315.806426267002
315.806426267002
315.806426267009
315.806426267002
315.806426267009
315.806426267002
315.806426267002
315.806426267009
315.806426267002
315.806426267009
315.806426267002
315.806426267002
315.806426267009
315.806426267002
315.806426267009
315.806426267009
315.806426267002
315.806426267009
315.806426267002
315.806426267009
315.806426267009
315.806426267002
315.806426267009
315.806426267002
315.806426267009
315.806426267009
315.806426267002
315.806426267009
315.806426267002
315.806426267009
315.806426267009
315.806426267002
315.806426267009
315.806426267002
315.806426267009
315.806426267009
315.806426267002
315.806426267009
315.806426267002
315.806426267009
315.806426267009
315.806426267002
315.806426267009
315.806426267002
315.806426267009
315.806426267009
315.806426267002
315.806426267009
315.806426267002
315.806426267009
315.806426267009
315.806426267002
315.806426267009
315.806426267002
315.806426267009
315.806426267009
315.806426267002
315.806426267009
315.806426267009
315.806426267009
315.806426267009
315.806426267002
315.806426267009
315.806426267009
315.806426267009
315.806426267009
315.806426267002
315.806426267009
315.806426267009
315.806426267009
315.806426267009
315.806426267002
315.806426267009
315.806426267009
315.806426267009
315.806426267009
315.806426267002
315.806426267009
315.806426267009
315.806426267009
315.806426267009
315.806426267002
315.806426267009
315.806426267009
315.806426267009
315.806426267009
315.806426267002
315.806426267009
315.806426267009
315.806426267009
315.806426267009
315.806426267002
315.806426267009
315.806426267009
315.806426267017
315.806426267002
315.806426267002
315.806426267002
315.806426267017
315.806426267017
