"n_150_d_5_tr_10_a_100x100_idx_0_p_mprt2"
33.5045384670032
168.831635346002
179.994747569001
72.911517397003
113.442365768005
55.4279039290044
194.304300782001
177.619066670005
173.969116803004
85.8854405100047
174.818470074005
142.942318989004
195.029068888005
123.594901392003
14.8797861750047
164.779030830008
198.425433490005
20.1340965350028
160.579906046003
33.4233982050058
13.0086525020054
96.3326400220019
188.632860096003
44.5303547160023
175.138114484003
105.838737551004
85.4791945020033
71.8085774460029
117.351116760005
147.161867801003
62.619504829005
160.080416043002
149.926366024005
142.102589524004
129.718234575005
57.5776163080093
21.5146409870002
67.8052114840071
86.098541532003
18.9371369670042
143.004609603004
165.255914422005
130.625401149004
106.443442084007
31.530302223004
67.2922376600056
34.3562494810001
138.851498259008
23.9628017540028
192.678395187002
178.68792500601
26.1312934410043
110.12010734801
152.575815872005
167.037602226003
93.2248117500123
177.283764769001
71.1094629420046
56.2822336450068
93.2879364240051
179.193053784005
48.7877155400085
49.411223271008
47.0829140010025
175.631445300006
70.9341821170071
99.9112136670064
180.967362674998
118.776244752006
20.8175993790007
109.938272734006
67.6885540910064
62.9324980390038
57.5143025170064
33.3287730170042
124.691589655008
92.4616718020062
49.7925680740039
108.987975035006
12.4777135650049
185.973400910008
39.6806549360065
121.554249535002
79.2158078690051
124.454320979005
163.107507723005
61.4484102310016
171.362913983003
15.7995367290056
133.302171038004
84.2816857650064
89.0797811080049
70.8672374190016
134.244020198004
43.9078167230065
47.5472048540055
42.4271887990031
160.751847977004
181.103991499008
94.6720646260033
18.0067328390052
193.888573591003
162.907391475002
59.4894764250071
43.9724862700075
131.942138735006
39.5289336710078
172.620829554006
157.626966467006
57.2455772110061
133.266577905012
14.6302379650081
163.967113640005
93.4833629760092
50.3450449030041
107.70440471201
33.6959680430056
51.4961928880027
184.364043312009
163.313263320006
94.5921028600125
148.949659141003
198.897552093001
117.864739907006
121.612832489006
197.257097518012
11.545445345007
118.016981807003
186.326710391008
89.0838856260032
147.981587747012
39.1710289850096
191.484227689003
194.450108512008
96.5729973820046
96.1392056760104
196.651720969008
74.0131818840055
192.75250601401
156.739643962005
194.974029826007
162.835660908009
126.920979128002
27.8615617670113
140.920828169008
27.0421628100124
129.328585978008
27.2782895300097
86.9907486440056
16.7977347000132
48.5856727350082
117.166164353009
50.7390786180011
45.3893606350064
114.938346605008
137.453156843009
57.8273195270071
171.574002980009
57.0964197490085
110.516024489009
187.784340133014
167.99852837201
182.053625100011
80.1512990360109
98.8695150530035
160.791456178011
44.3067661000143
168.828944669002
86.7630619260069
55.2324193370097
83.0666537640141
198.593835023011
129.063532942006
148.040021221007
189.246516417008
19.8913272850092
129.284235880014
41.6945162790086
73.2921721350124
169.322693134006
174.815276457011
126.549893916007
183.852068068006
94.1988147730086
163.95330206101
112.97401618301
10.525258433006
64.6654995540032
109.54963032701
119.778674469011
162.748808615014
14.9237563140119
81.5914005140073
193.693752522009
78.6945810800148
200.441196175007
20.679298336006
90.1435743910071
78.3266160500062
159.872784143019
72.8448104330113
