"n_450_d_15_tr_10_a_100x100_idx_2_p_mprt2"
0.224250164006179
0.224250164002626
0.224250164002626
0.224250164002626
0.224250164002626
0.224250164006179
0.224250164002626
0.224250164002626
0.224250164002626
0.224250164002626
0.224250164006179
0.224250164002626
0.224250164002626
0.224250164002626
0.224250164002626
0.224250164006179
0.224250164002626
0.224250164002626
0.224250164002626
0.224250164006179
0.224250164006179
0.224250164002626
0.224250164002626
0.224250164002626
0.224250164006179
0.224250164006179
0.224250164002626
0.224250164002626
0.224250164002626
0.224250164006179
0.224250164006179
0.224250164002626
0.224250164002626
0.224250164002626
0.224250164006179
0.224250164002626
0.224250164002626
0.224250164009732
0.224250164002626
0.224250164002626
0.224250164002626
0.224250164002626
0.224250164009732
0.224250164002626
0.224250164002626
0.224250164009732
0.224250164002626
0.224250164009732
0.224250164002626
0.224250164002626
0.224250164009732
0.224250164002626
0.224250164009732
0.224250164002626
0.224250164002626
0.224250164009732
0.224250164002626
0.224250164009732
0.224250164002626
0.224250164002626
0.224250164009732
0.224250164002626
0.224250164009732
0.224250164002626
0.224250164002626
0.224250164009732
0.224250164002626
0.224250164002626
0.224250164002626
0.224250164002626
0.224250164009732
0.224250164002626
0.224250164002626
0.224250164002626
0.224250164002626
0.224250164009732
0.224250164002626
0.224250164002626
0.224250164002626
0.224250164002626
0.224250164009732
0.224250164002626
0.224250164002626
0.224250164002626
0.224250164002626
0.224250164009732
0.224250164002626
0.224250164002626
0.224250164009732
0.224250164002626
0.224250164009732
0.224250164002626
0.224250164002626
0.224250164009732
0.224250164002626
0.224250164009732
0.224250164002626
0.224250164002626
0.224250164009732
0.224250164002626
0.224250164009732
0.224250164002626
0.224250164002626
0.224250164009732
0.224250164002626
0.224250164009732
0.224250164002626
0.224250164002626
0.224250164009732
0.224250164002626
0.224250164009732
0.224250164002626
0.224250164002626
0.224250164009732
0.224250164002626
0.224250164009732
0.224250164002626
0.224250164002626
0.224250164009732
0.224250164002626
0.224250164009732
0.224250164002626
0.224250164002626
0.224250164009732
0.224250164002626
0.224250164009732
0.224250164009732
0.224250164002626
0.224250164009732
0.224250164002626
0.224250164009732
0.224250164009732
0.224250164002626
0.224250164009732
0.224250164002626
0.224250164009732
0.224250164009732
0.224250164002626
0.224250164009732
0.224250164002626
0.224250164009732
0.224250164009732
0.224250164002626
0.224250164009732
0.224250164002626
0.224250164009732
0.224250164009732
0.224250164002626
0.224250164009732
0.224250164002626
0.224250164009732
0.224250164009732
0.224250164002626
0.224250164009732
0.224250164002626
0.224250164009732
0.224250164009732
0.224250164002626
0.224250164009732
0.224250164002626
0.224250164009732
0.224250164009732
0.224250164002626
0.224250164009732
0.224250164009732
0.224250164009732
0.224250164009732
0.224250164002626
0.224250164009732
0.224250164009732
0.224250164009732
0.224250164009732
0.224250164002626
0.224250164009732
0.224250164009732
0.224250164009732
0.224250164009732
0.224250164002626
0.224250164009732
0.224250164009732
0.224250164009732
0.224250164009732
0.224250164002626
0.224250164009732
0.224250164009732
0.224250164009732
0.224250164009732
0.224250164002626
0.224250164009732
0.224250164009732
0.224250164009732
0.224250164009732
0.224250164002626
0.224250164009732
0.224250164009732
0.224250164009732
0.224250164009732
0.224250164009732
0.224250164009732
0.224250164009732
0.224250164009732
