"n_450_d_15_tr_10_a_100x100_idx_2_p_flooding"
101.384235369004
226.757721778
104.834706193003
100.538766976005
101.293086017005
100.953612826004
101.481175859004
101.100214164003
108.609617075004
102.856205679004
101.102300749002
102.686048957004
100.895881428002
151.967558089005
101.875762016004
102.451056060005
204.170008975002
101.102466606005
100.543150570008
101.255707662006
102.004173416002
223.177549878002
101.986698741005
100.653938486005
203.988530195005
101.342070623001
101.235144919002
176.815696285004
101.644741684005
100.742531605004
203.537958532003
103.422891615004
101.697574183003
100.800817529006
201.065317126009
102.996490191003
241.813719659007
101.627108526003
103.087697623003
101.500833217003
102.146944907005
101.217332771007
101.192281121001
216.402828128004
102.830838147007
101.937762554009
204.751395775006
102.853158508005
101.43988965001
100.975023133003
158.879270102005
102.966185626002
102.015772104004
218.849399974005
102.602628996003
102.637768653011
207.367833042007
102.339820880005
100.638855938008
101.795880536002
101.625743075012
196.123994746003
103.199132598
100.699428826005
101.42832147001
145.183023592004
102.143426162009
102.113874612002
101.508682641004
101.713889235008
103.092550641001
103.603225305008
102.316822505003
101.938754337006
191.963859701005
102.460708830002
101.486282161005
100.77840363401
101.283783241001
101.588838145005
101.600625928008
214.720445829002
103.758313717009
101.750220150009
101.270251457009
199.857185836002
101.543354669005
101.004471974008
117.089296518003
206.933624431009
104.498768754006
179.676480923007
103.248572891005
101.003776184001
196.43637642001
187.790791977001
101.020847007007
103.286445058004
100.53879251101
151.520099727001
102.613124888009
217.823588457009
104.013654749004
102.351092612004
107.004991626006
118.289029254008
102.840139807007
101.55476476401
101.580166357003
100.812742852007
101.825163049007
239.783986779003
101.632741944009
187.315566569005
144.894574157007
105.801763750009
132.064889398002
205.895331982006
105.263378164004
159.097959920011
108.662086447005
103.727937764006
100.807738389008
101.778037143006
100.837525072009
100.743067906009
193.103907573004
102.736443680016
127.167087959002
101.939567820011
100.602032598005
190.17676455001
102.02331710601
102.408609542003
174.323255061012
101.080957539004
101.926129710016
208.579390689003
105.978094033013
101.719066873009
108.064283915006
108.47204726501
103.215641368003
101.184612482008
102.254139048007
101.853959724004
101.46971453301
169.221034353008
101.362494589004
101.667071147006
100.927455098009
101.640251115008
287.605839129007
104.615270406008
102.265681561008
139.532504011008
102.830521090013
113.790720291007
101.486199226002
101.375577161008
101.237572582008
121.08137178501
100.485946730011
105.609533714002
103.386849337006
206.704374492006
107.847509434009
102.220344009005
205.560643723004
105.417728780012
211.897930014004
102.457794772008
103.687476986011
204.888422176005
105.628248221009
205.868997869004
101.475710584012
100.997569745012
205.683576431007
105.134668424007
100.750734438009
101.181634610015
227.511279485007
103.113105346011
102.854627841005
101.23506486002
101.108100725
128.798950102009
101.170442178017
101.464784297008
