"n_150_d_5_tr_10_a_100x100_idx_0_p_flooding"
102.135510257003
101.341595968002
182.688909234002
102.923671055002
111.073851503004
104.304092531006
102.543345664003
100.514765698005
199.237273216003
114.801263068006
101.873629668003
103.467670253004
104.941256353005
172.395210353006
105.086766244003
195.011740578003
101.938393905002
101.779940102002
105.989137539005
103.213736378006
228.103210143004
103.375410593003
102.371539189004
107.123983241006
108.892228825006
100.999427331004
102.203290238002
100.897400545005
101.526188455004
107.768103149006
100.953599602004
101.177087074003
143.296461170006
101.481158330007
104.497410270007
108.515798615002
102.372376664007
166.938896006002
102.497138537004
233.710467865009
103.762875862003
101.268384643006
103.359722355002
101.577408716004
100.988092819009
103.209700350007
100.529605322009
101.185464798007
101.985857027003
100.805491989007
101.754234407004
101.821064849005
268.631296217002
102.521906314003
100.64457608101
101.058386042006
101.736509290014
101.875824542006
100.718983509005
101.216728787008
102.451032646002
100.855310049006
101.312026685001
100.823583129007
101.743261055006
101.989004076998
101.102380356004
104.608017520007
101.432074308008
101.045064667005
101.992979483001
100.585356749008
108.417583302
100.859714192005
100.803618133007
310.868363068003
102.825222504009
105.612674308006
101.517044032008
104.119893445002
102.381923225003
100.970898025004
100.745687883006
100.889320764004
120.328611560005
101.396048904
104.229188872004
122.357975303004
102.57819372201
103.516421152008
100.533534531003
103.132841382006
101.852475620007
102.73441774801
103.466537053002
102.071589743005
103.66542012801
101.282116771003
100.627286891012
100.937506631006
101.547074797004
103.405648586005
101.742419074007
169.356972679012
103.016954710007
100.954612555
102.416925819007
101.944370935001
100.473863317006
101.997985340013
105.085520539006
104.59860340201
101.554106748004
102.794002851006
105.450896105005
101.510867401004
100.702091913007
102.366116282006
102.26937176401
101.139958365003
101.896720824001
108.566039063007
105.242734595002
103.609594577009
100.780853355005
104.260587315004
103.781026077009
100.996396160006
105.594109071006
187.317662769004
103.414154616004
104.078436902007
145.340563508007
105.34170270801
100.782430060008
102.822161983006
107.184510946006
101.942670340009
103.213498959008
101.071113378005
104.791205304004
107.435719899009
207.699510813008
102.748006079011
141.75745127001
171.966125834004
104.246328082006
192.043630483006
101.359156323007
103.331953783005
182.761182389001
108.848336825005
102.635216828006
101.257232428011
102.438620761006
101.967895666007
108.332360995007
105.848398548005
100.950016618008
103.001835494005
105.040186827004
103.453862438009
101.925207397009
123.774940187012
105.907040681011
159.037779647008
100.546640923007
177.338016644008
103.248410230016
102.966110622006
103.032905511007
101.193486631011
102.015740736007
101.22552466801
104.443044800014
100.567618126007
101.163692280018
103.14493685101
101.548877270019
100.545753827006
101.573063636003
105.830059130014
103.595110968008
100.664078112011
105.158147183012
103.118368306006
102.339892950013
102.689250972006
102.504450976014
109.154317587006
101.869399831003
102.257848452012
100.61852057801
101.025786122008
103.604986886012
133.426830021008
101.609434973
160.709880153021
100.984719532008
