"n_300_d_10_tr_10_a_100x100_idx_1_p_abba2"
371.866880873004
371.866880873
371.866880873004
371.866880873004
371.866880873004
371.866880873004
371.866880873004
371.866880873004
371.866880873004
371.866880873004
371.866880873004
371.866880873004
371.866880873004
371.866880873004
371.866880873004
371.866880873004
371.866880873004
371.866880873004
371.866880873004
371.866880873004
371.866880873004
371.866880873004
371.866880873004
371.866880873004
371.866880873004
371.866880873007
371.866880873004
371.866880873004
371.866880873004
371.866880873004
371.866880873007
371.866880873004
371.866880873004
371.866880873004
371.866880873004
371.866880873007
371.866880873
371.866880873007
371.866880873007
371.866880873
371.866880873007
371.866880873
371.866880873007
371.866880873007
371.866880873
371.866880873007
371.866880873
371.866880873007
371.866880873007
371.866880873
371.866880873007
371.866880873
371.866880873007
371.866880873007
371.866880873
371.866880873007
371.866880873007
371.866880873007
371.866880873007
371.866880873
371.866880873007
371.866880873007
371.866880873007
371.866880873007
371.866880873
371.866880873007
371.866880873007
371.866880873
371.866880873007
371.866880873
371.866880873007
371.866880873007
371.866880873
371.866880873007
371.866880873
371.866880873007
371.866880873007
371.866880873
371.866880873007
371.866880873
371.866880873007
371.866880873007
371.866880873
371.866880873007
371.866880873
371.866880873007
371.866880873007
371.866880873
371.866880873007
371.866880873
371.866880873007
371.866880873007
371.866880873
371.866880873007
371.866880873007
371.866880873007
371.866880873007
371.866880873
371.866880873007
371.866880873007
371.866880873007
371.866880873007
371.866880873
371.866880873007
371.866880873007
371.866880873007
371.866880873007
371.866880873
371.866880873007
371.866880873007
371.866880873007
371.866880873007
371.866880873
371.866880873007
371.866880873007
371.866880873007
371.866880873007
371.866880873
371.866880873007
371.866880873007
371.866880873007
371.866880873007
371.866880873
371.866880873007
371.866880873007
371.866880873007
371.866880873007
371.866880873
371.866880873007
371.866880873007
371.866880873007
371.866880873007
371.866880873007
324.255163985008
324.255163985008
324.255163985008
324.255163985008
324.255163985001
324.255163985008
324.255163985008
324.255163985008
324.255163985008
324.255163985001
324.255163985008
324.255163985008
324.255163985008
324.255163985008
324.255163985008
324.255163985008
324.255163985008
324.255163985008
324.255163985008
324.255163985008
324.255163985008
324.255163985008
324.255163985008
324.255163985008
324.255163985008
324.255163985008
324.255163985008
324.255163985008
324.255163985008
324.255163985008
324.255163985008
324.255163985008
324.255163985008
324.255163985008
324.255163985008
324.255163985008
324.255163985008
324.255163985008
324.255163985008
324.255163985008
324.255163985008
324.255163985008
324.255163985008
324.255163985008
324.255163985008
324.255163985008
324.255163985008
324.255163985008
324.255163985008
324.255163985008
324.255163985008
324.255163985008
324.255163985015
324.255163985008
324.255163985008
324.255163985008
324.255163985008
324.255163985015
324.255163985008
324.255163985008
324.255163985008
324.255163985008
324.255163985015
324.255163985015
324.255163985001
324.255163985001
324.255163985015
324.255163985015
