"n_492_d_0_tr_20_a_250x250_idx_0_p_abba2"
0.074914215954267
0.074890558996721
0.074862840160243
0.075191325898608
0.074865828333316
0.075581693861814
0.07490057742149
0.062787672895532
0.056681199840323
0.056682992363998
0.071214496515456
0.056542485208076
0.061287745842676
0.056736010674462
0.055617907089381
0.056825638285121
0.05682229602273
0.058546171082728
0.055904428708545
0.056658525382105
0.0569451240329
0.056688429411783
0.056612285860302
0.056755260185651
0.056567644093558
0.056532446595613
0.056964450675111
0.057024295229462
0.05661564128163
0.06353439258686
0.058426169977132
0.068228251518534
0.069846242949329
0.069724868072643
0.069572465620711
0.05957060314411
0.064442466580425
0.064940255174893
0.060460464317132
0.060579552060963
0.063159554052361
0.062607062155096
0.065757244873946
0.060873324710295
0.062472204589996
0.064461205544067
0.060961989604604
0.06090857545007
0.061461793717262
0.056866699975231
0.065345485362763
0.059048148294488
0.06434542840106
0.069434988266033
0.067805121176871
0.065223853560971
0.068681946381753
0.06414905585015
0.065961487152246
0.064259009478078
0.055865607538961
0.055861299173282
0.062244525241611
0.0569162532734
0.056009886118977
0.055959124194744
0.056368642822027
0.060717875490816
0.05613333288198
0.065678146361835
0.056319285423437
0.057051694576102
0.061664229879288
0.065147023851028
0.05790457147247
0.06206488441772
0.068245526838899
0.062664395903333
0.061252738989035
0.066815427315048
0.058582771283753
0.069989026291858
0.065993094061273
0.068750127515764
0.06228092438843
0.067686162873171
0.062346035762952
0.066807489475057
0.06323614848263
0.067010632546848
0.065787291456481
0.064069073111302
0.065953134747262
0.061395398640535
0.066306856373632
0.05486784031124
0.063341034688053
0.063741439020444
0.060251765094342
0.063607325212285
0.063497176274346
0.066788960205509
0.06594795915632
0.057804092014828
0.059456224093695
0.068606133961725
0.063870753126889
0.067560662265896
0.065176429922557
0.066540884686016
0.067862040284351
0.068421900527179
0.068280835428539
0.069012150202694
0.068041803667384
0.066515529602876
0.067706404253727
0.069276844340121
0.065788125705349
0.06335531852925
0.068090928526703
0.067152564245356
0.067806400179476
0.066813532470842
0.067379494302578
0.062756283010433
0.063499187895527
0.06122377260122
0.066730937143519
0.06649236537361
0.063456251333385
0.063237418010346
0.066998802514626
0.062319114574422
0.065844692139416
0.067287367141755
0.065963030081632
0.064838141725833
0.064543523060395
0.058201765136408
0.059328683697235
0.058565772984963
0.056295766962016
0.05736573395804
0.058426815548183
0.057045175805411
0.056244997619976
0.057443706387261
0.058362801272757
0.056498406937733
0.06070949761426
0.063082752125224
0.06634955115118
0.064500444917561
0.058188797879994
0.062259653655988
0.056911771497471
0.056182009069397
0.057216525358867
0.062954648355656
0.060276623052866
0.062376893051356
0.059361258409632
0.061058246666774
0.058882474802422
0.062447487770046
0.059119668402738
0.059663596248276
0.058705561466412
0.056775328413811
0.05654057926531
0.055444783446873
0.05646791667756
0.057818492993302
0.057426663288296
0.056493827146382
0.057386951489309
0.057526671871844
0.057470703402561
0.057824019099984
0.071028263439437
0.057756282667591
0.058358837476674
0.058552424255779
0.058893640201019
0.059860326550596
0.057115042426232
0.059978887918035
0.062214642557367
0.062836212213393
0.0651693521843
0.064552664941504
0.065560695188299
0.060256199472583
0.06055914495589
0.06904072681352
0.070810291500076
0.067373802471424
0.069488843744066
0.062994132027287
0.059814448884209
0.06587784390301
0.056405104481461
0.056806954448222
0.056405500374288
0.058473815307788
0.057801595547125
0.056644508526595
0.057836740773171
0.057573647060522
0.059726944402706
0.06878827452932
0.061645639144772
0.062801609636913
0.06291320667308
0.066265652213574
0.06680895720026
0.064386807579662
0.065223968225123
0.065438246979019
0.067142736458763
0.067313777780196
0.062735930731665
0.064486772812962
0.062579159646726
0.062428739065161
0.059899409623207
0.064207254118791
0.062678673896364
0.066531091788566
0.070011457110105
0.060619879681971
0.066125389703051
0.068682367604814
0.068492803527584
0.065584603266452
0.063786986662821
0.067216556701949
0.066735212041115
0.068620485728545
0.065160845756293
0.06523816482543
0.063396423362993
0.065329052276035
0.065440114189986
0.068274190023982
0.062850740736498
0.062484092490248
0.065507955397234
0.067560330472711
0.065712006325156
0.064759336827056
0.067151104019454
0.066468206380071
0.063500713972001
0.067251394818381
0.067708641823249
0.066737845920175
0.062125632478225
0.061857459580349
0.058986270778619
0.059339343716253
0.058494041713685
0.058037324815772
0.056631702410189
0.059406252278298
0.05915827147171
0.056322871056975
0.059411244803232
0.059413035222639
0.060712189401157
0.056161059521588
0.058510126279056
0.056230007086074
0.056615762247227
0.057974527804178
0.05738392139448
0.058032216184819
0.057853730296352
0.058301921611989
0.059002488986795
0.058947098835326
0.059771645690081
0.060691237645391
0.056832084620006
0.058987049994758
0.062321339442203
0.061593228071407
0.058912405063089
0.059654618653046
0.062757647257821
0.061190746768506
0.062955170709528
0.061431573023735
0.059740873350491
0.066271909614358
0.057483005949123
0.059830947551034
0.062590886272533
0.064549221278661
0.060108964843707
0.060158495936342
0.063298313386273
0.061201696307791
0.06228518839446
0.059784700965344
0.062966950939625
0.060465253304823
0.062360833375402
0.056629778193966
0.064706734991838
0.060593788370029
0.064993071251596
0.066196598819443
0.06508151291381
0.05926631494948
0.058507409629714
0.060934623906229
0.065449773615572
0.058890443324893
0.058022269853116
0.057294128923003
0.057262565493424
0.058060988061312
0.057063196206698
0.060458774908082
0.058036210795124
0.057821163056466
0.064429133475753
0.061437010640267
0.059233026296479
0.059329484835093
0.057745920811382
0.058285852780988
0.058050979364515
0.058269976222094
0.057231217328259
0.057984137482801
0.058168394844146
0.05782382912137
0.057670356217065
0.058530858020929
0.058286365556107
0.057903957457037
0.056852755541247
0.057896830025517
0.058783127768068
0.060634584144678
0.057364078726578
0.057441993647538
0.059460987354142
0.058688268993356
0.058979159132653
0.058782789869407
0.056389584784972
0.058652381889216
0.057753549653931
0.0556578046634
0.058830524352484
0.05844861804505
0.060511909701165
0.058582987478198
0.056684061437465
0.060995309389806
0.058543974370151
0.060806486449176
0.058151658872541
0.066768156981529
0.066385302986261
0.057502947727965
0.058047797674141
0.057265085267674
0.058180421522519
0.059478732067919
0.059024532734618
0.060050495135988
0.060740659923955
0.061199813653433
0.057765056011741
0.060376941241619
0.062866605133123
0.061853319260302
0.059145116860738
0.058234689238705
0.057982390685
0.061430416735835
0.064619554648459
0.058960907016486
0.058795920599195
0.0600094019023
0.058626244860249
0.058622408530856
0.057594093926754
0.057778141544942
0.058652991975609
0.059792665190247
0.058842704599637
0.05978928708787
0.056887301276514
0.061373740678631
0.056810643680656
0.057069749968358
0.058272599808752
0.058564908787158
0.061159728736399
0.056249290838087
0.06030071235639
0.059010249431538
0.060101855473496
0.061206663602524
0.065473869215221
0.06606018140875
0.060032014179341
0.059917362732564
0.059519138049111
0.057772716783289
0.05815365794098
0.05980769701977
0.067554478178959
0.06391168457365
0.06575528108855
0.058032739218481
0.067147954130483
0.058582399882742
0.060136505728268
0.067983638323467
0.066700459406952
0.062072793359069
0.065673714379899
0.065553421984651
0.065730543626962
0.063866198300275
0.067511290365151
0.062915216890426
0.058416056711013
0.058973845255046
0.059820476298569
0.061019003080796
0.059560570748524
0.063270067269392
0.067673542950467
0.067719223889382
0.066784319899002
0.05923072029122
0.063205706103323
0.063417163708076
0.063962161120367
0.066760704307673
0.064138921492027
0.065857876727442
0.066252950550503
0.06361283487446
0.062307636830913
0.063662058773279
0.066031132842939
0.066044102359797
0.062632398073434
0.066013479093686
0.066367802579742
0.061530524166693
0.060552513602152
0.067211991731553
0.067232457182023
0.060961465433818
0.060001164835282
0.060305664027567
0.063836407448107
0.064648690756693
0.057296384123462
0.064101316368121
0.064746467353401
0.061503678333545
0.065410853257566
0.065477948295374
0.05667712
0.060826636821938
0.06164660027
0.06015916032383
0.060205312352609
0.057936272439541
0.060573114896162
0.06056968965833
0.058744389776234
0.060302285116691
0.06017075225106
0.067829207681827
0.060076761286019
0.068123418672182
0.066162260827136
0.064350131908415
0.066187955567314
0.05476390431124
"n_492_d_0_tr_20_a_250x250_idx_0_p_adaptive-local"
0.080711793117866
0.062956175214793
0.062948366301738
0.06330328347335
0.062258331024484
0.062994802222314
0.062398052520355
0.063336148361503
0.063430865976601
0.063530707404229
0.07944391427819
0.063093320371767
0.063281095069657
0.063653199897521
0.062637825102879
0.063521895004567
0.063727491071902
0.063360970075766
0.071040380472136
0.063579206793877
0.063867362324743
0.063695680321334
0.063406226326241
0.080139485419994
0.063815139300384
0.063446450196955
0.080027558649966
0.08027158081435
0.065714992670748
0.076976367430192
0.069067951467298
0.076937682589534
0.064936141658215
0.0650121571808
0.063882814773508
0.063993333161039
0.063876492570467
0.063670841413375
0.062903764354495
0.063941625455485
0.069176687660966
0.067527946519457
0.064470740691473
0.063963416564399
0.063862575079995
0.072473122176509
0.078261036356094
0.072232105829416
0.063496611958595
0.065932273072108
0.06345020147867
0.079907008786803
0.063780356430629
0.072459673253781
0.068531164457835
0.063801953847396
0.065103882984167
0.07934466116792
0.069432358983678
0.06350091167024
0.065410167233932
0.077560064698235
0.065620045569977
0.064135187067615
0.074369833166463
0.076796368276383
0.064005073159317
0.063963921732595
0.065616891601812
0.065025092200183
0.077310320111215
0.064624247843564
0.079487391862657
0.076613346577897
0.064512480597365
0.06449906559286
0.077453332137291
0.079258036597752
0.077107544853739
0.077744438625976
0.072990691118075
0.064519888745363
0.0638447859714
0.063824893399096
0.064667410810225
0.067867983348827
0.072462672411593
0.061351232832674
0.079006683648509
0.066986003592462
0.07780514171059
0.077232745095375
0.076669739898381
0.077080962686021
0.066222159893693
0.073829613434917
0.072532513912514
0.066123784429007
0.066001909158018
0.076790507876037
0.073155218970939
0.055173377949051
0.068420846787325
0.072870152628906
0.072785537766843
0.072908392874464
0.072956076551622
0.072997520894987
0.077573891920609
0.07111210442442
0.072204129059708
0.072147773337468
0.072733917226349
0.072912013909775
0.072908517061602
0.071885433299449
0.072796475222251
0.077102494952307
0.072182676248385
0.072969952859041
0.072778384081344
0.071881239378048
0.0716464456848
0.072685721060552
0.076721221851382
0.072102122515017
0.072409399729727
0.072169942922117
0.072541560535728
0.071966640668959
0.07280901388111
0.0723825662424
0.063942522718945
0.079230084678847
0.064270448835306
0.072789275801628
0.072812992502876
0.077727509879188
0.077476474708363
0.072302483962849
0.072425872225466
0.072544673237835
0.072995181192468
0.071843968014597
0.071891469076705
0.07213339865519
0.072037653239967
0.062922432894039
0.063104181201443
0.063991234801722
0.079066360474423
0.063539887211316
0.069130176323481
0.064164589916624
0.064386624701872
0.06323701463969
0.06914550497011
0.071791925388634
0.063396452778119
0.063647416978426
0.063649666786156
0.064000344444499
0.063831311640811
0.063614818927984
0.063122924816268
0.063557986751529
0.068974478074074
0.064747379617486
0.072503430887672
0.07712050492469
0.064921974546133
0.068055638200011
0.065007883930032
0.063095564244528
0.062714539742987
0.063847710131268
0.069508086437657
0.064337301706094
0.071901419862902
0.064116857005573
0.072181646306648
0.066259126459122
0.077366221469082
0.076981552884466
0.06541833621771
0.072487630526795
0.068530470435356
0.06611600902341
0.079472532167359
0.065248718270441
0.072663154317777
0.079910308296989
0.077043163679614
0.06458519182848
0.069700310374331
0.06960767042963
0.063531984671986
0.063783744775398
0.06556642948436
0.066377096274279
0.076346479316489
0.078635142792305
0.064736688381256
0.066723398658968
0.066727182360666
0.066437261912247
0.064558810981859
0.063999930893795
0.063635243706935
0.078752629601016
0.064112805650607
0.06948790381256
0.068199751296041
0.076973124772341
0.067128120353427
0.064886088510634
0.069524608117387
0.06705201333803
0.062917789508112
0.065524334288769
0.063477394504872
0.067112326268724
0.064628621105327
0.063315489067888
0.063462591409678
0.063172105468301
0.063609068577952
0.063127658181555
0.071562725771681
0.072889946212313
0.064576340670139
0.067868659340792
0.072493931479723
0.066205075194172
0.064236822389849
0.068373307222525
0.063586303882879
0.066442324119507
0.067726469373079
0.064437147567453
0.066934423724969
0.064554749222827
0.073626711726883
0.064491583224386
0.079305057662558
0.063950556035412
0.065725094264799
0.068886762275842
0.064851468765725
0.079550878248911
0.063604587881603
0.063316947278007
0.074592141296214
0.076574914150219
0.063072492744892
0.078431429289294
0.075001711248521
0.079198003085188
0.076941498126292
0.063114372036674
0.073412889637919
0.072194026415367
0.077402105524555
0.077114575698484
0.079072753973845
0.064981458131255
0.064487802978099
0.06555840873101
0.065572480350527
0.064201594955171
0.066870780832514
0.069915310633242
0.071349321887542
0.072997348505473
0.067081540381057
0.067618748819229
0.066285732925526
0.079018205742469
0.065876571639505
0.064746075894825
0.064560721211402
0.07122893148575
0.065900663466988
0.063797986117392
0.070334374289446
0.077774749825096
0.070042502232104
0.070375613238002
0.063889182069057
0.077174400815444
0.07704457367336
0.076489389216125
0.076882826418109
0.064139935485272
0.064509035762901
0.079431146234985
0.064375507576299
0.063706604786927
0.063590894351499
0.074489804419637
0.074609137539488
0.065931921114556
0.065421201064
0.072909753958935
0.063899504665445
0.069625553175241
0.063713408039047
0.079320404219314
0.06510963390104
0.063457206368303
0.063698690685341
0.063699970793032
0.063892041482744
0.079288108280051
0.064320071803893
0.064091518824393
0.064024895393235
0.072521465267692
0.072483857195107
0.068159263868353
0.064868358465343
0.071433098469896
0.071443849559462
0.063695613455835
0.067632427254935
0.070055419201048
0.07694051976622
0.076735651374137
0.076896869685562
0.076654598199089
0.076484874042407
0.06991629005743
0.07707513942658
0.072483475304019
0.070136292396192
0.072875585357951
0.073197840118076
0.07239696850574
0.059949056265189
0.064657219010435
0.064770441244725
0.064889319100409
0.067907267048332
0.069632870468226
0.071791738603549
0.074064804998004
0.074537976252559
0.077658714414374
0.073983322142911
0.076507724440226
0.077388184226748
0.076974854770844
0.073104479437055
0.074036104104924
0.064755367733108
0.06504414465235
0.064933712614545
0.06826886004785
0.062472005803087
0.076887558238373
0.076341104798741
0.072496973488761
0.077733607041261
0.068790247385895
0.065362949823197
0.066338122001572
0.06474637497985
0.067691571363546
0.072871137123899
0.064764498047566
0.065759717774488
0.065827426093474
0.065739597147318
0.06882225715968
0.079642957257334
0.074118856365516
0.074204104300762
0.072716764709369
0.072422761178472
0.074230496487291
0.0721042306527
0.068378909203915
0.0623100530476
0.062339361878801
0.072456207323776
0.076974501999305
0.064249219564296
0.064625062195546
0.068241973158293
0.066586869738615
0.064453732203749
0.066559263166307
0.067309315659924
0.068958199454837
0.065630111040516
0.068623370617776
0.064882072449817
0.064948824273605
0.066448522025141
0.072714069158913
0.064494445719602
0.066525141647006
0.072892090146562
0.067951632711163
0.069994755913637
0.06653151206617
0.066422072553503
0.070137784644207
0.077557751084891
0.064376532991842
0.072465042447834
0.059952384123462
0.071625054763563
0.079707429031822
0.064909968490012
0.06483486170989
0.076942666219696
0.064584574620744
0.066781099518713
0.065942318386838
0.067697753079376
0.065604306791451
0.069837270755265
0.06587123059602
0.06542536728138
0.076636756182718
0.068087046095722
0.064978884229635
0.067643185394201
0.072034239339199
0.06568140104692
0.0664174387723
0.069248509368178
0.070976370924169
0.069942462551278
0.066509042810023
0.069560599872863
0.065275485953583
0.064842195746611
0.079676781014079
0.064907197499828
0.076422325468392
0.065338857409731
0.072388073895281
0.076147664593099
0.077684051471086
0.072328960537331
0.065140062877888
0.065790753018233
0.071545429512233
0.072012068839789
0.067428648675011
0.066249957085225
0.065054819809945
0.06642542167618
0.066305642714976
0.067037395392515
0.067234391487459
0.067176496750725
0.066889266140911
0.079235804354114
0.067039427067795
0.067058055299181
0.069007678557631
0.06735810279946
0.077671977656439
0.070708919242889
0.06715884768792
0.077143016111237
0.069015931713836
0.075165861723458
0.075071329969095
0.074528962077765
0.076133757805538
0.070767994006985
0.075871472931026
0.071529146049968
0.05923072
0.063909579564663
0.063822793412509
0.063719047538881
0.063660835566115
0.06393383324099
0.063193088099944
0.063049856100744
0.077085452126693
0.064663388443034
0.064738365255675
0.071350283029767
0.070901059709967
0.069622401384067
0.054757632424971
"n_492_d_0_tr_20_a_250x250_idx_0_p_adaptive-swsp"
0.080944257342007
0.064642042414836
0.064635641554053
0.065021087915252
0.063940701598552
0.064700383231844
0.064086445864664
0.065049809867154
0.06513998348299
0.065243278364366
0.079680428812138
0.064906621888047
0.064921529440126
0.065310778338233
0.064321141145487
0.065407980149603
0.065578927149319
0.063956056351269
0.07173086029107
0.065263928647876
0.065571217888139
0.065447146703406
0.064908253098117
0.080193628036094
0.06561578996019
0.064959484090626
0.080251609466609
0.080279797347967
0.067131382968129
0.07700602382986
0.069395072251351
0.077429416516103
0.06611204964069
0.065292919870875
0.065127766398633
0.064436116800323
0.065324653182568
0.065816200427884
0.06291010892282
0.063883560472697
0.070020921447628
0.067111665578869
0.064948634564627
0.06598354387321
0.064425132296346
0.072464740201197
0.077282334595398
0.072249958984829
0.064474981705091
0.079630661163378
0.064419077982638
0.071141583355044
0.0658698919282
0.072452997108725
0.068850748271044
0.064906272318469
0.067487218557817
0.063222370993299
0.069516733006292
0.063825595242208
0.078336030529323
0.062862499138883
0.066622321495957
0.065631339587664
0.075152491440457
0.074007546172343
0.066111953316952
0.063760162920827
0.065402865202555
0.06423823775921
0.078262007145809
0.064075062000281
0.079481219192216
0.077281526232518
0.063361626573044
0.063343866199405
0.077118442437398
0.067845521792758
0.077328770093017
0.078533461691727
0.072942270881294
0.063801534623437
0.063519922118828
0.063308561497318
0.064796877514312
0.064701210791157
0.072202257113831
0.061331758053969
0.078942093166696
0.067001175750479
0.063655946740043
0.076823235259846
0.072492188433225
0.077122677185716
0.066235367566674
0.073496816420129
0.072539616232775
0.066132072398584
0.066008930820307
0.076816193505344
0.073118909372088
0.055171586235641
0.070057663931168
0.072926753843257
0.072860444298443
0.072993830374779
0.073059751768996
0.073138493241302
0.07765277778748
0.067118749154581
0.072488990442892
0.072401115964674
0.072808670804332
0.07299684314829
0.072986879564807
0.072139000341066
0.072974275085088
0.077105991697954
0.072114231280043
0.072964169507023
0.072735302310674
0.072140406814879
0.071884622194377
0.072726966579021
0.076974272955344
0.072129384859747
0.072376984736602
0.072119577310486
0.072516106621657
0.071930670578329
0.07279491731009
0.072396263937
0.063763458890838
0.07956834236971
0.064656704014044
0.07280056258581
0.072795904367051
0.07771010151565
0.077996888765926
0.072277487858957
0.072600211749411
0.072540199542041
0.073033368463761
0.071841792145404
0.071872302213675
0.072103094926072
0.072025365552675
0.063243296107027
0.063393319685329
0.064103288075697
0.079429375297732
0.063906153706837
0.069976227507387
0.064172547924037
0.064005060959581
0.064080077221917
0.069642077402619
0.070655797137847
0.063580477742108
0.063905127989163
0.063827646946153
0.064370404655066
0.064905204935803
0.063787445687765
0.063455687574318
0.063389766320615
0.069960030962397
0.067102934337034
0.069148603504096
0.076674224376431
0.066769144044308
0.06708167406023
0.067930986720097
0.063232905961886
0.063049257890798
0.064112896219398
0.069448858287971
0.066770052808069
0.071939882676573
0.079266017038128
0.072158590415617
0.066278002006842
0.076186523721293
0.076984077517458
0.065453714326493
0.072471784087584
0.068287724348017
0.064947972624915
0.079561637037484
0.065462301761268
0.072644979292439
0.080034241107847
0.077028515722694
0.065089509838177
0.069151040963525
0.070020790127719
0.063690511125194
0.063929912133997
0.066624368586931
0.067386165799493
0.074803061437555
0.078861985351568
0.066506618290825
0.064713315005964
0.063721542559557
0.066052358544395
0.067708026888736
0.07305585578053
0.063633238737592
0.079367335195478
0.064455681546312
0.069000017902403
0.066714038317512
0.07568848971498
0.067699008142337
0.06448608823986
0.069782696344568
0.067035669462272
0.063220492602708
0.064904837848991
0.063710785413582
0.066832197243973
0.063718655939473
0.063292268632445
0.064913285780707
0.063045978886254
0.064903480466926
0.079197506766155
0.071557414161225
0.072881746422142
0.064879704621509
0.068779034202235
0.072467886994911
0.066114831867879
0.064742965751131
0.067102970598368
0.063793516248217
0.065860159001077
0.068867341172035
0.064480823122217
0.068341443037206
0.064580156905227
0.075645106809084
0.064423960641991
0.079429641209521
0.064704509464677
0.06448963340268
0.068431349303627
0.064431124848075
0.079673869153773
0.063387206884219
0.06466802529652
0.076607662554201
0.076787820877453
0.063966979150817
0.078529200003697
0.075609722963555
0.079611466597408
0.077421531158781
0.069058007421863
0.073634852120195
0.072220843080095
0.07755521290424
0.077270642744823
0.079346824942118
0.065258206789256
0.064766002779796
0.066211260026186
0.065573120097182
0.063866532661611
0.068227982836155
0.070597656464093
0.070263718250818
0.073614935994583
0.069171558224729
0.067631937448207
0.066282398423481
0.079201422866581
0.066108284334252
0.065903955113118
0.076539116212628
0.071974604054143
0.067548679864129
0.065275290392677
0.070968984882972
0.077876390589368
0.070935573747698
0.071197285374807
0.065080922741153
0.078599107463867
0.076950643016386
0.076571978885597
0.076992466858641
0.078080639420439
0.06595070046681
0.079799508885715
0.065403989866324
0.063970815332674
0.066312711744721
0.077023107746428
0.077004151071221
0.066353866075153
0.066251121862118
0.072918482173705
0.065786625805633
0.071608886565691
0.065764475406292
0.079734355294971
0.066494188895994
0.065836244109679
0.066155499290136
0.066948179972906
0.067030262366208
0.079547011202584
0.066780448781986
0.077216178273482
0.065927709819787
0.072510807885677
0.072470719053951
0.071145666941367
0.067918388855089
0.071617036003274
0.07163137098181
0.065067032663984
0.068255491890518
0.072435070354197
0.077280321606093
0.077099743555662
0.077712449426859
0.076866680333142
0.076721227166012
0.072373400957984
0.077145075383963
0.072457377002096
0.07101273898628
0.072964409641955
0.073068016156989
0.072387742563535
0.061379712247835
0.067632161974434
0.067807384433509
0.06790770170194
0.069569014634422
0.072016384446394
0.072012578759015
0.07415580678984
0.074487684164357
0.077778471352579
0.07409755240507
0.076538941270899
0.07805140888026
0.076949512150916
0.073119223692036
0.074014127455384
0.067793526712068
0.068177951741083
0.067984384807393
0.070627527833562
0.064899209697089
0.076915327320258
0.076641483955393
0.07246834787812
0.077645847359014
0.075996766515778
0.067058944085297
0.067416130887907
0.065776118753042
0.068208641155844
0.072859425672101
0.065440444818012
0.066505687732863
0.066171804281489
0.067148133412803
0.067922189216274
0.07986328927061
0.074185375569477
0.074270593750508
0.072684990816847
0.07242781021359
0.076605878973482
0.072013764332123
0.070720028197667
0.064683301978428
0.064708385635839
0.075546332088502
0.077042586380558
0.065013767856655
0.06567331211327
0.069268033231348
0.067673017294656
0.065863274183503
0.066631022487079
0.067625251539165
0.067943770374577
0.065994024619318
0.070883434379154
0.065447710324795
0.065303623332619
0.06654204571286
0.072377979560243
0.065752415878649
0.066674757098567
0.072862940708498
0.068213238735503
0.069379727213924
0.068366474689248
0.066996038928376
0.075006713760992
0.077556399501766
0.064814487150268
0.072470961396481
0.059953024132914
0.074562815786644
0.080054917682573
0.065172473882112
0.065377008792811
0.076943928366054
0.065225239449507
0.067770704803631
0.066484505639973
0.067633626459076
0.066451145629592
0.069447212256557
0.066153508537136
0.065797650065944
0.076942692535029
0.068856519692961
0.065830350110069
0.067798996513096
0.072902475999511
0.066591240209695
0.067242282983557
0.070733219243718
0.070198822994973
0.068966970000151
0.067006955381153
0.069447291478375
0.078221121368083
0.064856606707756
0.07992998381361
0.06442418048037
0.076938451905623
0.065597724776939
0.072401547078732
0.075297180448233
0.077803838515773
0.069862969168078
0.064736754996858
0.065286346540279
0.071690176866767
0.072015652964874
0.066737075068339
0.065454387304616
0.065152346689951
0.066830615883828
0.065409555187942
0.066229797934092
0.066687971466111
0.067580814861419
0.068063190317549
0.07939315447576
0.067052042574708
0.067729122418011
0.068853436764094
0.06758290639855
0.077849858412245
0.069361224324882
0.067248002088305
0.07723197426472
0.067688778988734
0.075274110842333
0.076922914637764
0.07466207795524
0.076902207757929
0.072594308827285
0.076402525307983
0.072258156560477
0.05923072
0.063910058326025
0.063818350496566
0.063712072156763
0.063655298909892
0.063930072889221
0.0632924160012
0.063150848267529
0.077344897282488
0.064461573077424
0.064540260046008
0.071311146961262
0.070891171511046
0.069620577950059
0.054755840492387
"n_492_d_0_tr_20_a_250x250_idx_0_p_flooding"
0.075263274129907
0.075375027506853
0.075373873087242
0.075692053888249
0.075023341979519
0.075797140647607
0.075105713819789
0.076322559074762
0.076413627443973
0.076423898851505
0.075576442840145
0.075988136300153
0.07576211492102
0.076388920089471
0.075472918778191
0.076602449646083
0.076648527067565
0.075546532528646
0.075263664090841
0.076427628239113
0.076622921173661
0.076622822876198
0.07615463977011
0.076684226555888
0.076605963422589
0.076219652326989
0.076590117439122
0.076873375160803
0.076452963075264
0.074599364738391
0.076297104832937
0.074714374635746
0.076725118339074
0.076726265640241
0.076822169741004
0.076848307752185
0.076750352048283
0.076600737162162
0.075909596967635
0.077014552239156
0.076818838579858
0.077000922541873
0.076861979670781
0.07708239095735
0.076901065212592
0.07428811868358
0.07613541775416
0.074033453018447
0.07621996869108
0.0764964590092
0.076384063256711
0.076387233382243
0.075990575481314
0.074108879382383
0.076215564571199
0.075989033430975
0.076101485689424
0.076012523621693
0.075461921022015
0.075857292262661
0.0760217382968
0.075782531243054
0.07649695869906
0.07597255130471
0.076604782291544
0.076414333389498
0.076649239640746
0.076285025025607
0.076285318107823
0.076370672538229
0.075722946006313
0.076113445411911
0.075761345140821
0.074815579062272
0.075948340150347
0.075891380332197
0.075266634662931
0.076017244323749
0.074996622849298
0.074934723069331
0.075634296237374
0.076074056807694
0.075733994369857
0.075579876414202
0.075492223208029
0.075725151159298
0.074048273249434
0.063112034357613
0.075643131952262
0.075322284856046
0.075425718810188
0.074658038667535
0.075320552937353
0.074554270327143
0.068014984772456
0.071305825973373
0.074309807346137
0.067906858392486
0.067757061485595
0.074289822018917
0.074767077930846
0.055585025815312
0.075396770236699
0.074746343675059
0.074650146960625
0.074795114395541
0.074858667798902
0.074695974731203
0.074873545153242
0.068177455683642
0.074512165989914
0.074395138851443
0.074609186765678
0.074768238207041
0.074772806396526
0.074118047221261
0.075081496525001
0.07451590172816
0.073955191936465
0.074699276474347
0.074434592739133
0.074114205117583
0.073843854380481
0.074604252950058
0.07441135214598
0.073899050655001
0.074210616442074
0.073957209292033
0.074250392888221
0.073757554722766
0.074478647472882
0.074135877724372
0.075584103023512
0.076145471262012
0.076351697247533
0.074497248816187
0.074557216702195
0.075208408007769
0.075095873721305
0.074074516055697
0.074226004464227
0.074280821337669
0.074994857181181
0.073569568075785
0.073696371434721
0.073890105795689
0.073774070511148
0.075358785938955
0.075309023607744
0.076611901405301
0.075963183444793
0.075986607110913
0.07651686460234
0.076618941920187
0.076613083660091
0.076105768847411
0.076619583163178
0.075860253379385
0.076367681572182
0.076257772058155
0.076730941160932
0.07654498312762
0.076755700890212
0.076643478466777
0.076152403591743
0.076070860214066
0.076267263320564
0.076710491196445
0.07655145939178
0.076520950289813
0.076492287404176
0.077052334836241
0.076589269191224
0.076092330492884
0.075833818765261
0.076564960716364
0.077101610650163
0.076518436035056
0.073616716798397
0.075812301936134
0.074016628386261
0.068101479955589
0.075801459560451
0.074576738417873
0.075880598300791
0.074231695306335
0.075311668244794
0.076296273258248
0.075987803955319
0.076173669766615
0.074407922241091
0.076413076528876
0.074877187381268
0.076215340314842
0.076703033038747
0.076670882779557
0.075601261538872
0.075907951186696
0.076781471360834
0.076676177095804
0.076339399525885
0.074958952553664
0.076348459755941
0.076437121314111
0.075832007139265
0.076649585525589
0.076316349295426
0.075912003497183
0.076475936791544
0.075495839938773
0.075925766580082
0.076491467976966
0.076581471463132
0.076184650009956
0.076358358539467
0.076196430731959
0.076383108674919
0.076452640351135
0.076159827572407
0.076345927635018
0.075852546526434
0.076074281054345
0.075960882571751
0.076141658532606
0.075964309298921
0.075720429705837
0.075771912693781
0.075648580224287
0.073301767912976
0.074613054551254
0.076140735775592
0.076367555834387
0.074182445820599
0.075891506685982
0.075906003096329
0.076449449944972
0.076395306358579
0.075791071952376
0.076095873841856
0.076063607655152
0.076305055844487
0.076338903423319
0.075187667964771
0.076454617248095
0.07720618486551
0.076398359687882
0.076143767903775
0.076494270048973
0.076118069421097
0.076347247228815
0.075890602431886
0.075685672724873
0.075311873674564
0.074071180301862
0.075742021834387
0.075197948306711
0.075134412020562
0.07559746695846
0.075625598475141
0.075305169969205
0.075210968523298
0.074050384843557
0.0747975619281
0.074380178997362
0.075822355200823
0.075995706750626
0.075995768821401
0.076205437665034
0.067318272203372
0.076085825576847
0.07644122639702
0.076560257978058
0.07611120389388
0.076719239368326
0.076149847338954
0.076447330001894
0.076560890566781
0.07581102527254
0.076791916720825
0.076399788852188
0.074087561693623
0.076499084274587
0.076426194656091
0.075975856723345
0.076737642141083
0.075798790636778
0.076814852382531
0.076652746853196
0.076253445034178
0.074966469969839
0.074518674592907
0.073947174480464
0.074155525700615
0.076107923927523
0.076391520326371
0.076165985004558
0.076597218571906
0.076289567630414
0.076177338327123
0.074621406138998
0.07446465997384
0.076621225797663
0.076478944853193
0.074471452608697
0.076101155764939
0.076140645506825
0.076288348674144
0.076274965985993
0.075484252819917
0.075626626911194
0.076379164467118
0.076137198532895
0.076187628707401
0.075964873968937
0.076284681242031
0.076182029181887
0.076058392695895
0.074202013533255
0.074168212770358
0.072803778663043
0.069946471347529
0.07330010745548
0.073305482031232
0.07607355880766
0.075482209090258
0.074169009902281
0.07484460999072
0.074557304275156
0.074751423008675
0.074583958457236
0.074149647330297
0.074052742628233
0.07465809639219
0.074093206690119
0.075147548602402
0.074471424898975
0.074646372677127
0.074071789122728
0.063217664265189
0.069272004184615
0.069814316208107
0.069940136069829
0.075440481006573
0.073663199744349
0.073641281904236
0.074460032645405
0.075348386467605
0.075188351837835
0.074490008014064
0.074121254721636
0.074846833806444
0.074259920550007
0.074730772343253
0.074496666196554
0.069794413239788
0.070230388743776
0.069974804140538
0.067118697963141
0.066072137311356
0.074414195288904
0.075197321837813
0.074108400253453
0.07504840663447
0.076216313784756
0.076176506853351
0.07612475099856
0.076448292639627
0.076595493665451
0.074565915890805
0.076466719799353
0.076776303083577
0.076197846236341
0.076463536574152
0.076864813066415
0.076098942573018
0.074464966471558
0.074618145453848
0.074388992021256
0.074082541843064
0.074019918877541
0.073857283660938
0.067145511136511
0.065832551126542
0.065847171291673
0.072387958051781
0.07458959301797
0.077118514573783
0.076994764508503
0.076962213121231
0.077149614969127
0.076892768428163
0.076831434308851
0.07696862005054
0.07728039886414
0.07679472384769
0.076967428691104
0.077259234601714
0.076648880433266
0.076653563696293
0.076688769026247
0.076729783490545
0.077090529706495
0.074553463440163
0.077180804369867
0.076882906514955
0.077405280267368
0.076728918391373
0.076908167394248
0.074644913998226
0.076609635573584
0.074163953746737
0.06076928
0.071862572838785
0.076124695213272
0.076238107236502
0.076757863921279
0.074279023001728
0.076824894773671
0.077342806365016
0.076680863908995
0.076784656371038
0.076335455006028
0.077567414041813
0.077099720559311
0.077061095933605
0.076111686800907
0.077266126053186
0.076921712896798
0.077214384260196
0.077394753947654
0.07643045590722
0.076174831818305
0.077334287229109
0.076814514053348
0.077004850928028
0.076981181284694
0.07716276706279
0.0757984044811
0.076570566753977
0.076140938960545
0.076287587375955
0.074992964280242
0.076632613783029
0.074073800852043
0.076474462593802
0.075420595339025
0.076667744882575
0.076090190182903
0.076057777100291
0.075931026242888
0.073654852672284
0.076851037285956
0.076812120912187
0.07649509035902
0.076395703196764
0.076238579719605
0.076587349839308
0.07620547228398
0.07625975786635
0.076161234269159
0.075557668140507
0.076093867020373
0.076092466102473
0.076049309589646
0.076086341854681
0.075099714309904
0.075881700806037
0.068194113903625
0.07455668726799
0.075411182003012
0.073093383770605
0.074969914160608
0.074357627448476
0.074482515666181
0.075659963237432
0.073938538452825
0.074104590347955
0.061171456
0.065276816001041
0.06516145295205
0.065099335428192
0.065038981003397
0.065293481429961
0.064633472193597
0.064474432263526
0.074071289477082
0.066948677947662
0.067003110080208
0.073108171018112
0.072630212210421
0.071122724194563
0.055169280547568
"n_492_d_0_tr_20_a_250x250_idx_0_p_mprt2"
0.071555959808447
0.07848959978071
0.066194740189456
0.071068600361075
0.072593577797565
0.071216978016212
0.069744717024039
0.075773899094408
0.072529510229309
0.074669357375595
0.070219456173534
0.075504748390442
0.073082619229973
0.072942049305449
0.072007995422673
0.078451074502367
0.071909238418295
0.077226196223544
0.069821764428425
0.073639929464631
0.067635419027044
0.0741922028824
0.078515290542845
0.069860135490281
0.071557479403955
0.068218037711615
0.077304661098593
0.071842659282134
0.070399084819976
0.074159213169896
0.075097866241918
0.071779711236227
0.070182598014331
0.076697531476315
0.070358729812175
0.077724698222866
0.0707423244256
0.076506796841766
0.075377311797956
0.072224513516771
0.076939553474796
0.067102869839162
0.070638003890991
0.07143668995586
0.072742601163943
0.072673592354036
0.067979924540431
0.070365002167786
0.070682359197405
0.076002524304177
0.078000407133862
0.069631336051675
0.076263921050292
0.072548782956529
0.067657670695904
0.073797624489476
0.077978898732288
0.070878385548246
0.072956799468012
0.074149605435255
0.075541818000751
0.082288007626996
0.083252994946932
0.067276744499481
0.072958465696437
0.073927080060919
0.075270270290946
0.075270364719207
0.068195982364322
0.069728469968748
0.072337380601062
0.077917681268969
0.075136471517037
0.078861897638872
0.066765266599423
0.07348729311096
0.072947733250832
0.072792998918699
0.061354610812608
0.074302470970411
0.073363355195269
0.072863044287102
0.074919912816641
0.078551745479142
0.073095925172166
0.066305142754716
0.079209711071612
0.074423933187724
0.068675252902261
0.077282752201071
0.076406972190729
0.071344015536688
0.071416100756444
0.068066585829324
0.067029524162902
0.066672764201399
0.073524030847963
0.068786453432989
0.076459746660161
0.072242809315921
0.071532599846258
0.071282080723879
0.077478976567901
0.072834866309447
0.067199497207883
0.071294563140773
0.068337122258365
0.070488664175479
0.071312845635439
0.06954378030406
0.069308682774768
0.072515592672476
0.068065794835521
0.073255940639678
0.0692408526247
0.073325868314364
0.074459476392865
0.070438454462437
0.070060407334625
0.069317948404157
0.071668207774231
0.077921875794732
0.069355296018895
0.071248212321858
0.06985201949292
0.07111091724466
0.069940864401689
0.074381498292428
0.07421335486618
0.067706742974968
0.070857225878915
0.07273749672216
0.069001936042222
0.073581173609959
0.076782600365939
0.071853042597784
0.072364525174731
0.070192715918329
0.072833851029749
0.070050475072191
0.071491944757095
0.067106850238876
0.071052115693469
0.066963628261547
0.070264480002789
0.07242848675101
0.070112248746023
0.072434734617583
0.070247754944306
0.068979348275323
0.073192256727868
0.082995860080515
0.068440801250044
0.070476736648756
0.078580719240849
0.069095279589711
0.070148729968647
0.073658611646812
0.07004876048242
0.069788814607253
0.07084770896555
0.068134002304585
0.073595476100868
0.068253367494058
0.067701265903861
0.071643504024777
0.073899822406017
0.071596108834887
0.071922486002071
0.073492330175566
0.075138313546387
0.071160762133236
0.074998676217516
0.074248729661289
0.073155272035647
0.076728642923107
0.06868802081795
0.071857101544739
0.073332244530773
0.069835843597808
0.073871611834262
0.067184019720907
0.076194831249226
0.074602388600168
0.075182743658029
0.067947531586102
0.070802790142356
0.076929808831401
0.074069986742326
0.07341813044855
0.073278855150672
0.081433880620589
0.071150736525322
0.071859575720535
0.069517512537366
0.071912328397641
0.068766455236492
0.073424468814373
0.075734664757387
0.076352352504127
0.066497284023763
0.074792447322848
0.076093424856012
0.074641962008821
0.073670798929665
0.070014288687118
0.079167307361641
0.070043598841901
0.08061929854866
0.073320563448041
0.075522244610744
0.071513871679209
0.071307987284812
0.073335958819569
0.073622923422859
0.072681838304074
0.073297715576269
0.072736841529557
0.075120623247004
0.068921688387804
0.069949966763563
0.077142363153654
0.076297434652457
0.075374642333246
0.069021498153433
0.073651312005409
0.066727221810143
0.073336870455271
0.073053438772134
0.069162382259838
0.065870783807503
0.078157773133302
0.075395787041924
0.074672905454495
0.067347924143262
0.062619376499138
0.066276496166089
0.077441692292919
0.074628506004353
0.075102899177556
0.073568797157454
0.066758355570672
0.078332648098747
0.073469909912356
0.072551617728474
0.075282257856539
0.077600899638188
0.073914317135625
0.072950169645869
0.066475953207651
0.067813488805884
0.067988302662393
0.068871141437511
0.067071660062434
0.071893087364489
0.066466208571332
0.067812689451689
0.067800366532617
0.070358241023426
0.075730568767803
0.070086703165316
0.071858824250555
0.075827027863456
0.068820431311599
0.074300274891862
0.081220159994567
0.071294087188422
0.074781834092723
0.072739814018817
0.074049970513776
0.075549775236809
0.077917274185402
0.076116165628353
0.072667436992813
0.075801367814128
0.074185985931397
0.059572496
0.070748323500456
0.066646609431862
0.078474660986458
0.070407841677118
0.075565318901268
0.071608788327098
0.076222326941991
0.068672211668688
0.070216125354856
0.079250123595607
0.073241660711757
0.081666461605309
0.074008864376454
0.076458071467102
0.076820693608358
0.072371881834718
0.061554353202562
0.075135818290046
0.07236775232244
0.07464430626197
0.066938290188415
0.078964949217853
0.071628275318413
0.069883754762305
0.076926786695693
0.071004398021079
0.072679660957403
0.072390852108027
0.076426850965242
0.071847797014541
0.074416895493206
0.073892380702863
0.072779424274764
0.073722189967979
0.07013857349898
0.073939020419657
0.073983596666078
0.072073177693787
0.07250370990855
0.072987444061499
0.073560720632333
0.072872491343075
0.072061703209164
0.076651363501024
0.072220566303747
0.072711938845614
0.072081015420364
0.072329056546205
0.073277025321428
0.079263585956551
0.073417660946832
0.068720615680869
0.076226662307488
0.072756654910521
0.0778259089032
0.071179044688578
0.073786316666099
0.072947450815628
0.079722671384056
0.068300081929889
0.073241476456208
0.072301617581792
0.0760827092379
0.071547104320157
0.067511282132326
0.073223070511809
0.065605174252098
0.069459137602499
0.073264287894939
0.0721791651311
0.066355591303165
0.072326249357706
0.072560903773006
0.072348649881127
0.075634699835873
0.071621935264358
0.076001684659659
0.074243672387427
0.079271491200647
0.076597769291007
0.071752369875961
0.062561648134071
0.070889407620793
0.064625672888718
0.070193258683642
0.065585483907797
0.066951396675097
0.065051396709153
0.073627332281829
0.065760623061199
0.068334368279966
0.070106005979856
0.075637169921243
0.068291588853312
0.071263528771565
0.071284315932901
0.077723848137762
0.069181880865063
0.072689788952393
0.069043880581451
0.075596520058371
0.076403204080144
0.077346842866796
0.065149634096497
0.069761969953592
0.064824249488796
0.071775503246395
0.065665718678128
0.066126660033063
0.070554430938042
0.070488338814321
0.073570904208019
0.067118336045241
0.072238396335086
0.070827114946769
0.073252051823001
0.078895228946059
0.075120048565187
0.074178557396215
0.078735517165655
0.069493011523789
0.074565436808087
0.061989257790475
0.073688525627164
0.068757002520632
0.068589467043225
0.06564367741165
0.071089972089236
0.074187802186485
0.075402131573215
0.077234546460635
0.074687704370402
0.074557470559303
0.079188324256264
0.069052116256788
0.078605373767688
0.079098431385588
0.077103128464579
0.069444827697922
0.076612673372391
0.078916297446271
0.075787210713477
0.077266235088738
0.067412560877857
0.065233161152247
0.074600254976444
0.076817583619557
0.078982090178507
0.076037308388014
0.072915742642312
0.078170354559062
0.076206181486612
0.070731367879789
0.077307498059323
0.074636680344199
0.079833989672032
0.075733069205643
0.073492683194714
0.072128098344337
0.077428999952703
0.07313032893036
0.076701048894922
0.077558944601725
0.06831750300686
0.075395510420264
0.074250602801357
0.079199597774762
0.067291664382394
0.061128177368534
0.061155345861929
0.077418602272251
0.065502767615972
0.066500245081838
0.072221536619252
0.070898678794947
0.078024376144931
0.079392380604235
0.06592862801186
0.06741738472165
0.071864835520639
0.078602546164423
0.079689881874716
0.068567863515135
0.077808665541399
0.065847284871343
0.074356852057811
0.071161954530501
0.06249253143867
0.075930856792588
0.064144752185193
0.068523506217806
0.061453104416574
0.072111417954639
0.06511797170668
0.07754765599781
0.072504262608513
0.06898839042293
0.062946221680473
0.073767769725179
0.069787060484609
0.068333232245697
0.072663379346377
0.077623569866184
0.072817324925351
0.071449246942002
0.059250224
0.059480400662646
0.067688348254549
0.07406494847498
0.065599792864361
0.068253557103724
0.07189798140337
0.059920944
0.070603824832146
0.062581360069207
