"n_492_d_0_tr_20_a_250x250_idx_0_p_abba2"
282.838073247
452.106385188
276.059716010001
286.523944024001
423.864499844001
282.592716871001
334.344735079
210.594357118
289.895029241
255.938174519001
296.851055769001
261.684455181
297.847387662001
274.541995454
233.028768694001
270.543076133001
241.369778914001
271.740671305001
439.480311472001
451.629261408001
422.554209904002
495.121837039001
302.656417145001
326.166388674
70.200576217001
69.8909635650011
406.633545961001
373.348300728001
348.759004957
62.6755901690013
341.063794106002
310.863915034001
358.566429069001
358.037567380001
400.058847686001
69.8614654350012
251.171575360002
316.090036916001
424.493830404002
486.849001938001
335.707415284002
55.3237742050019
318.583225622001
382.149050568001
399.213606751001
295.022348573001
298.944428207003
60.882430346
339.459710136001
318.975187914001
592.204509362002
270.230614824001
418.533112501001
59.2811905970017
325.977339470002
335.109999224002
496.036838602
303.352114336001
309.687739920001
263.682214726002
304.460906232002
274.321220053
318.508251387001
399.221214704001
256.125702351001
299.979973171002
340.475111439
308.309035364001
422.972277042001
321.899510845002
321.073690991001
414.790943235001
385.466945407002
323.548546037001
270.621591476003
346.828066933002
312.094775228001
370.376232304
367.356671540003
395.283036534002
349.118363243003
353.547247609001
248.129741595001
336.239679371001
370.793505139002
341.937823866003
223.095933951001
330.074445235001
303.105012008002
200.109791054002
340.218664393003
301.219854491
261.597111865001
59.4743576200027
311.857435430003
287.365985486003
116.774877739001
121.061082664001
261.483998869002
290.878673899002
324.430205534002
518.622951304002
285.308376670002
551.633595086003
336.910279925002
365.884615998002
494.853684760002
57.4978187530011
144.519224954003
120.794184261003
497.327146135003
119.180023452001
60.5975064620026
462.586998796002
107.703548307002
120.945337371003
111.323814743001
101.154713246002
379.705945809004
202.791113078002
203.905797972002
499.975980374003
547.824132083004
527.339000225002
102.350648597998
283.261626531004
507.983989900005
107.404490027005
502.226592589004
93.5139791969988
426.009880620004
96.4783436040015
472.705777026004
140.226285088001
124.076839373
135.868404071005
470.445369215003
607.299781771005
55.7962315520015
129.366020682003
475.208445836003
324.193888377003
365.795965006004
296.179054714003
333.144034937
316.041992346005
304.682579928002
355.068592103006
297.531036316002
273.724836365002
277.624344482003
304.834463147003
285.959830044
323.009186551001
354.975326467002
347.762758630004
401.077697311003
433.980355892
358.923405158002
396.014707689002
270.763410465005
274.735326885001
269.352432384
152.082186658003
273.801845305002
307.192568328002
281.365262947002
264.575396596001
260.933779808003
382.592986709003
284.056334642003
393.420366680004
333.255437227002
342.553827774005
524.537493752003
353.467705337003
379.416117011001
460.918649450004
398.586789626002
463.263566546001
289.020315105002
540.469399772004
497.699393084002
494.393236519002
364.824113541001
342.079036538003
467.966655124002
337.177861915002
140.865803340006
388.338536466001
343.782315166003
343.721099022002
366.740050305001
321.869395076003
457.457637523003
298.473735947006
286.720290820003
488.934331857003
384.013350488004
324.097800983001
"n_492_d_0_tr_20_a_250x250_idx_0_p_adaptive-local"
20.225072834001
20.0010736230007
20.8330068810003
17.9530605570006
20.4170679010005
20.0970775890008
19.6491091980002
19.969070499001
17.9210327120005
22.0491307790009
23.8731302550006
18.6890674930007
21.6011235770006
23.009199254
19.585094471001
22.5611052610013
20.8331483900013
21.185156026001
25.1850967100005
21.1531174580006
105.416179505001
1.18406586500086
1.18406586500086
0.864065865000541
0.864065865000541
1.18406586500086
1.18406586500086
0.864065865001429
0.864065865000541
0.864065865000541
1.18406586500086
0.864065865000541
0.864065865001429
0.864065865000541
0.864065865001429
1.18406586500175
413.096452095002
356.443974929001
367.545601905
382.698154941002
357.475420655001
361.203213778001
388.320778026001
363.633616113001
354.710370684002
391.247407951001
382.024100161003
464.707805737001
349.827634472001
356.074507835002
357.926315522002
356.443459532002
370.389025107
378.810901794001
385.075663613001
342.174140675002
371.898376125001
380.626325920002
354.914448923001
354.943654866002
340.985544332002
378.846654526001
367.602691038002
355.814397707002
371.990350022001
364.771924315002
372.663277064001
374.809134229
386.254662893002
359.072135246002
378.145269348002
382.363629253001
359.077330328001
380.398020047002
373.633233321002
350.171466353002
368.169196368001
362.440444558001
390.042490253002
372.279870328002
376.462156911002
381.488686587002
375.034063739001
361.861063409002
371.503515841002
366.946801110004
346.898243324
407.671780503001
393.780363436001
377.447968179002
348.878416664002
344.441286745001
373.581968057001
367.807240282001
377.010506115003
348.047645472002
402.540895359001
376.193419647002
382.406259648002
362.918711320003
363.422830218003
365.363859529001
392.210470886001
374.338228926002
589.409879616003
546.074992213002
593.549407609002
583.518348475002
679.169694949001
578.910354049002
600.131606049002
577.969166525001
601.595552607002
608.675673118002
599.046868492003
586.778542089004
638.697392526002
606.849805220003
621.596902321002
587.941718929004
569.482728509001
661.841958857
611.694453519004
579.026075203004
602.890423517998
623.157365467001
561.321644479001
582.085323619005
587.646198017001
568.285259907
558.749961995002
566.731541039001
603.894546180005
575.896814024002
586.879175408999
624.930328834005
601.682660301002
619.134871508003
583.904825005003
581.355406814001
818.092526042005
600.470785272002
624.386970581003
570.060651951003
608.822917611001
578.120595636005
569.755382566001
612.377442950006
367.436375329003
377.273412639003
367.156572127005
381.807028270003
367.065229769
378.067686302003
580.174100725003
630.271925897002
620.074386586001
600.625145989
607.432434334004
597.553142868001
631.770829342003
599.897485388002
621.369837123002
560.279613245004
566.451472697
618.250485890005
611.116913170005
613.275290619001
578.229867145001
578.285372440003
571.230633680006
594.870827026003
613.644983395002
583.169431638002
575.808204164002
588.179550012004
590.677331129001
576.500221388002
595.853912205005
618.339594555003
388.470834922003
595.804758089002
590.991762698
579.900034950004
607.637765339003
589.435789336005
603.394114133003
600.815948367
604.688471670006
600.629977467001
359.174816479005
599.228116182005
607.744617729001
373.523169850007
396.406167258004
358.708121598003
390.639021273003
361.042410204
370.104301670004
363.682127300006
"n_492_d_0_tr_20_a_250x250_idx_0_p_adaptive-swsp"
20.225072834001
20.0010736230007
20.8330068810003
17.9530605570006
20.4170679010005
20.0970775890008
19.6491091980002
19.969070499001
17.9210327120005
22.0491307790009
23.8731302550006
18.6890674930007
21.6011235770006
23.009199254
19.585094471001
22.5611052610013
20.8331483900013
21.185156026001
25.1850967100005
21.1531174580006
104.433548026001
1.18406586500086
1.18406586500086
1.18406586500086
0.864065865000541
0.864065865001429
1.18406586500086
0.864065865001429
1.18406586500086
0.864065865000541
0.864065865001429
1.18406586500086
0.864065865001429
0.864065865000541
1.18406586500086
1.18406586500175
366.513837227001
458.922671381001
367.368109287002
368.638348071
364.912969441001
346.833588626001
376.389404154001
464.679901695002
487.492715855002
508.463965023001
347.250315511001
448.511518919
359.452955963
355.668017129002
344.148669700003
370.627626734002
343.719485780001
354.382405261001
369.850900163001
352.266517873002
372.585928193001
358.414319380001
340.640834655002
373.290390697001
360.777144149003
484.802840089001
365.625246541001
367.502782982001
358.439853161002
379.596169687002
371.694058248
360.957023450002
365.374257582001
362.628344343001
363.836427917002
359.733372933
352.916675765002
371.098494784002
364.334960392002
371.046963272002
368.412307414001
379.120802091002
364.410160070003
370.351567692001
371.865935871002
395.438678044
365.261542332002
369.479235291001
458.343669747002
381.795473590003
346.218664546001
382.046261990002
361.567199866002
372.687909033003
370.056733460004
355.449163523002
375.220288153001
362.888042580003
371.233162723001
353.653057187003
382.112124517
364.179904422002
351.812369467002
352.242401391003
377.660672703003
368.762222763001
358.391461357002
373.369763165002
584.833838923002
581.798373751003
561.037860085001
610.465667111003
574.497834301003
1037.600365425
620.777150988003
572.536360276002
583.861620366001
620.274123458001
606.816700078001
601.089036281003
552.055938094
627.139554321003
558.260549634003
554.202282957002
594.099498111003
621.672666568003
571.252254402005
580.662077400003
553.495516818
612.096933041002
577.549439207001
607.656314296005
598.873865053001
565.731757731999
592.295843084003
574.256209799003
565.516438211002
556.444684793004
546.153904297999
600.281369715002
584.210553882002
613.941887000006
592.803492177001
625.768096012003
569.359063820006
588.977614848002
563.749656788005
622.638443766004
586.231283725002
587.549218400007
586.150056780003
601.229389431005
403.546158019005
380.211594465003
401.705646050004
380.022886017002
387.406054835999
408.902493450004
582.307977983003
593.104128888005
602.201344032004
612.904297530999
606.811715929002
576.697184557002
604.027772558005
620.917575136001
598.445792612001
638.519556621002
610.676353825003
591.914816901003
638.692234663001
598.219078566
602.793835550006
621.376924838003
570.402545414005
587.703786062004
607.807650619002
614.970059220006
593.311942577003
560.636148076004
609.729338531004
584.981954498002
572.922181001005
590.647265307002
595.509927224004
589.657892510004
597.395309991001
583.917422021003
643.020443886002
587.335854911004
576.894772055002
571.393679930004
570.353971593004
581.349670618003
596.433557157002
593.074252755002
576.464486291002
383.022898546002
378.124729438003
392.077468895003
391.345480431003
349.917249290005
358.008007311003
364.424031489001
"n_492_d_0_tr_20_a_250x250_idx_0_p_flooding"
20.225072834001
20.0010736230007
20.8330068810003
17.9530605570006
20.4170679010005
20.0970775890008
19.6491091980002
19.969070499001
17.9210327120005
22.0491307790009
23.8731302550006
18.6890674930007
21.6011235770006
23.009199254
19.585094471001
22.5611052610013
20.8331483900013
21.185156026001
25.1850967100005
21.1531174580006
20.8330930410012
22.4651361160007
23.8412194560009
19.4250850530002
21.3771523140007
19.8729559860009
21.1850931790005
22.4012056740008
22.6571568690002
21.0571964950006
20.0970673040013
20.4489825870011
21.3770460110014
19.4570222360007
18.9769658630006
20.4171131280013
22.689194223001
19.4250291830009
20.4170009340006
19.8090657360011
19.5529944610016
18.7850603960023
19.5849702700013
20.353016244
19.0089700690006
21.0569663760012
20.1290297380012
22.0490268920006
18.0170231460011
18.7850040920008
19.3290250020013
22.9131223970018
25.0891188929998
20.1287811180002
22.0489997540021
20.0650742420017
17.3770125400008
19.8730341770013
18.8811014120009
21.7291150460017
19.0089827520019
19.8731165310004
18.9129967770008
22.7853311430017
21.0570338400018
19.8729975030023
20.4169920310004
21.2811734260008
21.9211329750006
20.3211424270009
21.9211762580027
22.2411301680001
24.6411879310013
21.9530535570005
18.240998556001
19.2330005200034
21.7290008050011
19.5529593760018
20.3209998870015
20.7369608110017
19.648895527002
19.1049580450002
18.8809557510012
18.1449405190008
20.2890822710025
19.2009942830023
21.2490166970003
21.6011104760021
20.8329749290019
23.2012978800036
21.0569875910025
16.9609474440016
19.7770204620014
19.9689543010013
18.1449894320025
18.241080111002
19.1049867080011
19.0409738260016
18.6569782460015
18.3689357120027
18.4650543790017
19.6490330650008
18.3689838850007
18.6890239320014
18.0490309090029
19.7770496920029
19.6490240830016
21.857050688002
23.1370153110024
23.5210535950028
22.5610535360019
21.1851187340013
24.0971853130016
21.6330872510024
23.2331106070021
19.5210298790034
19.9690704260007
22.9131362730026
24.9610375640028
21.5370280000045
22.4010890470012
22.8170493850008
22.7211219450041
22.2730747610029
22.561115864999
21.3772032390018
22.5611596040025
22.9131815730028
22.144880342001
18.6891014799997
23.9052178640016
23.2330558480029
20.4170788070037
22.7851821750029
18.9450865639991
23.4571099680032
22.5931733350002
22.145031104003
20.8650658340019
21.9531489670004
20.8650821920031
20.7370170180035
23.4570599250041
23.2330562860028
21.3130425010029
23.5531987150033
22.7852616210029
22.6890796290036
22.0491629470025
20.2890207620001
20.3850680670037
20.9609873000041
20.4169946820016
18.6890829110027
19.4249869300016
26.4973069810033
23.4252293050012
26.7852824820025
29.1854241650036
24.0653659200021
27.3611827600035
27.5213482920016
27.2335036930009
25.7293630120046
26.6893394240029
30.2415795030022
26.785377588002
24.8333589640026
28.0971883170018
25.7933705570004
27.3611498110036
28.6094401740016
27.0094024849996
25.697450103003
24.6411561400031
26.4011643590045
25.4733598450017
27.6491556330001
28.9294140620022
24.7053711100023
27.7773660390039
26.0493070210011
25.9213631949997
26.113352569002
27.3293667530012
30.5613753870055
25.9214162210029
26.7853446870028
27.425412770004
27.7453811810027
28.8654519750047
25.9214493850024
26.1453792820028
23.745373909005
27.6493606140029
26.9773392350032
24.2894006220027
24.9613551730015
26.0173286920029
27.4253904820014
"n_492_d_0_tr_20_a_250x250_idx_0_p_mprt2"
24.1931895160006
24.1931687700001
28.5453373180005
27.5214246510007
26.8814081590003
36.257893049001
22.8170415010007
18.2410790830003
19.6490449490003
22.8811343950008
22.8170999070008
21.153165086
24.6411690220008
25.6012239540002
22.0171482900007
21.8252172870006
23.1051837440006
23.6491785300013
17.3770018390007
33.6976013230004
22.5611343000018
21.6971911530006
23.553132181001
24.3211911110004
23.0091006140007
21.6011153320013
21.2491366350003
21.4730978840008
24.9611834280001
21.7931759780008
22.1451744590011
24.1932296750011
26.177220959001
24.5132174420002
26.0172402870014
21.9212428220015
20.9291787020005
21.4731376020012
30.4335417430011
19.3291095780008
32.7054271310008
33.473590113001
21.9211674519997
21.5692423520011
22.9772191590012
36.3856569830023
11.1365121110012
22.8170034940014
17.0888589710003
8.41647131200141
8.73645768500175
19.7770975910014
23.8732135400017
21.3131329080003
20.7050927330013
23.1049872720011
20.9609287570007
22.7851705460012
18.7851575810019
20.001073887002
21.921129314002
21.4089309480006
29.5695319880007
21.9211036810005
21.0570640960022
23.1370167380014
31.2017697110001
23.7771665720015
19.6490891080021
22.5611211390024
23.1371345000024
30.4975755830004
29.7935396140012
32.5775589070005
22.6572986740017
34.6577812990017
28.6094594920012
34.7217092490002
37.2816939930019
37.0575908280024
32.4817045090029
23.0091641880001
20.7369907320007
21.3770023700022
15.3607574010017
26.017416471003
33.9216505330011
26.5614991740009
28.7055274900023
26.0172125220013
29.1534171710026
28.7373488360014
27.7453744630005
27.8734819170019
26.0173801460013
41.9219240510031
17.0569515250012
19.9049137170011
19.3290331600036
18.4969812740015
19.7451113770022
39.7778786560004
22.9131798530009
39.3941157850026
21.8249835570017
23.1050846220029
35.3939044780009
37.6337399830025
50.4662434690015
39.2018850930018
22.2410701740028
27.1372873050009
24.0653149390013
24.4492645070018
23.1373379750028
24.0653329200047
23.9053162800023
24.9613379220026
24.0653219700029
26.0811012000044
21.7931820580013
25.0572761600019
23.7772832880054
26.4012779490024
22.2410013290002
25.6012016960021
36.0978559140008
35.8418272020025
37.8258290520037
36.065908577001
40.0659215880026
36.9299175550033
37.5379158850038
37.0258300580026
39.7461062929985
36.4177466150046
42.6580392210028
34.5619388670038
32.7057566260009
37.7938214200029
43.9606250060045
22.0170283580003
25.2170993140055
19.4250199780015
25.4732077960007
21.185046969002
21.6330469110027
22.2731133980041
22.7850572080044
20.385048704
22.2091124250028
21.3770948260006
21.4731074380019
23.4570955020033
28.3533681330006
37.4097721590019
29.4094210340035
28.6094824770018
22.7851090270015
24.065193117
33.6975714160026
25.2812805990033
27.5534309720022
31.3293299340032
32.9616370310006
27.2015465030044
32.2578056580021
27.2014659980009
9.18453595100388
28.6094906130003
29.0895060540031
27.7774038530012
27.0734008490017
9.72854152800195
27.201391009001
28.3853398920044
25.1853940420013
25.8893554660027
29.0893845410025
27.8734005490016
31.0412827160036
30.2413665550034
27.6173659750008
26.1453801480016
25.5693481140007
13.376780037003
26.657409530003
29.281331163002
32.1616240150036
30.5615426060015
31.2016324880027
26.5293302250029
25.4733644430019
23.4252844510046
29.0255530060008
25.1213400910046
34.4336098990041
32.289671769
27.6494282800073
29.3774153830029
