"n_492_d_0_tr_20_a_250x250_idx_0_p_abba2"
337
471
449
457
468
358
357
202
369
220
479
469
340
327
216
213
221
221
476
489
484
470
484
481
89
89
465
473
467
91
473
476
441
455
463
89
457
458
450
469
463
96
474
446
452
475
479
93
461
479
482
455
482
97
468
483
467
466
480
464
467
472
469
461
466
457
465
456
452
449
466
451
466
462
463
460
461
459
459
464
441
464
454
462
463
462
319
461
453
197
433
468
469
92
363
474
113
117
470
470
478
476
467
469
469
470
445
92
113
113
466
114
92
473
114
113
113
113
476
203
205
470
477
480
113
221
480
114
471
114
484
114
469
114
114
114
452
482
91
114
474
463
477
467
479
464
456
462
468
474
476
465
468
466
452
464
461
467
471
462
356
354
352
109
351
346
344
351
342
460
355
465
345
451
458
462
461
454
436
455
356
444
450
459
458
442
450
452
107
458
453
460
453
428
448
340
321
442
450
325
"n_492_d_0_tr_20_a_250x250_idx_0_p_adaptive-local"
478
478
476
476
474
474
474
474
474
484
486
488
488
488
488
488
488
489
489
489
44
28
28
28
28
28
28
28
28
28
28
28
28
28
28
28
458
477
465
478
465
465
477
478
477
478
477
474
466
466
479
486
485
482
483
483
483
483
483
483
476
474
474
476
476
476
476
475
475
475
475
474
474
466
465
466
464
462
466
465
466
466
466
466
463
463
463
461
464
464
465
465
481
480
480
480
480
481
481
477
479
478
473
473
475
474
475
475
457
457
458
464
462
462
462
462
464
460
471
471
468
468
468
468
468
468
468
468
468
466
476
476
482
476
477
477
483
474
478
477
478
477
478
461
462
476
475
475
475
475
465
469
469
470
469
476
476
476
477
477
477
476
477
476
476
476
476
479
480
480
480
480
464
475
475
473
473
473
472
472
375
472
472
465
471
472
472
467
467
472
375
466
461
461
466
451
456
443
451
430
"n_492_d_0_tr_20_a_250x250_idx_0_p_adaptive-swsp"
478
478
476
476
474
474
474
474
474
484
486
488
488
488
488
488
488
489
489
489
48
28
28
28
28
28
28
28
28
28
28
28
28
28
28
28
468
477
477
479
477
477
478
476
477
476
475
475
477
478
479
486
485
482
483
483
483
483
483
482
476
475
476
476
474
476
476
476
475
475
476
475
474
467
467
467
465
466
464
464
467
467
467
467
464
464
464
464
465
465
482
466
482
481
481
481
481
481
481
481
479
479
473
473
475
472
471
474
475
474
475
481
479
479
479
478
476
480
483
483
484
484
484
484
484
484
484
484
484
484
482
482
482
482
484
484
487
482
484
483
484
484
484
469
469
484
477
483
483
483
473
477
477
477
477
477
478
478
478
478
478
478
478
478
478
477
477
480
480
481
481
481
465
476
476
474
474
474
473
473
473
473
467
473
473
473
473
473
473
473
473
467
467
466
467
457
457
449
451
435
"n_492_d_0_tr_20_a_250x250_idx_0_p_flooding"
478
478
476
476
474
474
474
474
474
484
486
488
488
488
488
488
488
489
489
489
489
489
489
489
489
489
488
488
487
483
483
483
483
483
486
486
479
479
479
479
479
479
479
479
479
479
479
479
479
479
479
479
479
479
483
483
483
483
483
483
483
483
483
476
476
476
476
476
476
476
476
476
475
475
467
467
467
467
467
466
467
467
467
467
467
464
464
464
464
464
465
466
466
482
481
481
481
481
481
481
481
481
481
473
473
473
473
475
475
475
475
475
481
479
479
479
479
481
480
480
480
487
487
487
484
484
484
484
484
484
484
484
484
482
482
482
482
484
484
484
484
487
484
484
484
484
484
469
484
484
483
477
477
477
477
477
477
478
478
478
478
478
478
478
478
478
478
478
478
478
481
481
481
482
482
465
474
474
474
474
474
473
473
473
473
473
473
473
473
473
473
473
473
473
467
467
457
457
457
451
"n_492_d_0_tr_20_a_250x250_idx_0_p_mprt2"
343
345
343
344
342
444
470
470
471
472
473
474
474
472
341
474
474
475
220
476
473
476
478
478
485
485
485
480
476
480
468
475
479
471
474
468
478
467
470
471
469
474
473
472
471
468
114
364
366
114
113
471
471
469
478
476
478
477
475
476
476
476
475
465
467
466
468
471
461
466
470
463
466
464
457
456
454
457
457
455
456
465
466
465
331
462
462
460
460
462
463
463
463
467
467
470
478
477
478
480
477
479
477
472
463
457
462
459
457
456
462
474
480
477
477
474
478
480
479
479
476
476
478
479
476
474
470
477
477
477
476
477
477
472
477
469
465
477
466
470
481
485
484
481
481
481
484
469
462
455
460
455
455
455
459
455
477
477
357
358
477
358
474
474
476
470
470
470
112
469
472
472
472
114
472
461
461
461
461
461
461
458
461
460
459
235
451
459
460
456
459
456
460
460
459
458
444
445
443
437
