"n_492_d_0_tr_20_a_250x250_idx_0_p_abba2"
149
209
198
203
214
160
171
84
163
100
218
213
146
133
96
95
102
100
219
244
225
222
232
230
29
34
208
218
214
33
216
225
193
206
215
30
201
211
189
214
209
36
220
203
198
214
226
36
216
233
230
208
230
39
228
230
230
223
229
212
207
226
208
211
210
211
215
194
208
212
220
207
222
220
206
211
216
208
208
211
195
220
204
226
222
210
147
216
204
75
194
224
222
33
170
220
46
53
220
224
227
230
219
217
213
218
197
33
52
48
207
53
35
218
54
51
47
51
219
89
89
213
231
218
49
103
224
53
214
51
232
51
220
51
49
50
209
231
32
49
225
222
241
213
229
212
207
218
213
233
234
212
220
216
205
217
219
213
220
219
165
172
160
45
151
152
148
156
148
213
157
212
158
202
200
223
208
203
197
209
172
193
198
206
218
203
209
191
43
203
198
205
201
184
197
141
127
188
202
132
"n_492_d_0_tr_20_a_250x250_idx_0_p_adaptive-local"
478
478
476
476
474
474
474
474
474
484
486
488
488
488
488
488
488
489
489
489
3
1
1
1
1
1
1
1
1
1
1
1
1
1
1
1
210
230
217
234
212
210
231
232
229
231
231
233
217
214
226
239
243
240
239
235
232
238
234
243
231
227
227
230
236
229
232
234
228
233
236
234
233
222
233
245
221
258
222
230
225
221
242
229
214
240
222
225
217
218
235
219
242
239
241
251
266
249
258
239
257
264
229
242
226
246
258
264
212
216
205
217
222
216
213
227
235
220
246
255
227
252
223
231
242
221
221
220
232
235
226
242
267
231
234
241
283
246
272
249
235
259
235
235
238
242
241
242
233
240
235
219
235
237
237
276
263
255
266
259
285
246
242
238
251
247
233
244
277
267
240
241
234
246
242
229
241
256
242
236
217
237
235
242
231
232
237
253
264
280
201
233
236
238
273
214
225
215
214
198
"n_492_d_0_tr_20_a_250x250_idx_0_p_adaptive-swsp"
478
478
476
476
474
474
474
474
474
484
486
488
488
488
488
488
488
489
489
489
4
1
1
1
1
1
1
1
1
1
1
1
1
1
1
1
214
230
235
231
234
228
229
232
228
228
236
231
233
227
233
240
243
236
233
243
238
237
234
236
232
228
231
233
232
258
230
259
241
232
234
235
223
227
228
259
226
232
235
223
228
220
235
224
236
226
216
230
227
226
258
258
270
250
263
278
246
255
251
264
258
242
254
256
248
250
238
234
261
245
234
237
253
245
272
245
241
259
256
266
280
255
246
255
247
259
275
250
259
256
265
246
256
248
265
252
276
243
257
275
272
303
281
271
272
277
273
278
295
284
291
264
288
286
312
286
256
261
260
251
277
257
242
269
252
233
242
274
248
275
264
265
273
257
254
254
263
243
247
243
267
252
268
269
239
263
241
252
253
249
241
245
232
250
233
237
227
229
237
195
"n_492_d_0_tr_20_a_250x250_idx_0_p_flooding"
478
478
476
476
474
474
474
474
474
484
486
488
488
488
488
488
488
489
489
489
489
489
489
489
489
489
488
488
487
483
483
483
483
483
486
486
479
479
479
479
479
479
479
479
479
479
479
479
479
479
479
479
479
479
483
483
483
483
483
483
483
483
483
476
476
476
476
476
476
476
476
476
475
475
467
467
467
467
467
466
467
467
467
467
467
464
464
464
464
464
465
466
466
482
481
481
481
481
481
481
481
481
481
473
473
473
473
475
475
475
475
475
481
479
479
479
479
481
480
480
480
487
487
487
484
484
484
484
484
484
484
484
484
482
482
482
482
484
484
484
484
487
484
484
484
484
484
469
484
484
483
477
477
477
477
477
477
478
478
478
478
478
478
478
478
478
478
478
478
478
481
481
481
482
482
465
474
474
474
474
474
473
473
473
473
473
473
473
473
473
473
473
473
473
467
467
457
457
457
451
"n_492_d_0_tr_20_a_250x250_idx_0_p_mprt2"
157
156
156
154
118
181
251
259
242
235
244
245
247
246
181
233
243
241
98
244
217
287
278
287
296
289
285
290
272
281
272
286
288
267
261
259
309
292
271
295
263
258
295
287
300
286
84
253
258
84
83
290
306
316
320
315
336
307
296
310
289
299
262
282
296
273
284
287
289
271
274
262
269
259
259
263
248
269
235
238
243
273
261
274
180
284
273
290
279
286
263
279
263
256
250
273
331
327
341
326
337
301
327
291
286
303
298
307
299
295
314
328
329
328
331
331
341
328
332
325
314
332
330
339
321
338
266
300
280
284
252
254
281
279
270
271
241
272
233
250
274
289
286
280
292
292
296
258
268
265
261
244
255
247
238
240
269
263
172
183
273
206
249
259
264
247
263
239
42
234
260
254
241
60
253
253
250
264
237
232
261
237
247
248
245
130
267
284
249
262
217
272
280
264
279
277
242
240
258
250
