"n_50_d_sparse_tr_120_a_240x360_idx_6_p_hola"
95.407893206005
61.1683847820039
71.1111532570037
57.9505237770057
72.018621955003
65.5338880790026
134.534546936003
55.5517183260044
104.757743926005
38.7538526140041
58.910835690007
60.4844606950046
36.5995656120042
52.7820116740045
79.6632985330064
40.4807225080042
42.6874514400062
119.043149213006
70.6663973580071
40.7530609910047
42.0649449800088
52.4992585310073
77.8140937750074
22.2713861140065
70.3292877080059
62.7037892850026
32.0722852200106
113.72479495401
55.5181629270081
155.825227784007
135.27431143401
115.30660850201
85.7119791250085
99.7397003280085
44.2287033380069
95.6159091270052
69.2287171480075
40.5802388450098
177.876256118005
35.8873943210085
104.516933140012
76.2198529570099
37.7540615480072
66.6169961030079
87.0497251540101
32.2402976170082
38.569488895007
59.5662735870093
64.7021466740085
51.176992105006
62.2038104930098
74.9542242120071
25.4083253280086
37.2982915590114
56.7538513740118
77.4418702080055
42.5834915470062
66.3373880190079
72.985937017009
27.7024123080096
52.179138534008
61.2255605940106
55.1012935880095
50.972004917007
86.1506563380061
46.1702313900147
72.1579377810073
52.2579606740123
75.8367199880112
56.9966496130121
119.385551425012
56.3813140910128
95.475440187009
58.7181825400123
67.8856697820081
49.5908216630099
105.29352676901
74.8530435740093
102.286412750018
38.1768144970138
89.7973254260123
46.6624115880094
71.7622155510114
60.1875450000193
82.3912817720114
21.9476194320123
106.524736448009
48.2184775760146
71.4886371060146
40.2431914670132
106.646724019015
95.0622992690171
81.5264537700244
89.8653319550107
52.9360475490108
58.6993027350076
174.141356919009
50.8362984380142
74.4201899750152
41.6611783020073
163.167803366008
75.1573734410158
68.4244729090153
113.952984753013
29.6868798970138
42.7367286500129
30.6655874800157
75.7823965580116
81.0422511500235
37.6039882910106
61.4258262540091
50.2653599630207
153.966607469016
12.3916850020152
46.353697246019
106.859457351021
124.484026097008
106.900942289016
55.4418766700167
94.5907409850122
41.4666592640174
115.058024816008
83.9770165420077
54.6907708000219
64.6047999750152
87.3604284950176
71.2530797060111
62.0754711370211
18.0974889220096
61.9186089310091
22.9166491870103
66.9769234080206
82.3791794920226
46.6272097750107
36.6256915670107
36.7305798260134
87.3290994930187
66.0445089000206
50.246937895011
79.5979988200202
86.0872035170104
56.8769043980097
49.5325069450132
34.0210712910221
45.0087045590237
91.3501584940235
85.1227602820188
122.024280622014
69.9732550970111
55.2087827810226
44.1980782610187
78.1064707180121
58.2765546060244
86.9238169740214
109.980763161019
34.008748777012
83.9228638840126
69.8854612520137
127.658768349022
17.7451816480243
72.8788606820245
63.9597433150243
75.8135833860223
49.5366102680208
65.0420770460158
81.4490860460211
106.576744497019
36.8713569360182
92.8205723250244
86.0175719190153
89.193506992018
34.5955529410134
100.633145602018
69.9920988480187
44.5006564050203
89.2736775260232
61.0321589520169
22.9354382070142
83.7635971860209
46.9380281740257
54.2282581210145
53.0647383080236
96.4028909970267
44.8035173400285
75.8621198840217
55.4458160110158
34.1197587250264
61.6748380370211
104.863600896024
95.8182031420165
33.3451065600343
42.0412910770267
39.5750993110227
52.512412678027
72.014158591017
79.4099539880193
90.7797712410172
55.7638778760179
49.8106613030274
93.9951900900269
53.2973862010238
69.1091486570201
79.9482342180227
87.402404613016
75.9752864790215
113.031879486016
68.5430095410169
60.3449273110215
71.2448066510234
61.883335707023
59.8084239170191
71.0952096880249
101.328866551029
76.8432932020175
108.622122586027
27.3039543460243
207.934262787035
119.677056439031
106.908812141029
19.24157352002
174.265955030023
54.2232631130162
68.0327227630357
111.955554533012
65.1379579010154
86.8228201790373
82.0177167070142
92.2263626770246
36.1225096850148
46.4176613540133
144.120815586035
83.4591524480288
90.7233857920176
52.829420918016
42.3745010230334
62.3225431010326
133.135619014013
73.2538575140325
84.6171200920196
137.695509300045
56.5744560420285
122.435025617023
92.898613948023
27.1629333370242
139.808063168033
58.3515216410149
110.014438395012
39.673454412025
66.7473064400497
36.6580350350318
73.4393198200394
60.1313050310353
57.971988486031
124.799984903035
59.237835081035
66.2370785220219
74.3900233430281
93.137731253023
51.0395287550409
103.485029180035
23.8474086880274
65.8557236030219
14.9701566720353
149.419818797014
64.7824800760191
95.3822462620337
27.3785463930381
93.3915238650229
68.8002772350274
45.7956230710295
112.878984721021
93.2225604210259
60.8885549190177
57.317845379032
69.1564587370408
17.8854553140297
87.4601518190161
124.919512614042
57.7753149790396
22.6473043300359
60.6708255770343
87.1178877360421
24.6480113150369
63.802680297016
135.562120565027
65.2703598500466
89.5615345620229
99.6707167430202
68.2956585600323
78.26146981904
77.0822390270212
56.0053147660255
66.6080734680179
153.971427505041
23.1675359230223
34.9781336330182
92.7708412050379
53.5680970330361
122.371478928045
77.657616455042
"n_50_d_medium_tr_120_a_240x360_idx_6_p_hola"
80.1873726400046
89.0708982830049
53.8913731770023
30.868316412004
77.0105168980031
58.7812185850041
48.3591113330029
27.8768469360031
60.7319515140041
70.8493252970044
61.042525479003
49.6007760100063
41.6693186480046
56.1418754580032
30.2068293640048
30.1283766580056
57.9309130230037
70.7986250980071
55.8770956830053
44.6306835070054
44.9569860810044
136.391318212006
31.3958050570058
56.1042724440028
37.8198001830086
31.2668319110045
66.3429310670054
32.4052382980042
25.7336907720074
46.8761705110055
59.4952205350054
44.3067713910068
52.1116518780076
66.2357593680056
61.0436918090045
67.7718680900128
85.3767450410103
66.1230436480054
80.0502669030081
87.6403378910098
145.647160194009
61.9124060030103
120.695715591005
57.1598739830108
55.0130445100123
96.8532287980111
82.7593802580111
66.2702483720068
20.644600882008
31.2906424080097
58.4648518620057
116.767105882012
38.1895011490059
97.9619695850076
105.594418829007
100.064729468009
31.5994763060061
94.9023754990108
76.2196230360104
65.4234939560112
39.7776445300124
95.7644019860098
64.5847086490079
45.4209558830101
38.5694201820073
47.9811664370118
84.9628822230102
54.8410911460095
83.190714272007
103.971677855007
31.8125840470103
76.2900795530115
41.0109474180089
84.7586833070082
85.8443782750129
72.8098444450112
82.1502208020135
74.4255831190088
60.3447733980076
63.9506112690142
39.355290242014
47.4159660650102
90.8246459450126
83.1649876950138
27.4846327340086
88.2872456680133
51.300950624011
42.5430403540048
74.2292136760057
63.0910767730057
76.2879870160162
62.872142933017
51.4530683320089
28.7043287190158
43.3689043630068
62.2353489180085
74.687774878015
61.1316129800201
47.1568777070104
66.0960455120119
86.2798467580177
70.2125224780161
45.9193656030124
61.3530246050118
88.8200174490095
88.3940524800124
59.6813441030122
29.6150808540148
18.7030933560095
40.0734795470186
28.2244857780114
42.8397811140115
121.846140253012
83.7448683950157
54.7168440020158
71.29778134302
80.2757111840151
37.1939239460204
104.27061851702
48.7216973000244
76.5023860450214
51.4362131800254
90.3486745130095
51.8981789310118
31.657933015012
64.7648178270117
118.472835089008
57.9787444910096
108.705167823018
65.3983488850116
75.4595013830226
82.673391730026
91.4348711170163
32.1157262560092
29.6033139340182
79.9797768920172
213.354528033022
136.751136605014
75.1572172220136
44.9665677450213
82.8107842450123
120.007020961012
29.5617623060167
69.0145228600301
101.83068964902
81.0421680640161
22.102776803024
59.8966228770195
43.4798860710117
27.6330887420215
39.515244829019
31.7018895550234
113.525915154014
83.3661071240215
40.8025417660127
78.9165198040109
26.301838001018
51.743320136012
33.4248835280135
70.8971701120191
71.1474442280178
71.6136112910135
112.944226829015
41.0219589370229
66.6953336850185
118.829713474014
65.4774249990169
74.7852819070118
48.4018118660146
60.203491869018
50.8607369190202
41.0275599150225
104.629519358014
54.6905218060232
68.6905479200277
69.2041483380166
112.057831224021
97.1774560110248
98.2794546690258
16.7426787000267
64.536394488016
37.6960681940233
107.432558704019
51.8890518660271
54.3996745520161
35.1304437550226
108.020260963016
80.3083709120216
112.053764292014
92.5430255520183
90.058816105028
42.3479303110241
32.8438455720175
40.0046530380251
57.1676177430192
107.193982049026
60.9029688110212
45.2700105400368
66.6041408170202
41.9305329050275
46.7517150460282
41.792586087027
59.373992948025
151.467497978018
40.1355891840183
74.060788797027
42.7276066960189
23.2833629770255
25.1678661270205
90.6689461990169
43.0907855730283
36.3864848280286
63.900737756029
47.1753637770291
24.6676005730251
64.2422265340201
46.9006343920171
51.3293971280291
91.8999145530108
27.8540305800448
87.0738073090251
49.0364967150185
27.5370470030225
65.4999006590344
59.7819427130162
139.353868142024
24.2910436460306
81.2620779320241
109.675241201018
82.1488631190164
41.1204515910129
25.9663992360117
46.9721215680181
52.664077443012
64.5063703250344
34.4251423040305
79.8423854320163
118.561717463024
38.782610215037
25.9226861080322
99.1973992990154
90.136660864033
48.2135248530255
43.1262904070309
42.6765006230312
58.8718637490331
97.3730812690121
83.0322467460292
72.8148439470147
50.0687880400505
43.7994287290167
60.3193353370273
53.3755200620192
43.3986065680187
80.5725476850228
37.3650760570285
72.12464874803
47.1159943950283
87.547309182014
16.2354084300489
57.7114457910284
52.3879370710176
65.8344407450215
15.2486506010234
33.3477225580339
52.7599083330301
46.1582751270271
77.3646845220242
82.3702862360278
53.829647123024
59.9576615890385
57.7265390460298
92.1868422460363
41.4898063280305
58.9219161060157
172.21148265503
64.6463023360297
89.5227651720347
29.187142697026
140.910548294016
37.6812708470311
51.8838727180366
61.9265912140179
142.703300497033
54.8494481000432
45.8277112900305
86.8550748120356
59.9421878040403
40.8114366620396
28.141766978024
61.8874626240427
47.6363079500572
56.1165243510402
32.6010739610183
47.4000723890242
75.1396241930422
61.2896169610337
45.0011937980435
52.8293232480337
"n_50_d_dense_tr_120_a_240x360_idx_6_p_hola"
80.1873726400046
89.0708982830049
53.8913731770023
30.868316412004
77.0105168980031
58.7812185850041
48.3591113330029
27.8768469360031
60.7319515140041
70.8493252970044
61.042525479003
49.6007760100063
41.6693186480046
56.1418754580032
30.2068293640048
30.1283766580056
57.9309130230037
70.7986250980071
55.8770956830053
44.6306835070054
44.9569860810044
136.391318212006
31.3958050570058
56.1042724440028
37.8198001830086
31.2668319110045
66.3429310670054
32.4052382980042
25.7336907720074
46.8761705110055
59.4952205350054
44.3067713910068
52.1116518780076
66.2357593680056
61.0436918090045
67.7718680900128
85.3767450410103
66.1230436480054
80.0502669030081
87.6403378910098
145.647160194009
61.9124060030103
120.695715591005
57.1598739830108
55.0130445100123
96.8532287980111
82.7593802580111
66.2702483720068
20.644600882008
31.2906424080097
58.4648518620057
116.767105882012
38.1895011490059
97.9619695850076
105.594418829007
100.064729468009
31.5994763060061
94.9023754990108
76.2196230360104
65.4234939560112
39.7776445300124
95.7644019860098
64.5847086490079
45.4209558830101
38.5694201820073
47.9811664370118
84.9628822230102
54.8410911460095
83.190714272007
103.971677855007
31.8125840470103
76.2900795530115
41.0109474180089
84.7586833070082
85.8443782750129
72.8098444450112
82.1502208020135
74.4255831190088
60.3447733980076
63.9506112690142
39.355290242014
47.4159660650102
90.8246459450126
83.1649876950138
27.4846327340086
88.2872456680133
51.300950624011
42.5430403540048
74.2292136760057
63.0910767730057
76.2879870160162
62.872142933017
51.4530683320089
28.7043287190158
43.3689043630068
62.2353489180085
74.687774878015
61.1316129800201
47.1568777070104
66.0960455120119
86.2798467580177
70.2125224780161
45.9193656030124
61.3530246050118
88.8200174490095
88.3940524800124
59.6813441030122
29.6150808540148
18.7030933560095
40.0734795470186
28.2244857780114
42.8397811140115
121.846140253012
83.7448683950157
54.7168440020158
71.29778134302
80.2757111840151
37.1939239460204
104.27061851702
48.7216973000244
76.5023860450214
51.4362131800254
90.3486745130095
51.8981789310118
31.657933015012
64.7648178270117
118.472835089008
57.9787444910096
108.705167823018
65.3983488850116
75.4595013830226
82.673391730026
91.4348711170163
32.1157262560092
29.6033139340182
79.9797768920172
213.354528033022
136.751136605014
75.1572172220136
44.9665677450213
82.8107842450123
120.007020961012
29.5617623060167
69.0145228600301
101.83068964902
81.0421680640161
22.102776803024
59.8966228770195
43.4798860710117
27.6330887420215
39.515244829019
31.7018895550234
113.525915154014
83.3661071240215
40.8025417660127
78.9165198040109
26.301838001018
51.743320136012
33.4248835280135
70.8971701120191
71.1474442280178
71.6136112910135
112.944226829015
41.0219589370229
66.6953336850185
118.829713474014
65.4774249990169
74.7852819070118
48.4018118660146
60.203491869018
50.8607369190202
41.0275599150225
104.629519358014
54.6905218060232
68.6905479200277
69.2041483380166
112.057831224021
97.1774560110248
98.2794546690258
16.7426787000267
64.536394488016
37.6960681940233
107.432558704019
51.8890518660271
54.3996745520161
35.1304437550226
108.020260963016
80.3083709120216
112.053764292014
92.5430255520183
90.058816105028
42.3479303110241
32.8438455720175
40.0046530380251
57.1676177430192
107.193982049026
60.9029688110212
45.2700105400368
66.6041408170202
41.9305329050275
46.7517150460282
41.792586087027
59.373992948025
151.467497978018
40.1355891840183
74.060788797027
42.7276066960189
23.2833629770255
25.1678661270205
90.6689461990169
43.0907855730283
36.3864848280286
63.900737756029
47.1753637770291
24.6676005730251
64.2422265340201
46.9006343920171
51.3293971280291
91.8999145530108
27.8540305800448
87.0738073090251
49.0364967150185
27.5370470030225
65.4999006590344
59.7819427130162
139.353868142024
24.2910436460306
81.2620779320241
109.675241201018
82.1488631190164
41.1204515910129
25.9663992360117
46.9721215680181
52.664077443012
64.5063703250344
34.4251423040305
79.8423854320163
118.561717463024
38.782610215037
25.9226861080322
99.1973992990154
90.136660864033
48.2135248530255
43.1262904070309
42.6765006230312
58.8718637490331
97.3730812690121
83.0322467460292
72.8148439470147
50.0687880400505
43.7994287290167
60.3193353370273
53.3755200620192
43.3986065680187
80.5725476850228
37.3650760570285
72.12464874803
47.1159943950283
87.547309182014
16.2354084300489
57.7114457910284
52.3879370710176
65.8344407450215
15.2486506010234
33.3477225580339
52.7599083330301
46.1582751270271
77.3646845220242
82.3702862360278
53.829647123024
59.9576615890385
57.7265390460298
92.1868422460363
41.4898063280305
58.9219161060157
172.21148265503
64.6463023360297
89.5227651720347
29.187142697026
140.910548294016
37.6812708470311
51.8838727180366
61.9265912140179
142.703300497033
54.8494481000432
45.8277112900305
86.8550748120356
59.9421878040403
40.8114366620396
28.141766978024
61.8874626240427
47.6363079500572
56.1165243510402
32.6010739610183
47.4000723890242
75.1396241930422
61.2896169610337
45.0011937980435
52.8293232480337
"n_50_d_sparse_tr_120_a_240x360_idx_6_p_hola1"
95.407893206005
61.1683847820039
71.1111532570037
57.9505237770057
72.018621955003
65.5338880790026
134.534546936003
55.5517183260044
104.757743926005
38.7538526140041
58.910835690007
60.4844606950046
36.5995656120042
52.7820116740045
79.6632985330064
40.4807225080042
42.6874514400062
119.043149213006
70.6663973580071
40.7530609910047
42.0649449800088
52.4992585310073
77.8140937750074
22.2713861140065
70.3292877080059
62.7037892850026
32.0722852200106
113.72479495401
55.5181629270081
155.825227784007
135.27431143401
115.30660850201
85.7119791250085
99.7397003280085
44.2287033380069
95.6159091270052
69.2287171480075
40.5802388450098
177.876256118005
35.8873943210085
104.516933140012
76.2198529570099
37.7540615480072
66.6169961030079
87.0497251540101
32.2402976170082
38.569488895007
59.5662735870093
64.7021466740085
51.176992105006
62.2038104930098
74.9542242120071
25.4083253280086
37.2982915590114
56.7538513740118
77.4418702080055
42.5834915470062
66.3373880190079
72.985937017009
27.7024123080096
52.179138534008
61.2255605940106
55.1012935880095
50.972004917007
86.1506563380061
46.1702313900147
72.1579377810073
52.2579606740123
75.8367199880112
56.9966496130121
119.385551425012
56.3813140910128
95.475440187009
58.7181825400123
67.8856697820081
49.5908216630099
105.29352676901
74.8530435740093
102.286412750018
38.1768144970138
89.7973254260123
46.6624115880094
71.7622155510114
60.1875450000193
82.3912817720114
21.9476194320123
106.524736448009
48.2184775760146
71.4886371060146
40.2431914670132
106.646724019015
95.0622992690171
81.5264537700244
89.8653319550107
52.9360475490108
58.6993027350076
174.141356919009
50.8362984380142
74.4201899750152
41.6611783020073
163.167803366008
75.1573734410158
68.4244729090153
113.952984753013
29.6868798970138
42.7367286500129
30.6655874800157
75.7823965580116
81.0422511500235
37.6039882910106
61.4258262540091
50.2653599630207
153.966607469016
12.3916850020152
46.353697246019
106.859457351021
124.484026097008
106.900942289016
55.4418766700167
94.5907409850122
41.4666592640174
115.058024816008
83.9770165420077
54.6907708000219
64.6047999750152
87.3604284950176
71.2530797060111
62.0754711370211
18.0974889220096
61.9186089310091
22.9166491870103
66.9769234080206
82.3791794920226
46.6272097750107
36.6256915670107
36.7305798260134
87.3290994930187
66.0445089000206
50.246937895011
79.5979988200202
86.0872035170104
56.8769043980097
49.5325069450132
34.0210712910221
45.0087045590237
91.3501584940235
85.1227602820188
122.024280622014
69.9732550970111
55.2087827810226
44.1980782610187
78.1064707180121
58.2765546060244
86.9238169740214
109.980763161019
34.008748777012
83.9228638840126
69.8854612520137
127.658768349022
17.7451816480243
72.8788606820245
63.9597433150243
75.8135833860223
49.5366102680208
65.0420770460158
81.4490860460211
106.576744497019
36.8713569360182
92.8205723250244
86.0175719190153
89.193506992018
34.5955529410134
100.633145602018
69.9920988480187
44.5006564050203
89.2736775260232
61.0321589520169
22.9354382070142
83.7635971860209
46.9380281740257
54.2282581210145
53.0647383080236
96.4028909970267
44.8035173400285
75.8621198840217
55.4458160110158
34.1197587250264
61.6748380370211
104.863600896024
95.8182031420165
33.3451065600343
42.0412910770267
39.5750993110227
52.512412678027
72.014158591017
79.4099539880193
90.7797712410172
55.7638778760179
49.8106613030274
93.9951900900269
53.2973862010238
69.1091486570201
79.9482342180227
87.402404613016
75.9752864790215
113.031879486016
68.5430095410169
60.3449273110215
71.2448066510234
61.883335707023
59.8084239170191
71.0952096880249
101.328866551029
76.8432932020175
108.622122586027
27.3039543460243
207.934262787035
119.677056439031
106.908812141029
19.24157352002
174.265955030023
54.2232631130162
68.0327227630357
111.955554533012
65.1379579010154
86.8228201790373
82.0177167070142
92.2263626770246
36.1225096850148
46.4176613540133
144.120815586035
83.4591524480288
90.7233857920176
52.829420918016
42.3745010230334
62.3225431010326
133.135619014013
73.2538575140325
84.6171200920196
137.695509300045
56.5744560420285
122.435025617023
92.898613948023
27.1629333370242
139.808063168033
58.3515216410149
110.014438395012
39.673454412025
66.7473064400497
36.6580350350318
73.4393198200394
60.1313050310353
57.971988486031
124.799984903035
59.237835081035
66.2370785220219
74.3900233430281
93.137731253023
51.0395287550409
103.485029180035
23.8474086880274
65.8557236030219
14.9701566720353
149.419818797014
64.7824800760191
95.3822462620337
27.3785463930381
93.3915238650229
68.8002772350274
45.7956230710295
112.878984721021
93.2225604210259
60.8885549190177
57.317845379032
69.1564587370408
17.8854553140297
87.4601518190161
124.919512614042
57.7753149790396
22.6473043300359
60.6708255770343
87.1178877360421
24.6480113150369
63.802680297016
135.562120565027
65.2703598500466
89.5615345620229
99.6707167430202
68.2956585600323
78.26146981904
77.0822390270212
56.0053147660255
66.6080734680179
153.971427505041
23.1675359230223
34.9781336330182
92.7708412050379
53.5680970330361
122.371478928045
77.657616455042
"n_50_d_medium_tr_120_a_240x360_idx_6_p_hola1"
80.1873726400046
89.0708982830049
53.8913731770023
30.868316412004
77.0105168980031
58.7812185850041
48.3591113330029
27.8768469360031
60.7319515140041
70.8493252970044
61.042525479003
49.6007760100063
41.6693186480046
56.1418754580032
30.2068293640048
30.1283766580056
57.9309130230037
70.7986250980071
55.8770956830053
44.6306835070054
44.9569860810044
136.391318212006
31.3958050570058
56.1042724440028
37.8198001830086
31.2668319110045
66.3429310670054
32.4052382980042
25.7336907720074
46.8761705110055
59.4952205350054
44.3067713910068
52.1116518780076
66.2357593680056
61.0436918090045
67.7718680900128
85.3767450410103
66.1230436480054
80.0502669030081
87.6403378910098
145.647160194009
61.9124060030103
120.695715591005
57.1598739830108
55.0130445100123
96.8532287980111
82.7593802580111
66.2702483720068
20.644600882008
31.2906424080097
58.4648518620057
116.767105882012
38.1895011490059
97.9619695850076
105.594418829007
100.064729468009
31.5994763060061
94.9023754990108
76.2196230360104
65.4234939560112
39.7776445300124
95.7644019860098
64.5847086490079
45.4209558830101
38.5694201820073
47.9811664370118
84.9628822230102
54.8410911460095
83.190714272007
103.971677855007
31.8125840470103
76.2900795530115
41.0109474180089
84.7586833070082
85.8443782750129
72.8098444450112
82.1502208020135
74.4255831190088
60.3447733980076
63.9506112690142
39.355290242014
47.4159660650102
90.8246459450126
83.1649876950138
27.4846327340086
88.2872456680133
51.300950624011
42.5430403540048
74.2292136760057
63.0910767730057
76.2879870160162
62.872142933017
51.4530683320089
28.7043287190158
43.3689043630068
62.2353489180085
74.687774878015
61.1316129800201
47.1568777070104
66.0960455120119
86.2798467580177
70.2125224780161
45.9193656030124
61.3530246050118
88.8200174490095
88.3940524800124
59.6813441030122
29.6150808540148
18.7030933560095
40.0734795470186
28.2244857780114
42.8397811140115
121.846140253012
83.7448683950157
54.7168440020158
71.29778134302
80.2757111840151
37.1939239460204
104.27061851702
48.7216973000244
76.5023860450214
51.4362131800254
90.3486745130095
51.8981789310118
31.657933015012
64.7648178270117
118.472835089008
57.9787444910096
108.705167823018
65.3983488850116
75.4595013830226
82.673391730026
91.4348711170163
32.1157262560092
29.6033139340182
79.9797768920172
213.354528033022
136.751136605014
75.1572172220136
44.9665677450213
82.8107842450123
120.007020961012
29.5617623060167
69.0145228600301
101.83068964902
81.0421680640161
22.102776803024
59.8966228770195
43.4798860710117
27.6330887420215
39.515244829019
31.7018895550234
113.525915154014
83.3661071240215
40.8025417660127
78.9165198040109
26.301838001018
51.743320136012
33.4248835280135
70.8971701120191
71.1474442280178
71.6136112910135
112.944226829015
41.0219589370229
66.6953336850185
118.829713474014
65.4774249990169
74.7852819070118
48.4018118660146
60.203491869018
50.8607369190202
41.0275599150225
104.629519358014
54.6905218060232
68.6905479200277
69.2041483380166
112.057831224021
97.1774560110248
98.2794546690258
16.7426787000267
64.536394488016
37.6960681940233
107.432558704019
51.8890518660271
54.3996745520161
35.1304437550226
108.020260963016
80.3083709120216
112.053764292014
92.5430255520183
90.058816105028
42.3479303110241
32.8438455720175
40.0046530380251
57.1676177430192
107.193982049026
60.9029688110212
45.2700105400368
66.6041408170202
41.9305329050275
46.7517150460282
41.792586087027
59.373992948025
151.467497978018
40.1355891840183
74.060788797027
42.7276066960189
23.2833629770255
25.1678661270205
90.6689461990169
43.0907855730283
36.3864848280286
63.900737756029
47.1753637770291
24.6676005730251
64.2422265340201
46.9006343920171
51.3293971280291
91.8999145530108
27.8540305800448
87.0738073090251
49.0364967150185
27.5370470030225
65.4999006590344
59.7819427130162
139.353868142024
24.2910436460306
81.2620779320241
109.675241201018
82.1488631190164
41.1204515910129
25.9663992360117
46.9721215680181
52.664077443012
64.5063703250344
34.4251423040305
79.8423854320163
118.561717463024
38.782610215037
25.9226861080322
99.1973992990154
90.136660864033
48.2135248530255
43.1262904070309
42.6765006230312
58.8718637490331
97.3730812690121
83.0322467460292
72.8148439470147
50.0687880400505
43.7994287290167
60.3193353370273
53.3755200620192
43.3986065680187
80.5725476850228
37.3650760570285
72.12464874803
47.1159943950283
87.547309182014
16.2354084300489
57.7114457910284
52.3879370710176
65.8344407450215
15.2486506010234
33.3477225580339
52.7599083330301
46.1582751270271
77.3646845220242
82.3702862360278
53.829647123024
59.9576615890385
57.7265390460298
92.1868422460363
41.4898063280305
58.9219161060157
172.21148265503
64.6463023360297
89.5227651720347
29.187142697026
140.910548294016
37.6812708470311
51.8838727180366
61.9265912140179
142.703300497033
54.8494481000432
45.8277112900305
86.8550748120356
59.9421878040403
40.8114366620396
28.141766978024
61.8874626240427
47.6363079500572
56.1165243510402
32.6010739610183
47.4000723890242
75.1396241930422
61.2896169610337
45.0011937980435
52.8293232480337
"n_50_d_dense_tr_120_a_240x360_idx_6_p_hola1"
80.1873726400046
89.0708982830049
53.8913731770023
30.868316412004
77.0105168980031
58.7812185850041
48.3591113330029
27.8768469360031
60.7319515140041
70.8493252970044
61.042525479003
49.6007760100063
41.6693186480046
56.1418754580032
30.2068293640048
30.1283766580056
57.9309130230037
70.7986250980071
55.8770956830053
44.6306835070054
44.9569860810044
136.391318212006
31.3958050570058
56.1042724440028
37.8198001830086
31.2668319110045
66.3429310670054
32.4052382980042
25.7336907720074
46.8761705110055
59.4952205350054
44.3067713910068
52.1116518780076
66.2357593680056
61.0436918090045
67.7718680900128
85.3767450410103
66.1230436480054
80.0502669030081
87.6403378910098
145.647160194009
61.9124060030103
120.695715591005
57.1598739830108
55.0130445100123
96.8532287980111
82.7593802580111
66.2702483720068
20.644600882008
31.2906424080097
58.4648518620057
116.767105882012
38.1895011490059
97.9619695850076
105.594418829007
100.064729468009
31.5994763060061
94.9023754990108
76.2196230360104
65.4234939560112
39.7776445300124
95.7644019860098
64.5847086490079
45.4209558830101
38.5694201820073
47.9811664370118
84.9628822230102
54.8410911460095
83.190714272007
103.971677855007
31.8125840470103
76.2900795530115
41.0109474180089
84.7586833070082
85.8443782750129
72.8098444450112
82.1502208020135
74.4255831190088
60.3447733980076
63.9506112690142
39.355290242014
47.4159660650102
90.8246459450126
83.1649876950138
27.4846327340086
88.2872456680133
51.300950624011
42.5430403540048
74.2292136760057
63.0910767730057
76.2879870160162
62.872142933017
51.4530683320089
28.7043287190158
43.3689043630068
62.2353489180085
74.687774878015
61.1316129800201
47.1568777070104
66.0960455120119
86.2798467580177
70.2125224780161
45.9193656030124
61.3530246050118
88.8200174490095
88.3940524800124
59.6813441030122
29.6150808540148
18.7030933560095
40.0734795470186
28.2244857780114
42.8397811140115
121.846140253012
83.7448683950157
54.7168440020158
71.29778134302
80.2757111840151
37.1939239460204
104.27061851702
48.7216973000244
76.5023860450214
51.4362131800254
90.3486745130095
51.8981789310118
31.657933015012
64.7648178270117
118.472835089008
57.9787444910096
108.705167823018
65.3983488850116
75.4595013830226
82.673391730026
91.4348711170163
32.1157262560092
29.6033139340182
79.9797768920172
213.354528033022
136.751136605014
75.1572172220136
44.9665677450213
82.8107842450123
120.007020961012
29.5617623060167
69.0145228600301
101.83068964902
81.0421680640161
22.102776803024
59.8966228770195
43.4798860710117
27.6330887420215
39.515244829019
31.7018895550234
113.525915154014
83.3661071240215
40.8025417660127
78.9165198040109
26.301838001018
51.743320136012
33.4248835280135
70.8971701120191
71.1474442280178
71.6136112910135
112.944226829015
41.0219589370229
66.6953336850185
118.829713474014
65.4774249990169
74.7852819070118
48.4018118660146
60.203491869018
50.8607369190202
41.0275599150225
104.629519358014
54.6905218060232
68.6905479200277
69.2041483380166
112.057831224021
97.1774560110248
98.2794546690258
16.7426787000267
64.536394488016
37.6960681940233
107.432558704019
51.8890518660271
54.3996745520161
35.1304437550226
108.020260963016
80.3083709120216
112.053764292014
92.5430255520183
90.058816105028
42.3479303110241
32.8438455720175
40.0046530380251
57.1676177430192
107.193982049026
60.9029688110212
45.2700105400368
66.6041408170202
41.9305329050275
46.7517150460282
41.792586087027
59.373992948025
151.467497978018
40.1355891840183
74.060788797027
42.7276066960189
23.2833629770255
25.1678661270205
90.6689461990169
43.0907855730283
36.3864848280286
63.900737756029
47.1753637770291
24.6676005730251
64.2422265340201
46.9006343920171
51.3293971280291
91.8999145530108
27.8540305800448
87.0738073090251
49.0364967150185
27.5370470030225
65.4999006590344
59.7819427130162
139.353868142024
24.2910436460306
81.2620779320241
109.675241201018
82.1488631190164
41.1204515910129
25.9663992360117
46.9721215680181
52.664077443012
64.5063703250344
34.4251423040305
79.8423854320163
118.561717463024
38.782610215037
25.9226861080322
99.1973992990154
90.136660864033
48.2135248530255
43.1262904070309
42.6765006230312
58.8718637490331
97.3730812690121
83.0322467460292
72.8148439470147
50.0687880400505
43.7994287290167
60.3193353370273
53.3755200620192
43.3986065680187
80.5725476850228
37.3650760570285
72.12464874803
47.1159943950283
87.547309182014
16.2354084300489
57.7114457910284
52.3879370710176
65.8344407450215
15.2486506010234
33.3477225580339
52.7599083330301
46.1582751270271
77.3646845220242
82.3702862360278
53.829647123024
59.9576615890385
57.7265390460298
92.1868422460363
41.4898063280305
58.9219161060157
172.21148265503
64.6463023360297
89.5227651720347
29.187142697026
140.910548294016
37.6812708470311
51.8838727180366
61.9265912140179
142.703300497033
54.8494481000432
45.8277112900305
86.8550748120356
59.9421878040403
40.8114366620396
28.141766978024
61.8874626240427
47.6363079500572
56.1165243510402
32.6010739610183
47.4000723890242
75.1396241930422
61.2896169610337
45.0011937980435
52.8293232480337
