"n_494_d_0_tr_20_a_250x250_idx_0_p_abba2"
0.016008545418549
0.016074737547072
0.016216943218128
0.016051705074041
0.016312670064811
0.01607473749136
0.016139752608596
0.016561424462815
0.016580942027585
0.016135281821388
0.016533770181757
0.016301868406179
0.016024287785137
0.016025999300241
0.016508662726783
0.016265713223827
0.016392693970264
0.016510013241079
0.016021240838141
0.016309250828203
0.016327152627728
0.016189854054944
0.01599706932608
0.0160963551152
0.016326598886358
0.016268822969311
0.016333156500177
0.016208318522982
0.015923785347963
0.016165092349206
0.016321753883075
0.016016600651105
0.01633586709372
0.016163880671689
0.016317048609183
0.016015072216472
0.016710553803979
0.016138786854038
0.015996512043557
0.016162535188954
0.016073260567808
0.016053303032297
0.016311470064903
0.016604826513349
0.01613935111838
0.016177149523449
0.016362320365412
0.016256544304091
0.016359163725681
0.016317524102873
0.016094519062294
0.016207402524389
0.016074924317752
0.016428838615859
0.016312505764583
0.016105310652317
0.016347276186662
0.016471787846742
0.016304552054333
0.016338531740765
0.01636631342473
0.01641579976281
0.016175961117599
0.01631225379439
0.016165828823367
0.016289887621681
0.016218249468825
0.01621114053874
0.016520305900534
0.016251489916035
0.016348450930117
0.016220861928674
0.016209695220784
0.016080324632595
0.016291333989016
0.016278251864683
0.016348511754568
0.01627298257385
0.016083758193456
0.015948373456565
0.016231595925108
0.016057799258687
0.016083094977397
0.016259865617398
0.016223233768696
0.016301220255407
0.016212736901148
0.016253675561848
0.016232893960075
0.016250071539291
0.016283081674228
0.016206479389489
0.016433030434707
0.016489652077289
0.016249243802313
0.016413155691746
0.016166859410498
0.015960892720917
0.016279469793863
0.016030805593491
0.016059326377929
0.016372426527058
0.016295651324555
0.016085869636406
0.016240918261523
0.015969274314534
0.016171722661722
0.016147398839071
0.016184790594392
0.016315600304002
0.016327319386813
0.016397604181064
0.016364595248609
0.016140557228657
0.016211753433994
0.016263957452057
0.016146076130134
0.016282542708064
0.016375078816331
0.016187623294158
0.01604403263936
0.016004368699718
0.016000797402227
0.015929105063257
0.016043093664249
0.015568112635686
0.016165998571965
0.015691760904859
0.015532113130449
0.016194671038247
0.016126311865009
0.016052197864529
0.015991736510618
0.015639670362528
0.016040949961393
0.016121600519921
0.016014194332778
0.015872501166786
0.016007864629566
0.016021445811163
0.016021445847766
0.016044741848956
0.016076766706372
0.016080400257503
0.016069712225915
0.016036912041952
0.016388842787233
0.016321179931492
0.016226189299094
0.01602943780858
0.016095799500324
0.016046576361043
0.016081254044587
0.015939216444263
0.01615301676365
0.016251843175643
0.01601201417294
0.015984108977825
0.016286545503971
0.015492688305539
0.016304705763612
0.01615693198846
0.016017474886487
0.016241123010219
0.016115912760802
0.016107369286031
0.016023807308776
0.015927194647532
0.016335913193385
0.016352932829847
0.016004109296728
0.016085744748616
0.016075281565075
0.016030461314365
0.016213028247133
0.016185481378304
0.016080382517259
0.016154005265184
0.016079335157435
0.016145136330633
0.016276873311541
0.016185370583531
0.016107739827393
0.016250312860785
0.016107355980199
0.016180696883745
0.0159871371748
0.016317063252418
0.01628104862584
0.016067612412165
0.016184314493405
0.016409670071091
0.016481921196678
0.015934542413423
0.016046576276569
0.016168396036934
0.015953459092003
0.016142937640605
0.016192371344705
0.01608943938572
0.01612620525481
0.016099100177805
0.016322693371293
0.016132610006631
0.016396521305473
0.016029066508245
0.015912498809899
0.016191325623758
0.016253180854648
0.016448122846095
0.016010419151596
0.016068035072706
0.016123316091182
0.016158988441035
0.016509600032238
0.015870673056856
0.016089974610001
0.016106963878285
0.016089974700122
0.016272840130441
0.016160217637056
0.015940595857728
0.015988185663051
0.016038361613785
0.01567666656067
0.016151245048591
0.016092939442362
0.016119731970054
0.016056976106577
0.016374653848965
0.01604006424957
0.016166927716718
0.016080158555712
0.016213996446307
0.016045976416749
0.016062442866299
0.01615765189649
0.016145234509632
0.015894567126963
0.016191988033513
0.016244434430876
0.01611770594145
0.016249240883333
0.016056341431215
0.016199500381523
0.016176933449739
0.01618291701919
0.016131405017543
0.01596016643025
0.016258182683473
0.016022092921748
0.016206049219589
0.016142937027083
0.016226958997891
0.016241497074709
0.016535645772888
0.016437345790631
0.016175423587256
0.016319118804229
0.016185565297652
0.016375903270166
0.016067578167238
0.016150736752977
0.016400641218946
0.016158685315747
0.016207777490089
0.015949728873956
0.016146426060002
0.015999812061863
0.016196786670896
0.016253817137516
0.016001827013466
0.016116071978514
0.016035303085771
0.015621639135718
0.016122506811149
0.016399767718355
0.01605225983109
0.016081694383057
0.016407188618053
0.016308569707189
0.01585902460841
0.016105372434579
0.016101833976954
0.01586121716974
0.016111847090948
0.016375711133704
0.016089290385682
0.015862046934664
0.015964816433855
0.016205753185432
0.015964816323749
0.016080464193457
0.015954152775357
0.015845149044396
0.015823379242636
0.015844176070782
0.015920230406891
0.016165732177026
0.016205343438759
0.016489649949275
0.016129121354914
0.015985695942266
0.01654245860785
0.016183841901477
0.016367398643401
0.016292130708074
0.01619484033325
0.016049826438665
0.01616678750122
0.016003408091488
0.015435600120164
0.016079708665589
0.016258972072353
0.016432003914009
0.016083152010554
0.015992138941682
0.016430957035157
0.016124048188424
0.016012272192526
0.016101451847285
0.016101293980395
0.016090542485083
0.01637278083786
0.015631248153333
0.016381157196049
0.016455748239345
0.016246039203982
0.016109712177012
0.016264251849894
0.016206777482249
0.015979504305145
0.016211729020561
0.016075664092025
0.016351670447569
0.016358992578161
0.016133960741484
0.016109282079731
0.016039824168678
0.016248585419847
0.015631248239147
0.016394412155245
0.016072208340586
0.015891888268291
0.016337807688321
0.016126614162166
0.016277763981844
0.016178718508841
0.016123435591375
0.01612785057237
0.016063280325658
0.016162498904996
0.01598382419281
0.016097997332243
0.01623821941852
0.015943920151842
0.016263687455258
0.016305095473914
0.015918211000169
0.01593968501841
0.015986499239577
0.016042825881724
0.015973392
0.015973937824278
0.016075504194325
0.016104656306858
0.015565072301771
0.015756528089405
0.015981104395957
0.015920560099042
0.015986735254712
0.016124224360371
0.016024608256314
0.016002032
0.016125196263235
0.016264590105787
0.015955920311847
0.01618030555107
0.015805515870992
0.016308171578929
0.015947152272321
0.015852176129114
0.016237791070735
0.016180487638532
0.016147739351433
0.016210323028512
0.015945632439576
0.015717523076581
0.016097081276711
0.016061933109422
0.015874368396924
0.015990813908034
0.015978448901902
0.016019536184467
0.01599052212709
0.015988871576912
0.01605268827487
0.016306568215105
0.016212937174143
0.01602315230175
0.016018512322625
0.016051474811111
0.016089053846893
0.016202861994662
0.016134480373022
0.016168830844094
0.0159749923166
0.016077025704302
0.016128880160311
0.016130672191646
0.016023416785074
0.015954896320811
0.015906128431876
0.01585838432135
0.016195241190539
0.016186280946473
0.015974284608506
0.016065147832331
0.015784368828245
0.015784820269983
0.016140369792362
0.015633774595262
0.015968144162389
0.016103792301349
0.016136388106267
0.016085071904537
0.015967920332215
0.016097360091254
0.016120656193575
0.016135279417812
0.016088961193323
0.016022096176562
0.01606270412417
0.016045616357462
0.015964144118268
0.015901264046408
0.016071023285156
0.016160623338094
0.015667888759029
0.016029488318931
0.015999571457856
0.015850832149548
0.016122448260777
0.016073763874352
0.016032912
0.01602388819705
0.016122448153943
0.015846832154001
0.015846832236115
0.016035769164752
0.016163888274089
0.016001424273058
0.016117575186952
0.016019015029983
0.016094278962333
0.016117574965893
0.015948838993381
0.015994359342094
0.015983152291648
0.015989856672513
0.015979324528824
0.01600518605133
0.015975266776204
0.016121826344696
0.016030258758277
0.016071681008048
0.016070018482951
0.015953408849362
0.016070685576852
0.016092844675205
0.016093981027741
0.01597670494848
0.016074832211686
0.015892176129738
0.01611222722683
0.016132300657917
0.016087666776947
0.016064273325167
0.015989072156111
0.016038905784653
0.015940345801059
0.015965424163698
0.015926096059091
0.015950578847364
0.016006192296085
0.015941187836652
0.014489200011147
0.014179952711474
0.01417995295871
0.014433872022665
0.014395472124308
0.014535066830463
0.01428692786718
0.014484047772625
"n_494_d_0_tr_20_a_250x250_idx_0_p_fullyAdaptiveMprt2"
0.015906896322184
0.015814544715886
0.016355184180606
0.016344976962486
0.015808336330969
0.015952528280077
0.016568976575659
0.015943568971143
0.016393969330848
0.01570648
0.016362256933115
0.015837008531018
0.015837008699717
0.016365648923146
0.016328209225172
0.016408432627995
0.01591825699689
0.016434353462581
0.015852913158037
0.016381553113288
0.016437936974461
0.015964018818768
0.015953265924698
0.015847536396368
0.015825072270746
0.015822640513894
0.01577041625764
0.015889754643896
0.015865146934057
0.016149722414192
0.015989936149486
0.015792496297655
0.015854618473623
0.015876399965161
0.015959472410444
0.016255408735732
0.016353712433704
0.015840464249381
0.015768720075536
0.016361776154584
0.016283547904301
0.016391257250215
0.015876848338901
0.016104217811202
0.016271088269934
0.01647019279028
0.016354897425653
0.015851664214923
0.01592744027038
0.01589339229606
0.015927440300845
0.015927440192961
0.016438257090136
0.016338385751633
0.015816913434281
0.015782385457846
0.015884209879532
0.015845585624893
0.016261328160086
0.016336312412059
0.0157972
0.016144433851392
0.016447257981795
0.016410448445572
0.01564664
0.015828057170168
0.016264081096215
0.01632030444193
0.0157243682712
0.015724368029949
0.016439376643882
0.01585979244496
0.016382320652803
0.01595835240908
0.015781648777
0.016297936218064
0.016283760283878
0.01574433623162
0.016381264640147
0.015859792129516
0.016312432514011
0.016378096156072
0.016406352283584
0.01625412832135
0.015835760358944
0.016022745776173
0.016329809267455
0.016400240416498
0.016423789599907
0.015742736210915
0.016378736903669
0.01612929666097
0.015680368110012
0.016333680331539
0.015932528103916
0.01580984
0.015957681322089
0.015697808117594
0.015804240551181
0.016290416177948
0.01602644864942
0.016383824250654
0.016338256216943
0.01578062413527
0.015795280285944
0.015843344292202
0.016244752158541
0.016279367205397
0.016394064752617
0.016351899176943
0.015859600104992
0.015957659219172
0.016391450875293
0.016380400469734
0.01580024014611
0.016327088158921
0.015985242968483
0.0163294885343
0.016444688121341
0.01580712020292
0.01622596830557
0.016026576421084
0.016277840623657
0.016364528135506
0.016420145590255
0.015803696449691
0.016321519742898
0.016368826466223
0.015904112213477
0.015907632013686
0.01582404819281
0.015827088043611
0.016248208425736
0.01633062701495
0.016295497098115
0.015884210061216
0.016357297617669
0.016336688646774
0.016405904347575
0.016235536199329
0.016345776211671
0.015754416139278
0.015720368140818
0.015907505835604
0.015986352959705
0.016337650041994
0.016298288568558
0.01589860829726
0.016346896453188
0.01643038370233
0.016316048444881
0.015925425161732
0.016360816721056
0.016305296337082
0.016264368059091
0.015844784237583
0.01601086582185
0.015881134056424
0.015844784302282
0.015844784152343
0.015841168069687
0.015742608121752
0.016321649864708
0.015774512221847
0.01629286132434
0.016412227072931
0.016405904241256
0.015852176302961
0.015852176148692
0.015923856175561
0.016352144346228
0.015847568196634
0.016348273510476
0.015853968152586
0.016201200792079
0.01569841615121
0.015792624265568
0.015698416214641
0.016359184332215
0.016305264314136
0.01631947222911
0.015925232258162
0.015831408
0.016380400509327
0.015950320271239
0.016451440371148
0.01639332829901
0.015794800911701
0.015790608206453
0.015790608266203
0.016323825123948
0.01582107220894
0.015813488863429
0.015784849776607
0.015805423697431
0.016270928180828
0.015834288098485
0.015773168206668
0.015936112235866
0.016283561302327
0.016355036136874
0.01582142571212
0.015759568211803
0.015759568274472
0.015779651024673
0.0163668
0.016316144467598
0.016170514123845
0.015819504250651
0.015819504114
0.016334189163559
0.016406412306856
"n_494_d_0_tr_20_a_250x250_idx_0_p_fullyAdaptiveAbba2"
0.014506243479286
0.014415235638846
0.0144206590123
0.014597635487709
0.014595444707453
0.014424243140616
0.014413069577002
0.01443320335356
0.014401956819477
0.01453017949607
0.014426420126922
0.014345026011046
0.014797238292179
0.01439620683412
0.014757809899856
0.014781490999071
0.014402472934323
0.014772671087453
0.015085513278926
0.015110601361848
0.014441385774204
0.01470202132173
0.014437460824227
0.014514274111463
0.014360077623343
0.014360077620702
0.014485562328958
0.014425888214438
0.014742596011481
0.015079882753743
0.014761574544899
0.014702155024955
0.014756800254042
0.014658920086489
0.014633321257765
0.014568548916213
0.014561910818303
0.014539780159409
0.0145596572279
0.01457500889098
0.014561412613893
0.01446679813269
0.01437771919341
0.014472285574313
0.014459304191319
0.014656424179175
0.014379232469348
0.014475660196642
0.014379232475329
0.014382530369873
0.014479855310102
0.014276930352137
0.014302505879331
0.014383196118519
0.014286425341896
0.014414746559777
0.014379359104488
0.014656606552476
0.014931245140627
0.014464854992389
0.014850705974893
0.014626786792472
0.014394926334833
0.014493372897144
0.01450841616904
0.014661149953638
0.014482527336379
0.014632596280469
0.014495290584548
0.014723252805936
0.014591902442972
0.01448954860955
0.01449541829161
0.014747238892244
0.014785955695124
0.014691352605569
0.014691363576582
0.014511536899442
0.014423348008561
0.014418324522375
0.014319764526957
0.014622684228433
0.014511590192047
0.01442024163301
0.014332198277598
0.014422111024369
0.014422110974645
0.014630289806712
0.01461993920308
0.014502750966374
0.014507740222272
0.01453708043212
0.014427487050613
0.014533722533982
0.014532384576316
0.014339558373481
0.014632483549144
0.014808814886689
0.014533080770086
0.014438619776864
0.014446518653807
0.014739733727445
0.014643406372061
0.014588629732552
0.014788022940388
0.014782509224235
0.014678604071519
0.014531868589928
0.014626256722185
0.014845359826184
0.014659951894221
0.014657746887197
0.014757625946485
0.01486607482321
0.014784508520324
0.014755315902345
0.014764541984401
0.014696252350186
0.014604400609864
0.014608014697194
0.014662727250733
0.014533180306988
0.014626349403489
0.014401504371643
0.014713989844362
0.014621189879473
0.014638319954618
0.0147548491503
0.014532447333707
0.014644313591416
0.014657237318157
0.010287237596236
0.010406984254478
0.01021346353483
0.010210855697204
0.010112850953103
0.010203236397675
0.010120867086012
0.010211081659417
0.010106135328637
0.010222068142058
0.010207952493179
0.010018783590437
0.010115064731509
0.010127139702492
0.010125996543519
0.010215543164564
0.010277230390692
0.010206819305994
0.010162934545798
0.010758057952051
0.010146136021041
0.0100867599264
0.010417174890805
0.010064116256499
0.010117902895452
0.010213999367289
0.010117737244829
0.010112985267412
0.010070222838769
0.010064472658883
0.0101522693957
0.010311726808129
0.010251477663333
0.010133712703906
0.010156462203944
0.010330151402531
0.009933283783255
0.010337568083971
0.010141170950305
0.009925616462262
0.010015216554638
0.010139098659423
0.010154864873404
0.010017138918668
0.010022898921808
0.010133500623249
0.010107698772961
0.010246672928732
0.010020208635529
0.010009840570882
0.010066969198082
0.009918448597575
0.009917270916796
0.010062204518445
0.010055729544415
0.010190011712547
0.010067580512025
0.010106621478952
0.010002858924058
0.010011623746411
0.010210039421899
0.010111366447007
0.01024010204984
0.010149599620046
0.010408368359367
0.010221002910477
0.010110544203939
0.01032314685065
0.010212880898948
0.01031555403216
0.010116387070447
0.010222653612534
0.010117829000008
0.010125820338575
0.01031595261429
0.010327149888317
0.010121939626203
0.010217002172628
0.010121348302603
0.010208024347458
0.010222378211598
0.010235234025647
0.010134511685438
0.01014384214066
0.010040018377226
0.010132639476015
0.010062204511715
0.010056458007004
0.010348507100358
0.010027124462934
0.010154534615721
0.010301990606717
0.010150571798341
0.010185172647797
0.010191352343851
0.010293322421082
0.010297199413547
0.0100446331722
0.010039070286141
0.010101486362513
0.010101761342964
0.009994029287131
0.010087291838638
0.010093871133618
0.010094381253502
0.010080071958351
0.010065837522148
0.010183257288739
0.010308550026017
0.010222630711593
0.010089138800185
0.0103244473304
0.010130188247577
0.010322142674482
0.010317284501604
0.010217933521488
0.010222308444385
0.010182826882566
0.009997786267059
0.00999244362927
0.010086329086036
0.010314995422754
0.010404646918927
0.010301745543376
0.010294515951556
0.010209886771046
0.010101500767963
0.010209886801341
0.010109784554495
0.010121277601579
0.010207932270122
0.010208879347569
0.010216430390609
0.010216110578349
0.010110507091814
0.010307448172359
0.010198982728331
0.010119196074743
0.010196574370075
0.010194782379422
0.01029698369768
0.010206432898234
0.010203836356854
0.010117341129704
0.010204093539578
0.010035451904931
0.010142090639543
0.010130726333946
0.010310584928652
0.010207521499705
0.009937498138493
"n_494_d_0_tr_20_a_250x250_idx_0_p_mprt2"
0.015618800301427
0.015160464573932
0.015495664524469
0.015809475902273
0.015334843316649
0.0153207713961
0.015652964901402
0.015635966517288
0.015384067056517
0.015373712932426
0.015599283770025
0.015313891246624
0.015646340461751
0.015645486587863
0.015581651850522
0.015579785130967
0.015671321329326
0.015705666392388
0.015393825908826
0.015920708533471
0.015622735999897
0.01513716816332
0.01602920882807
0.015635380582376
0.015396842649477
0.015814857191383
0.015641681378087
0.015648373647107
0.015793020373377
0.015130832573194
0.015596941861124
0.015508457452647
0.015233033912172
0.015906969780151
0.015538841714871
0.015531199568816
0.015636187908053
0.015816773697866
0.015594108727381
0.01554395255762
0.015620718262069
0.015537378372531
0.015439056510494
0.015725821276975
0.015605748101582
0.015644410491472
0.015664403616956
0.015412216349954
0.015863644819407
0.015766895238733
0.01567766040603
0.015577907321559
0.015556772090878
0.015130000820315
0.015978697167208
0.015639199685961
0.015632688760398
0.01566886056062
0.015564346694962
0.015768889969367
0.015081200617218
0.015854074762575
0.015672694433847
0.015597296530184
0.015811278827577
0.015590651950268
0.015673141497414
0.01563051285807
0.015211600627567
0.015090545793983
0.015515492843555
0.015528036858085
0.01569267332673
0.015539918835521
0.015581882920827
0.015591419629156
0.015086961082022
0.015616537864986
0.015683361889485
0.015785416484137
0.015368856381515
0.015594005756374
0.015623497416138
0.01584674006152
0.015086576336503
0.015575992886275
0.014975984181635
0.015487204013532
0.015547700894429
0.015773528488691
0.015718857846161
0.015483024511975
0.015554163005552
0.015565168250859
0.016032187029979
0.015046736322184
0.01550663699883
0.015046736330969
0.015680461758687
0.015784921356528
0.015532632444506
0.015434188943771
0.015689841723317
0.015464446659702
0.015471533674884
0.015447640192918
0.015856010241845
0.015479064332511
0.015375053442598
0.015637386033462
0.015565075005552
0.015661416905115
0.015638292484243
0.015370850912787
0.015384914790604
0.015393570532572
0.015472755113335
0.015581448968613
0.015593992985798
0.015458131030525
0.015511083972132
0.015732794212591
0.015292002120914
0.01535651442443
0.015292002119469
0.015654009096264
0.015516593382926
0.015064656339849
0.015644506627889
0.0155276216863
0.015064656357732
0.01538004836838
0.01545407222988
0.015067824309858
0.015072784331263
0.01502673625764
0.015773178863923
0.015122832403316
0.014967024119062
0.015391212844841
0.015103120352001
0.015367652130589
0.01551593607024
0.015417903725445
0.015427127689647
0.015470415724084
0.015681845719152
0.015037360034839
0.01557298132593
0.015122832391769
0.01567789183953
0.015771742592049
0.015385907117094
0.015335289971374
0.015515422159804
0.015071816933906
0.015461199308696
0.015533206211438
0.015476275876152
0.014937232219881
0.015534991379978
0.015420976154584
0.015530027765833
0.01512283229131
0.015372308581783
0.015598256526297
0.015216050224547
0.015627894370521
0.015549363056494
0.015542389654259
0.015657489059143
0.015621138089411
0.015117808875891
0.015612049790733
0.015164689013637
0.015561417558028
0.015553621079852
0.015663641287768
0.015538313594675
0.015260945375017
0.015779701041743
0.015990330794256
0.015529964214409
0.015579650718264
0.015520289621331
0.015551579893755
0.015431713193656
0.015981005087852
0.015305697213451
0.015627117084853
0.01552330211992
0.015723037177262
0.015067344589001
0.015081456939458
0.015479211901259
0.015004241215888
0.015568944919094
0.015476876139636
0.0150761450077
0.015767698516133
0.015432119490212
0.015452381212583
0.015481437712121
0.015524432958602
0.015345244492802
0.015452766439548
0.015464850166937
0.015334417549259
0.015459575039057
0.01530187838371
0.015070992593991
0.015090704438801
0.015501868871266
0.015169552454641
0.015545809064645
0.015652259387114
0.015455320734022
0.015544536965548
0.015830001695515
0.015829635508558
0.015550734895231
0.015467150663946
0.015485785992114
0.01566479273077
0.015563185471
0.015568912268566
0.015540675397712
0.015438221941813
0.015489177485141
0.015370017668676
0.015355393534376
0.01547224416442
0.015796442986405
0.015451120521984
0.015310416266259
0.015517543079966
0.015522136512865
0.015488678973493
0.015534392249711
0.015538360147708
0.015515560151864
0.015532957856257
0.015497640281628
0.015741981646843
0.015899309528618
0.015598520089951
0.01560382131157
0.015503953500418
0.015595870620517
0.014978896
0.01553592165574
0.015667167322658
0.015543251861526
0.015821683785875
0.015438790985336
0.015448112727529
0.015479153359171
0.016073236963953
0.015471956246205
0.015752844541561
0.015420294924347
0.015037744667613
0.015496754656831
0.015367730041529
0.015549777023989
0.01501566515106
0.015643916971446
0.015103857153715
0.01553194558272
0.015655640894875
0.015552739610622
0.01505387277964
0.015836278790229
0.015577373473227
0.015577373474068
0.015342853894853
0.015618136733943
0.015313345908346
0.015080176320927
0.015283505359912
0.015353168266577
0.0156494013336
0.015370929443621
0.015307564500078
0.01525948925824
0.01506602530929
0.015391026144184
0.015303920460485
0.015558825339386
0.015762790080108
0.015394977733289
0.015342631287477
0.015381271273079
0.015250661821987
0.015332167300769
0.015295749913516
0.01539027989205
0.015740633215028
0.015337542756332
0.015444664207857
0.015821421385073
0.015528792209894
0.015464376399281
0.015296112943422
0.015621739654521
0.01574846720848
0.015592006582742
0.015556337598275
0.01492984
0.015844390496868
0.01564851579115
0.015610063755322
0.015771928921687
0.01576231451027
0.015639784672587
0.015527672554539
0.015079433515954
0.015330064729774
0.015465431444705
0.01559978443377
0.015820197821135
0.015079433441245
0.015842564055618
0.015809685588784
0.015528528225417
0.015580165223788
0.015628072919398
0.015881487465925
0.015359346624017
0.015381346721167
0.01567957107496
0.015619683017836
0.015331568311115
0.015876359458844
0.015297723969622
0.014987472234284
0.015623576587824
0.015593403598835
0.015329090454031
0.015382392063112
0.015588361534042
0.015077641161501
0.015674057225018
0.015264219788888
0.015344112464373
0.015545538501873
0.01569150405234
0.015569741805374
0.015554666174411
0.015710191426475
0.015603273462539
0.01531985632135
0.0149908002712
0.015366215152429
0.0153662151207
0.015356871312347
0.015045488066012
0.014990800029949
0.015540080156072
0.01536998480528
0.015350992511243
0.015140320366455
0.01506276826421
0.015033968152464
0.015050832577266
0.015543024142355
0.015533593661925
0.015586678877754
0.015071440894559
0.014950384110012
0.015167312639619
0.015426896293785
0.015059446809161
0.0151449772871
0.015352880626805
0.014990096196359
0.015580144136265
0.015477449610395
0.015441144399658
0.01528779209657
0.015375672548607
0.015668824062898
0.014989104193671
0.015428695812433
0.015759838704306
0.015034512160764
0.01501492826248
0.015061392298913
0.015362448340926
0.015041072249172
0.015455024167987
0.015389328465982
0.015031892770635
0.015515697843536
0.015569240171345
0.015121457778515
0.015597393617893
0.015272368595704
0.015581553189122
0.01561537643465
0.015615067352686
0.015577840910959
0.015413680298185
0.01509284897864
0.015557904216693
0.015370128301869
0.01507896004908
0.015275088081647
0.015055280378913
0.015300528262373
0.015033583953941
0.015058224148095
0.015314416438032
0.01500446419281
0.015244673586027
0.015238912846626
0.015198128995958
0.015426928469514
0.014975888120384
0.01520214439488
0.015497536382977
0.015284112240567
0.0151074413426
0.015494224755508
0.015565777048333
0.015509904309511
0.015287568067641
0.015304624025416
0.01540171294138
0.015034864316811
0.015366032921341
0.015008944
0.015353841065299
0.014989232071206
0.015409041129685
0.015436176459482
0.015123185249824
0.015181328641358
0.015116593105986
0.01510008079955
0.015533652732159
0.015422768
0.015079600218392
0.015212560788836
0.015040528129563
0.015079600232895
0.01507960016011
0.01499956812324
0.014999568121752
0.01554072135046
0.015574480260732
0.015483786784362
0.015610518626176
0.015085200322965
0.015085200193779
0.015072656165202
0.015586960137329
0.01500430427131
0.015539889239092
0.015573751391318
0.01507982427066
0.01495115221214
0.014951152124935
0.015300112240226
0.015345904251718
0.015451504470496
0.015053680072422
0.015601168686624
0.015370864091296
0.015272304150567
0.01508507245327
0.015588336263508
0.015016048
0.015608432257314
0.015024624545266
0.015043984364991
0.015043984423472
0.015538544492928
0.015061904293354
0.015063280710846
0.014948368928762
0.015449424090848
0.015007024039394
0.015018736271645
0.015459376903795
0.015087856955346
0.015057655457239
0.015048432707007
0.015048432819492
0.015428432
0.015392209420327
0.015284336497436
0.015068656146449
0.01506865610722
"n_494_d_0_tr_20_a_250x250_idx_0_p_fullyAMulti"
0.015906896322184
0.015814544715886
0.016355184180606
0.016344976962486
0.015808336330969
0.015952528280077
0.016568976575659
0.015943568971143
0.016393969330848
0.01570648
0.016362256933115
0.015837008531018
0.015837008699717
0.016365648923146
0.016328209225172
0.016408432627995
0.01591825699689
0.016434353462581
0.015852913158037
0.016381553113288
0.016437936974461
0.015964018818768
0.015953265924698
0.015847536396368
0.015825072270746
0.015822640513894
0.01577041625764
0.015889754643896
0.015865146934057
0.016149722414192
0.015989936149486
0.015792496297655
0.015854618473623
0.015876399965161
0.015959472410444
0.016255408735732
0.016353712433704
0.015840464249381
0.015768720075536
0.016361776154584
0.016283547904301
0.016391257250215
0.015876848338901
0.016104217811202
0.016271088269934
0.01647019279028
0.016354897425653
0.015851664214923
0.01592744027038
0.01589339229606
0.015927440300845
0.015927440192961
0.016438257090136
0.016338385751633
0.015816913434281
0.015782385457846
0.015884209879532
0.015845585624893
0.016261328160086
0.016336312412059
0.0157972
0.016144433851392
0.016447257981795
0.016410448445572
0.01564664
0.015828057170168
0.016264081096215
0.01632030444193
0.0157243682712
0.015724368029949
0.016439376643882
0.01585979244496
0.016382320652803
0.01595835240908
0.015781648777
0.016297936218064
0.016283760283878
0.01574433623162
0.016381264640147
0.015859792129516
0.016312432514011
0.016378096156072
0.016406352283584
0.01625412832135
0.015835760358944
0.016022745776173
0.016329809267455
0.016400240416498
0.016423789599907
0.015742736210915
0.016378736903669
0.01612929666097
0.015680368110012
0.016333680331539
0.015932528103916
0.01580984
0.015957681322089
0.015697808117594
0.015804240551181
0.016290416177948
0.01602644864942
0.016383824250654
0.016338256216943
0.01578062413527
0.015795280285944
0.015843344292202
0.016244752158541
0.016279367205397
0.016394064752617
0.016351899176943
0.015859600104992
0.015957659219172
0.016391450875293
0.016380400469734
0.01580024014611
0.016327088158921
0.015985242968483
0.0163294885343
0.016444688121341
0.01580712020292
0.01622596830557
0.016026576421084
0.016277840623657
0.016364528135506
0.016420145590255
0.015803696449691
0.016321519742898
0.016368826466223
0.015904112213477
0.015907632013686
0.01582404819281
0.015827088043611
0.016248208425736
0.01633062701495
0.016295497098115
0.015884210061216
0.016357297617669
0.016336688646774
0.016405904347575
0.016235536199329
0.016345776211671
0.015754416139278
0.015720368140818
0.015907505835604
0.015986352959705
0.016337650041994
0.016298288568558
0.01589860829726
0.016346896453188
0.01643038370233
0.016316048444881
0.015925425161732
0.016360816721056
0.016305296337082
0.016264368059091
0.015844784237583
0.01601086582185
0.015881134056424
0.015844784302282
0.015844784152343
0.015841168069687
0.015742608121752
0.016321649864708
0.015774512221847
0.01629286132434
0.016412227072931
0.016405904241256
0.015852176302961
0.015852176148692
0.015923856175561
0.016352144346228
0.015847568196634
0.016348273510476
0.015853968152586
0.016201200792079
0.01569841615121
0.015792624265568
0.015698416214641
0.016359184332215
0.016305264314136
0.01631947222911
0.015925232258162
0.015831408
0.016380400509327
0.015950320271239
0.016451440371148
0.01639332829901
0.015794800911701
0.015790608206453
0.015790608266203
0.016323825123948
0.01582107220894
0.015813488863429
0.015784849776607
0.015805423697431
0.016270928180828
0.015834288098485
0.015773168206668
0.015936112235866
0.016283561302327
0.016355036136874
0.01582142571212
0.015759568211803
0.015759568274472
0.015779651024673
0.0163668
0.016316144467598
0.016170514123845
0.015819504250651
0.015819504114
0.016334189163559
0.016406412306856
0.014506243479286
0.014415235638846
0.0144206590123
0.014597635487709
0.014595444707453
0.014424243140616
0.014413069577002
0.01443320335356
0.014401956819477
0.01453017949607
0.014426420126922
0.014345026011046
0.014797238292179
0.01439620683412
0.014757809899856
0.014781490999071
0.014402472934323
0.014772671087453
0.015085513278926
0.015110601361848
0.014441385774204
0.01470202132173
0.014437460824227
0.014514274111463
0.014360077623343
0.014360077620702
0.014485562328958
0.014425888214438
0.014742596011481
0.015079882753743
0.014761574544899
0.014702155024955
0.014756800254042
0.014658920086489
0.014633321257765
0.014568548916213
0.014561910818303
0.014539780159409
0.0145596572279
0.01457500889098
0.014561412613893
0.01446679813269
0.01437771919341
0.014472285574313
0.014459304191319
0.014656424179175
0.014379232469348
0.014475660196642
0.014379232475329
0.014382530369873
0.014479855310102
0.014276930352137
0.014302505879331
0.014383196118519
0.014286425341896
0.014414746559777
0.014379359104488
0.014656606552476
0.014931245140627
0.014464854992389
0.014850705974893
0.014626786792472
0.014394926334833
0.014493372897144
0.01450841616904
0.014661149953638
0.014482527336379
0.014632596280469
0.014495290584548
0.014723252805936
0.014591902442972
0.01448954860955
0.01449541829161
0.014747238892244
0.014785955695124
0.014691352605569
0.014691363576582
0.014511536899442
0.014423348008561
0.014418324522375
0.014319764526957
0.014622684228433
0.014511590192047
0.01442024163301
0.014332198277598
0.014422111024369
0.014422110974645
0.014630289806712
0.01461993920308
0.014502750966374
0.014507740222272
0.01453708043212
0.014427487050613
0.014533722533982
0.014532384576316
0.014339558373481
0.014632483549144
0.014808814886689
0.014533080770086
0.014438619776864
0.014446518653807
0.014739733727445
0.014643406372061
0.014588629732552
0.014788022940388
0.014782509224235
0.014678604071519
0.014531868589928
0.014626256722185
0.014845359826184
0.014659951894221
0.014657746887197
0.014757625946485
0.01486607482321
0.014784508520324
0.014755315902345
0.014764541984401
0.014696252350186
0.014604400609864
0.014608014697194
0.014662727250733
0.014533180306988
0.014626349403489
0.014401504371643
0.014713989844362
0.014621189879473
0.014638319954618
0.0147548491503
0.014532447333707
0.014644313591416
0.014657237318157
0.010287237596236
0.010406984254478
0.01021346353483
0.010210855697204
0.010112850953103
0.010203236397675
0.010120867086012
0.010211081659417
0.010106135328637
0.010222068142058
0.010207952493179
0.010018783590437
0.010115064731509
0.010127139702492
0.010125996543519
0.010215543164564
0.010277230390692
0.010206819305994
0.010162934545798
0.010758057952051
0.010146136021041
0.0100867599264
0.010417174890805
0.010064116256499
0.010117902895452
0.010213999367289
0.010117737244829
0.010112985267412
0.010070222838769
0.010064472658883
0.0101522693957
0.010311726808129
0.010251477663333
0.010133712703906
0.010156462203944
0.010330151402531
0.009933283783255
0.010337568083971
0.010141170950305
0.009925616462262
0.010015216554638
0.010139098659423
0.010154864873404
0.010017138918668
0.010022898921808
0.010133500623249
0.010107698772961
0.010246672928732
0.010020208635529
0.010009840570882
0.010066969198082
0.009918448597575
0.009917270916796
0.010062204518445
0.010055729544415
0.010190011712547
0.010067580512025
0.010106621478952
0.010002858924058
0.010011623746411
0.010210039421899
0.010111366447007
0.01024010204984
0.010149599620046
0.010408368359367
0.010221002910477
0.010110544203939
0.01032314685065
0.010212880898948
0.01031555403216
0.010116387070447
0.010222653612534
0.010117829000008
0.010125820338575
0.01031595261429
0.010327149888317
0.010121939626203
0.010217002172628
0.010121348302603
0.010208024347458
0.010222378211598
0.010235234025647
0.010134511685438
0.01014384214066
0.010040018377226
0.010132639476015
0.010062204511715
0.010056458007004
0.010348507100358
0.010027124462934
0.010154534615721
0.010301990606717
0.010150571798341
0.010185172647797
0.010191352343851
0.010293322421082
0.010297199413547
0.0100446331722
0.010039070286141
0.010101486362513
0.010101761342964
0.009994029287131
0.010087291838638
0.010093871133618
0.010094381253502
0.010080071958351
0.010065837522148
0.010183257288739
0.010308550026017
0.010222630711593
0.010089138800185
0.0103244473304
0.010130188247577
0.010322142674482
0.010317284501604
0.010217933521488
0.010222308444385
0.010182826882566
0.009997786267059
0.00999244362927
0.010086329086036
0.010314995422754
0.010404646918927
0.010301745543376
0.010294515951556
0.010209886771046
0.010101500767963
0.010209886801341
0.010109784554495
0.010121277601579
0.010207932270122
0.010208879347569
0.010216430390609
0.010216110578349
0.010110507091814
0.010307448172359
0.010198982728331
0.010119196074743
0.010196574370075
0.010194782379422
0.01029698369768
0.010206432898234
0.010203836356854
0.010117341129704
0.010204093539578
0.010035451904931
0.010142090639543
0.010130726333946
0.010310584928652
0.010207521499705
0.009937498138493

