"n_494_d_0_tr_20_a_250x250_idx_0_p_abba2"
0.18958709079843
0.22455110203709
0.21531005059178
0.21117968198494
0.15917771521592
0.21425967393021
0.23423350803822
0.15474735388273
0.15478549852831
0.16135983375996
0.19997263780645
0.12617590848629
0.18787587855602
0.1877436291302
0.091915021712488
0.15923416342882
0.18132952364538
0.18133367447166
0.17352274875166
0.14694462734749
0.1548176270021
0.1879420032
0.1879420032
0.13271811870731
0.18780975361576
0.16849211250997
0.1879420032
0.20839805146253
0.21432579851468
0.1348437888
0.1613598337174
0.20744932075323
0.1818158909878
0.1349099136
0.2142596736742
0.15536596982249
0.18781039390416
0.10620271386593
0.10620271365652
0.18781039404767
0.21426031417885
0.21763267912901
0.14496263393418
0.24084248372014
0.16135983380771
0.18298043528444
0.24986065242832
0.22056756291273
0.21921447751336
0.22315075313533
0.2161044656584
0.22303193017708
0.16413101125461
0.20150687491108
0.21445868841028
0.15870580544411
0.16207817023811
0.1975650710007
0.17678293691133
0.17094682893083
0.18495735118182
0.22338379537862
0.14979728083119
0.17624720113377
0.1762472010812
0.19974718672788
0.22338379554091
0.16168142148434
0.17638681478405
0.13271811873965
0.20954841911069
0.15033364290593
0.1354298758101
0.22809824963587
0.18780975382861
0.16135983372649
0.10620207393487
0.17427490059586
0.16192895113855
0.23664099298771
0.19841931255811
0.17377180400767
0.16420001697309
0.16172882131729
0.18320091417195
0.17695724225098
0.1769572434794
0.18594060595626
0.17829717509351
0.19764497709949
0.16462517288442
0.17501960794654
0.1514430816273
0.2150215838746
0.19372253360216
0.21440136257138
0.19487947807607
0.22153642014281
0.19558061672458
0.21491280193256
0.21661910682115
0.24993890065877
0.13043548942799
0.23420413748795
0.19185995703763
0.24452987362072
0.16455603776739
0.17383152313068
0.1782919676205
0.24125231659524
0.19350428747485
0.21851344100746
0.23516530121734
0.22801221827043
0.22162698257374
0.23025745909857
0.23025745930174
0.18718093717825
0.22414509233342
0.2043388691647
0.23025745995794
0.18989864353898
0.20318771198099
0.20431008024781
0.20948939054098
0.27802826866333
0.18719513676561
0.18719513646263
0.20043428414977
0.20148893983073
0.18991565598925
0.1860745033473
0.20876182812297
0.1833812154091
0.18033738300824
0.18966436116926
0.19689317584233
0.17088480641914
0.20518382674038
0.20882820020455
0.18698119012306
0.18033648289663
0.19471464700472
0.15826581699249
0.16912573047787
0.17655515746294
0.20151105894325
0.15454756597598
0.18500968746942
0.16948497948609
0.190233901289
0.15574679381859
0.19889440243631
0.19667579180857
0.16427645007667
0.16079901924544
0.16831730150954
0.21170678522668
0.17445144264002
0.21539600309227
0.16763236176169
0.19628725143845
0.21116633948872
0.18828459404199
0.18322085817891
0.20156122938232
0.17232240853679
0.17298243080798
0.16573204893616
0.1663667272321
0.16345706904144
0.18370164274427
0.20878887409022
0.21038110624382
0.17610984072922
0.16801839271732
0.22483592326977
0.16990928014321
0.22508612254586
0.1944279301556
0.19314504383913
0.21366947962359
0.17947075705787
0.20967278918201
0.20030311985117
0.2412246862739
0.15236518763279
0.21262691797978
0.24687103370091
0.1682673012401
0.18730196872351
0.18985381366822
0.19486734510743
0.22241014768476
0.19362840629311
0.19906063687602
0.19754453256949
0.16353513933799
0.21635428862982
0.17514010622212
0.19339942527815
0.17890551360669
0.19407199728425
0.20866417777118
0.20833162208206
0.19154601993698
0.17610423387455
0.17405965392542
0.20567436173897
0.17261586858234
0.19132233443869
0.20909036771601
0.21740844605432
0.18507011883583
0.18265687803867
0.18787587864612
0.21277720864151
0.15463809633357
0.1581273843314
0.16556614715866
0.17234468071971
0.18991125357504
0.18350607305435
0.1949661902277
0.2088627611983
0.18189470261011
0.19213007019592
0.17819423548212
0.19621310535616
0.19729498737892
0.19748028448263
0.1757566990703
0.1842113325046
0.21460228219025
0.19868492106678
0.21689596227673
0.21436205438356
0.2159655964479
0.20566317283572
0.1921765223717
0.18509690001322
0.19554959727698
0.19706930504157
0.19120900496218
0.19432619608499
0.19449867789508
0.18362253550682
0.17739212799397
0.1840448244072
0.19678301201146
0.17456369119451
0.20528929292915
0.18329080726986
0.20680211405023
0.17140073826517
0.19013631324883
0.18923824672731
0.16421065046304
0.15586530431293
0.18731601452193
0.19273457207693
0.1990817761098
0.20105454599144
0.19244959420475
0.20701700790043
0.18578257003358
0.16668974549011
0.16079470896415
0.16241213992702
0.17379507422885
0.15925017486428
0.15918927954912
0.19276642936707
0.15968912790925
0.14527247712044
0.14206961988868
0.14822220323681
0.19580105626078
0.16493486790037
0.17035467361862
0.17847221529927
0.19300351905712
0.19210752142374
0.16858362146099
0.17174151005598
0.18660034573233
0.1659348820047
0.16099664348915
0.21325942245357
0.15279701510168
0.16976230675501
0.16714873105488
0.15323639905644
0.21826365417512
0.14463408030078
0.16755795745636
0.18400228435251
0.16529650553113
0.17991560631364
0.16034049320548
0.19435277816359
0.20753002255379
0.17581849902106
0.14913848198113
0.17299178506476
0.1405292739829
0.15469737029286
0.16319425466758
0.1743678965078
0.16692394780406
0.16457792312544
0.19068301841806
0.17611613515469
0.21518982144081
0.18920813472948
0.16089131536385
0.23319972966446
0.15926176271908
0.19996127868428
0.15683579621565
0.16537978293862
0.16740300719608
0.17086418977619
0.15965724873319
0.15403608783805
0.20790458047566
0.18710875804849
0.17333742025547
0.1773840290401
0.15967605987765
0.16746762039389
0.19995655712391
0.14696668609304
0.1860850373856
0.21042315009997
0.14589290214514
0.16286059934795
0.19158864504528
0.18793490804529
0.18307175025032
0.19768478801197
0.1655012798812
0.21087857131008
0.16307165900093
0.18845156227558
0.16225831204154
0.17614542951802
0.19314740456744
0.1704437071148
0.16535011038326
0.20189204128745
0.20187954216897
0.16665478974225
0.24035936636274
0.16732432868911
0.19709104515836
0.19684365031627
0.14824075515528
0.1999565571357
0.099126720204338
0.099126720246488
0.074462169782679
0.1505613314799
0.17522588206874
0.19253687441308
0.15812666821499
0.15588539680416
0.15475455547352
0.15152689981957
0.14911964811109
0.14195480684441
0.15213305847444
0.19797981341679
0.16914407796022
0.19749291063867
0.15648790506147
0.14770981280875
0.18393926215936
0.17487378690562
0.16895045775169
0.1940897645112
0.22178318855683
0.1593894918662
0.18356843166955
0.16095744
0.18912670567622
0.16095744
0.21260895063658
0.15796453126639
0.20740664174092
0.1505613314227
0.20238958411272
0.17657729513012
0.19350647578166
0.19349064575537
0.1646348095115
0.098092084834923
0.098087851213568
0.14606403851534
0.1350655490065
0.14291101441197
0.19646902274232
0.17426224572056
0.19226161933011
0.18339305496033
0.18040487543703
0.18334722811804
0.16936928280215
0.069205248138345
0.14485776247829
0.16054801192857
0.18583252007178
0.19086218672667
0.20934098393446
0.20866758505852
0.17865469603401
0.14847288076356
0.20549287036273
0.18394164686334
0.17769203381782
0.20065332901195
0.17609287986395
0.17153879009052
0.18940057427596
0.18567152723524
0.19966031739271
0.22103038726849
0.22092895567795
0.15846923718349
0.18330093776646
0.19140067848737
0.17378089625653
0.15448145131767
0.15795736474677
0.17656947103403
0.16866028976615
0.18545992653597
0.14904775969307
0.14904071329742
0.19432418938848
0.18542878621022
0.1586162705195
0.16564587483345
0.19968010487497
0.18398314761809
0.1415468282999
0.12580448627039
0.15879622941688
0.16137206119532
0.17540495315189
0.1675061900393
0.17082453963305
0.15006507032467
0.17274273891389
0.17046995842164
0.17829026750479
0.12872933753037
0.12873035693792
0.12755270517519
0.11795508721222
0.12075306383091
0.14704698279692
0.15279902582584
0.14180867726237
0.17477773922497
0.17597508295836
0.17813373443779
0.1335299545756
0.14281506924722
0.12238004361392
0.12189954045017
0.16216701857885
0.18702846194532
0.13384477195405
0.090874828969264
0.16233103205243
0.14838181870604
0.15769643453919
0.21618862676605
0.075930624169265
0.11159078834171
0.18136357948622
0.16799815285303
0.1099598976
0.18201747221966
0.18200054424622
0.17522940762163
0.15512645558829
0.19295878160733
0.15478928671309
0.16750171531503
0.16748619303631
0.12939736351308
0.14210884718911
"n_494_d_0_tr_20_a_250x250_idx_0_p_middleAll"
0.28839547093205
0.18135203205856
0.20951500387812
0.2128456154237
0.17849800908705
0.2687506266365
0.17690313927807
0.19836889909654
0.22658968229873
0.22235673738296
0.21453955725106
0.20074317629718
0.24160294402335
0.24541599861096
0.21414843789045
0.18599131742055
0.20626616430356
0.16670344012617
0.2756763188527
0.16629540053234
0.20327146509197
0.21323365125054
0.21610874245929
0.29252296653382
0.16649942017658
0.17844481226117
0.19780961777155
0.20483807158474
0.24061921055718
0.21678546163175
0.19901050688597
0.22108368178871
0.21573752059368
0.25314462141547
0.19859945620354
0.22157612084532
0.22591981005575
0.18988335973286
0.23672881996529
0.20227672055871
0.204964142925
0.23730350506653
0.22161390598982
0.21972062246199
0.23695016928622
0.2710460292331
0.22122331790096
0.20611407661818
0.15854928205636
0.18314522488997
0.2000452552455
0.20568527468453
0.23854017838646
0.17671936153629
0.16095299283417
0.15851957431797
0.24279240697536
0.14598774947338
0.19764540967269
0.26571563496373
0.22206779180098
0.24024928584287
0.24498392765333
0.20809438847364
0.18561464089816
0.17921688487699
0.15992367108612
0.19838396209387
0.12734669633933
0.17197365722088
0.21882704916266
0.23694422313814
0.1440357147914
0.24574313500991
0.23816323221039
0.14208747616916
0.1192767476343
0.25509349113293
0.16290752579558
0.22659688140195
0.13257779846818
0.21698321725882
0.20717803570372
0.22518997325289
0.26015304360579
0.18910711058273
0.22928345224533
0.25589041535507
0.25574517942794
0.26575043895729
0.22934954110672
0.2333054901115
0.24694000828887
0.23915917816861
0.23380743038642
0.22480349803563
0.23197878372616
0.25672219767236
0.22163430653959
0.21370275302169
0.25347239004591
0.23437621148012
0.25556515343604
0.23126155767491
0.25957050250691
0.27122642310911
0.24504990059389
0.33513464991377
0.25514532914963
0.18867797660191
0.24177177345513
0.24503661266726
0.26716441015546
0.25710366117275
0.14591513470465
0.22170855348901
0.23822168207682
0.24543786210473
0.2463274778506
0.17359308947617
0.22721353901154
0.28406775904995
0.25206377051664
0.25241975076967
0.24387712328934
0.31333648317332
0.25599145235635
0.2701016045855
0.28029437307706
0.26552552935672
0.23843408592553
0.25416645555119
0.22385139543441
0.24493525804386
0.25581285344525
0.23587743822423
0.25339244687489
0.2284616865743
0.23651525591318
0.25548684651807
0.26279247184143
0.22330006880543
0.26013685724483
0.20618308279513
0.23434344978742
0.2261604556404
0.23491026917677
0.25473268785948
0.26592164235179
0.18698838457879
0.19969297631688
0.23838668474479
0.24400876673728
0.23239688597653
0.31648046600636
0.20781056065894
0.29019099325341
0.22794717609741
0.31075236351698
0.22299708577649
0.29345144467857
0.21955538891151
0.22935356493666
0.16211430963206
0.23593323982846
0.22371341655634
0.28334143094759
0.20279769390774
0.18435992319777
0.21128223110929
0.19349813464874
0.20169554983898
0.21073854116546
0.1784766962082
0.17842649414889
0.17092470233536
0.19512578907265
0.25012528928654
0.17277882475961
0.17092545188291
0.17563439463787
0.23156322750168
0.16794791394766
0.15800049682202
0.16589547869327
0.26803600709321
0.19067485338115
0.29579333347294
0.1830596449329
0.21736268984369
0.15585133587015
0.15404323797404
0.18328693770624
0.20835422042768
0.23273835226283
0.19432062565787
0.26546959173301
0.24597682698121
0.23372962282538
0.15648013117432
0.22565115644636
0.23343274738369
0.2321504274298
0.21318896905493
0.18211248314235
0.24573699449911
0.26583530387414
0.19938417860301
0.23549337715393
0.21387586520398
0.23805901595206
0.21196626338055
0.23904069603866
0.21866913611062
0.23534159669573
0.22507485391097
0.29824446995233
0.1654213448126
0.25666817477633
0.25860959558955
0.25518433050245
0.25389203265592
0.23082531396284
0.22777359861164
0.23211807747629
0.28475588524765
0.22961369650008
0.21928254895088
0.24378661132327
0.26794038938036
0.17883078672863
0.24909395515036
0.2595397610599
0.2197449025745
0.26792448587794
0.20807542390415
0.23264508358076
0.23688890301449
0.22991413565773
0.24803308073192
0.26013405910858
0.23428196972679
0.19341563769455
0.28712539784117
0.2240086097027
0.25387823363047
0.27273478039931
0.28078950116249
0.27161381892266
0.24013387010138
0.24098122297556
0.25333360948434
0.25877247386108
0.24770987848127
0.25192253071839
0.24520394614397
0.24996809294939
0.26670636726556
0.22769533737762
0.24803986431908
0.26937852373439
0.29720890639191
0.2449151777748
0.23123073481323
0.22136026949035
0.27410441221343
0.29674930088038
0.23357148624632
0.22003165387348
0.19945393163016
0.23413357698915
0.24674091308556
0.28763589902215
0.22551381267324
0.19211101993118
0.22929703995151
0.23075750279936
0.23355020161728
0.24016952534317
0.20109129814836
0.20584163559166
0.25471823736587
0.25420866304772
0.17677444463095
0.14499131707253
0.18755006813689
0.13654028660584
0.17849667370967
0.22571860792167
0.24419697887171
0.18480628756612
0.17534208627395
0.1873084368772
0.16658276775789
0.18351841967642
0.2849014494576
0.24133050923249
0.18496644590661
0.17452120198001
0.19323614157102
0.24350596132603
0.21899353744716
0.18047813540729
0.20776293986132
0.16606487623927
0.20219919044001
0.16102984045652
0.23649957353489
0.23643327816845
0.17451868368396
0.21089051229408
0.21076472188348
0.24258883780389
0.21089447443175
0.23763309460995
0.25385617936692
0.19727083037299
0.21164696162007
0.23276970732232
0.17379789141657
0.1734607382941
0.19689306494614
0.19373248812476
0.18325098213634
0.15223463010543
0.1877137405953
0.21029064875119
0.18382137105685
0.21855714676554
0.14720914445202
0.14720913483358
0.17993173271494
0.16230481664884
0.20362982117283
0.21457581684386
0.17544446283826
0.18810523930776
0.18446746970422
0.18446650359796
0.1965164165762
0.17787475801318
0.17787505432191
0.20123020141079
0.18196927569654
0.18655246936415
0.21045341385061
0.14727653481533
0.20009820577652
0.18920927965574
0.18454594529633
0.17263708514372
0.19246846355709
0.19246732915689
0.19410646883291
0.19888864014937
0.1348437888
0.1617280779854
0.14947898146972
0.16589684313689
0.14615721529403
0.22254868509089
0.20220897741277
0.18544098404932
0.2268826055186
0.16256356516565
0.20236941001647
0.19196761427311
0.19196488619811
0.19160977700467
0.1834786965806
0.18347869658319
0.19056472936562
0.18431203859605
0.21898467487405
0.21719403279097
0.14769122924893
0.18453864463029
0.18453928845089
0.18453636155252
0.17362655115115
0.1348437888
0.19220210107598
0.1728862287546
0.17288170124724
0.21019671327229
0.21408733410767
0.21270188274657
0.20401174867338
0.20913884004042
0.18535670809384
0.18529250896745
0.16695194026907
0.22144925170401
0.19365123657502
0.21513500465993
0.22867187362377
0.20444901345513
0.18942568777673
0.18491294623498
0.1968588041254
0.18923368813584
0.21916746642183
0.1863768314465
0.1750644135519
0.22483925706447
0.18923558276114
0.20515676607896
0.20641160748716
0.20653866938429
0.20656588805402
0.20138674852778
0.19457275314132
0.18001091636422
0.1612937089772
0.19150408731196
0.27496439839452
0.23358733441887
0.21207522536385
0.24863806851112
0.20627402600653
0.23048797826021
0.18712143011053
0.16802042142977
0.1993472070919
0.22858979247083
0.23308009888222
0.18675178664695
0.22497759148381
0.23548240616319
0.22510835435072
0.22504383040083
0.24222252417009
0.24532054744291
0.16129370911309
0.17057618817509
0.17057619833682
0.23168760662719
0.23080896567152
0.21964661290926
0.25541630439162
0.23173866962243
0.2066846057542
0.14403517670283
0.21167648232419
0.17854008254303
0.14953387329492
0.13477766431308
0.18186786284718
0.18173276416236
0.20494516604709
0.21780142512451
0.19312403920903
0.2064950471375
0.22113887773843
0.20693862737428
0.21274320909258
0.20694465151574
0.21261783288829
0.21329366331061
0.19336938214215
0.19336775952787
0.23727103588969
0.23727086565998
0.21226747753101
0.20714043237171
0.1939246882059
0.20999118252048
0.19392772253981
0.20666709492014
0.20707367062702
0.15892496092665
0.17876021143025
0.20447612167772
0.17399862703359
0.20447606965737
0.16922822155103
0.19234754043632
0.16925706108926
0.18793237018445
0.1613598336
0.1348437888
0.1613598336
0.17491542252156
0.20903066566362
0.17077938067127
0.17809040802593
0.17640158532096
0.20953796930475
0.14899456289177
0.14899449684337
0.17357312368314
0.17357054316408
0.18182675942745
0.1348437888
"n_494_d_0_tr_20_a_250x250_idx_0_p_middleFix"
0.26760488594444
0.18147162932341
0.22183018726845
0.22869916497216
0.17929582761318
0.28740323398171
0.17711138793414
0.20958894272596
0.23886824942057
0.23379976864769
0.21371248335591
0.20978912447511
0.26040191792732
0.27345098926358
0.23108107169468
0.19220812864411
0.20454787662975
0.17608936826094
0.26386043925497
0.17615501497494
0.21550725107647
0.22866107465138
0.2187823809903
0.2681005358935
0.17615501305605
0.17951825259142
0.2057419742098
0.21778677985916
0.24809943719638
0.21479303311337
0.21258629243907
0.2334512814577
0.21897332779627
0.26628787291757
0.21806718134941
0.22981293038063
0.24793849184805
0.21412171992446
0.24429661050665
0.21369894254042
0.21593073558381
0.2588950954962
0.23057254837084
0.23178507595454
0.24591518474467
0.2747677058699
0.24370891648646
0.21534139486801
0.1637886675363
0.18923211172745
0.20758103972774
0.21411166254056
0.23340696912828
0.17067033172384
0.15321763479854
0.15838885936597
0.24602984320372
0.13850807004033
0.19828778447624
0.28291166403099
0.23423307590956
0.25496305673453
0.25076495631181
0.21624947791601
0.16784257656805
0.16829903354208
0.16585806640496
0.18531333070368
0.13799779449844
0.18772971095456
0.24053506673686
0.24083137850787
0.15915171023348
0.24615268197778
0.2384798739867
0.15135989973939
0.1298660445044
0.23862889884557
0.17733509933352
0.24423117827018
0.13946536246388
0.24520649366819
0.20496525576016
0.22830628561852
0.2771377767917
0.21552785251468
0.23147068700901
0.27609243143154
0.26157588476574
0.24596965837494
0.23147069402083
0.2392759549073
0.23837473602625
0.25571719914234
0.27219709257232
0.24001571585256
0.23556938082461
0.28689338177848
0.23697169575854
0.25143214257721
0.25017350262307
0.21636200778772
0.25551941973722
0.25687213088568
0.28050083831713
0.29116644616915
0.24747366392762
0.30949069899049
0.28796911893946
0.19693443080187
0.25605642876674
0.27938417891961
0.30965159531807
0.26232372342098
0.1512374788169
0.26937936731807
0.24465722847433
0.29602592618118
0.27569456262789
0.18548693288047
0.23048203724918
0.30626281966579
0.2786407159555
0.23693601728936
0.27740173130576
0.30509398355389
0.28698067416128
0.25388517992277
0.29835009585177
0.29180167737091
0.28453602352988
0.29864442551519
0.30640295558509
0.35577231413355
0.29560715404851
0.25718198484086
0.28390402452787
0.26427212585025
0.28206554567247
0.30129915447088
0.26082502852243
0.25624656748662
0.30668033533013
0.26418464937585
0.22116882304488
0.20951142967506
0.24457202631177
0.26072678026635
0.30527439122591
0.19892524162058
0.20193958716068
0.21364803690143
0.21743375379735
0.23631169552163
0.28015840208659
0.21814928658346
0.2812027296985
0.20310002258656
0.28571310280304
0.19476942948241
0.27084445838318
0.19654855643886
0.24110457039151
0.16225191330038
0.27240644681289
0.22244730535627
0.28797882914411
0.20134206774211
0.22247052790666
0.20994144747285
0.2255208357874
0.20626919976842
0.23902591669127
0.17216095168966
0.17561839796104
0.16521774018063
0.22429007229443
0.27658628638353
0.16773455828653
0.16541921482476
0.17664837227473
0.27028087553717
0.16264039090449
0.19145090341698
0.16039147028754
0.25813716384921
0.26895622324104
0.28489569079538
0.25595109025522
0.21571635211004
0.16663612558084
0.19620593188901
0.23102902038321
0.25809771651449
0.26321350084901
0.18729902962349
0.25688207009278
0.24698524150233
0.23275769241003
0.22096940897418
0.28253480902756
0.21921369847481
0.24937527048748
0.23524073066577
0.17543676560115
0.28551680288968
0.27958730899753
0.21735690418613
0.25252785670116
0.20424762027129
0.26019886784334
0.23500571409518
0.29405181297135
0.21115671293141
0.30588095311992
0.24451886303765
0.28076424133041
0.27511730305271
0.27742463412104
0.32409113160616
0.29740826311592
0.32898110404836
0.26466332265523
0.29879283326252
0.30497915410334
0.3209053472103
0.2725148340991
0.25204611260078
0.35583670275034
0.36169244179833
0.21180158595665
0.25961188336694
0.35267045299267
0.33169039169861
0.24869681219561
0.30495045261338
0.23137218426678
0.23092945334942
0.31049247684027
0.23708616264545
0.36243250631628
0.22479641002353
0.31795924047149
0.33573976243137
0.32905340804241
0.33599995117923
0.24196706696767
0.24513358320072
0.32370446049979
0.33704622133429
0.33910496311555
0.30129333975024
0.23027739955416
0.29328604255703
0.30311929096419
0.2992870380043
0.23592489395409
0.3221833033017
0.21576867445171
0.29559321911029
0.30163425402584
0.27372450745806
0.29192264443729
0.22853544993355
0.24900758405881
0.25460671101251
0.2633274745848
0.26316406714972
0.29429512445567
0.26473029000988
0.28757201178983
0.29833544932603
0.25372357258167
0.25310662877597
0.25712775400803
0.24882613281076
0.33318712365252
0.34207914402946
0.26260005287181
0.26822273814953
0.32735181382031
0.22992015324175
0.27259165161255
0.17891176089455
0.21178952749516
0.20841411299039
0.1953224416678
0.31358017432631
0.21126925595336
0.26070775950169
0.2050886699377
0.19437174398193
0.19567087563866
0.16739077761152
0.18064422833884
0.26545569217909
0.25794449964307
0.20652699861244
0.22963367553452
0.22119622525966
0.23446766503716
0.20258633037047
0.19894709203985
0.19878294351951
0.16960754699812
0.20409640062205
0.16109533576614
0.24315884999956
0.24315984226773
0.1696659323454
0.20426493119563
0.20427549383251
0.23498828379438
0.20433522275635
0.23376273882599
0.250094346514
0.19574500217534
0.20920530443883
0.23066220482921
0.17051921888283
0.17412198693703
0.19656547615297
0.19458362994633
0.18577155728079
0.15243300397928
0.18884234057144
0.20997106891366
0.18343598605397
0.22041007279753
0.14727526900746
0.14727525935086
0.18102369849741
0.16072038116596
0.20191186074943
0.2131282694014
0.17332847726324
0.18666185181762
0.18340931750838
0.18341059197101
0.19454418273834
0.1788672758086
0.17886757223662
0.20216682583611
0.18282521159417
0.18462094601026
0.2114225712945
0.14556176993232
0.20132801013977
0.18920463372667
0.18354959625602
0.17131731109759
0.19260455819403
0.19260342758803
0.1956872356643
0.19876999360109
0.1348437888
0.1621810338665
0.15019819320222
0.16608609887527
0.14483487935753
0.16122758431874
0.2219385375429
0.20094541347313
0.18657534302427
0.17663466692101
0.23010432250235
0.22396735212877
0.20336046257016
0.16362075870904
0.20891553860756
0.17171136143059
0.18491851793021
0.18491995450434
0.19342955320051
0.19362679852924
0.19233637193131
0.21629498706717
0.21809720417464
0.1913547382111
0.19135794642176
0.23976853920819
0.19136141136499
0.21480274369281
0.1802755562651
0.20856926133106
0.2314821488205
0.23641837308337
0.2797987427129
0.20091161903549
0.1896546874609
0.18325819911831
0.19685782078319
0.20997375291755
0.21039855661334
0.17271503454939
0.21045880150451
0.21045772254411
0.24289209870464
0.22977381864126
0.19444329692629
0.20514514860628
0.24553677535572
0.21383776258145
0.20985429469369
0.21345137942817
0.14800269600742
0.14800262500971
0.2124530471839
0.17648822873427
0.17648791087106
0.21777549031198
0.17812594495691
0.14709946626099
0.13477766413834
0.23699997478399
0.23700124410166
0.20133968391933
0.21480730726225
0.21481226141647
0.2246099240459
0.22447682302444
0.22460272751226
0.20459978162326
0.23644415663685
0.22321393953152
0.18759306201963
0.18035127313192
0.17634763885555
0.17634730062003
0.18248961408822
0.2072304877951
0.20736257807247
0.18369274448167
0.18369083412362
0.21218839759655
0.21045293546213
0.20555951903417
0.19326199811264
0.19326231284822
0.20541735555801
0.20555952580618
0.19213301410897
0.19213363439637
0.18718566353476
0.25628871720456
0.24085054455878
0.18179066814094
0.18179274583071
0.20598092845989
0.18434851353336
0.2249164352716
0.20350101495282
0.18726553997767
0.22957223833215
0.20493963570702
0.17292848583348
0.20493990183753
0.22046469328972
0.16767851681495
0.2303512885025
0.15827075623766
0.20804190879546
0.2300349549696
0.17968261749859
0.17623519955539
0.20450105280711
0.2239976343109
0.20874756012645
0.1348437888
0.16613439773515
0.19214356575248
0.16892739918897
0.18740320397072
0.20071287269886
0.19055949626514
0.1613598336
0.17506295262467
0.19055931086318
0.20536530855827
0.21833649473968
0.17869107743669
0.15039768314874
0.19452009789158
0.19757514979255
0.18752729913955
0.1886032786765
0.16552452767303
0.1613598336
0.1348437888
0.16129370911309
0.16992453970542
0.16992455497383
0.14337392664159
0.13477766431308
"n_494_d_0_tr_20_a_250x250_idx_0_p_middleNone"
0.21611799951002
0.1518267832474
0.21811212143296
0.22041482778806
0.15060442846941
0.269938311317
0.14848643659009
0.20631777362033
0.23157320386139
0.23341457308174
0.17435048258181
0.20617205734462
0.25240495806835
0.24155266055739
0.19568676290182
0.19074326908946
0.19911110914181
0.16040669288214
0.15151503889176
0.16040605428345
0.21136917536726
0.22184303807052
0.20546389752881
0.18364610369943
0.16040557402288
0.13500888841619
0.17368850564684
0.21234881600424
0.21274334342603
0.1905546574673
0.21535448954933
0.23333449336508
0.21713192175323
0.22124415238688
0.21080554024964
0.21497894457729
0.24191671602491
0.21705400514613
0.25219466153879
0.20596690845987
0.20936461311339
0.24165848534794
0.22058520828746
0.22374419501722
0.20993247351419
0.28390417959625
0.2406245328394
0.19505621883008
0.13206629077531
0.15856953554986
0.17986893315726
0.1954904809766
0.22738895543472
0.16403993857162
0.12759435275663
0.15038413524883
0.24734211456717
0.11028248677423
0.17520279661432
0.26760273420365
0.22553430509314
0.23989767944986
0.2318133383463
0.20106040563355
0.15154296834903
0.16658222291173
0.13107452029693
0.16349963651289
0.13530705714134
0.1613376374446
0.20100229537981
0.224003306309
0.15884900062576
0.23403116122917
0.22642652584104
0.15319870613686
0.12723711347511
0.13778747074614
0.15353352059766
0.22778649198624
0.13501805316227
0.23766083751055
0.1986683168163
0.21756168915754
0.27471627515628
0.2004857277002
0.22225261659076
0.25897869379378
0.24497472214471
0.23584882837899
0.22225265978832
0.22866276609527
0.22554599827319
0.22925019034476
0.2696122487712
0.23951324281432
0.21434725521418
0.27503385393044
0.22024082436272
0.23678392186712
0.24599523260471
0.20265333395917
0.24237197334515
0.25806917175712
0.26936431381939
0.24721451485037
0.22660562017471
0.29786899565703
0.28170122669597
0.19016387342785
0.24791552917219
0.26709584636067
0.29266516620407
0.24290539714988
0.13348966602751
0.26738896857866
0.23527677281717
0.2739838893119
0.25043233855698
0.14417114067113
0.22864001823225
0.29594509140531
0.26620520037891
0.21978720095469
0.26527325975692
0.24182563886108
0.26992789160489
0.2465309853729
0.2854339536063
0.27406765989349
0.2840226252583
0.28811179621689
0.30956300263456
0.33009022572334
0.27834864769542
0.24900941014381
0.26678640470003
0.25148226662788
0.26718485799238
0.29114073146792
0.14917527234862
0.24318703664099
0.29438696992502
0.2486435283709
0.21693045282085
0.18196785827361
0.24227851115862
0.2523580867121
0.29170560774541
0.18350756165051
0.1893261777649
0.18262042917884
0.16064369880269
0.1576936943868
0.15432450988504
0.15663887672921
0.15432180484156
0.15775370066997
0.26337050094139
0.15162323908483
0.21162025624269
0.20729743116083
0.14950676413045
0.23996591442371
0.22574821945271
0.20081051733179
0.14672236459064
0.14363853413488
0.17142705979527
0.20282935271501
0.2343356525092
0.20605379128681
0.15992791408745
0.18939316971272
0.20382434747324
0.20019031017949
0.18111162992743
0.22278888773789
0.22521087901481
0.17899443099686
0.23849532660436
0.22984093440722
0.29145297512233
0.2695858547069
0.19304178514518
0.19994488690543
0.26966971155463
0.2604953844663
0.23263989709382
0.19872774671752
0.23855780118434
0.25682952380252
0.27189924372854
0.23795527191752
0.22509746798235
0.21852050500291
0.21461121927151
0.27487543456236
0.250127874495
0.26333337270258
0.23714860701675
0.1941819121231
0.28659530682513
0.22344246508658
0.18655400772991
0.26970083182393
0.25490463605559
0.26221851560069
0.23037815532497
0.3015217404977
0.23965542860166
0.18667873125914
0.27539226965709
0.27065524092665
0.14366006738827
0.26244089090149
0.32482666338264
0.19081091436476
0.22590452424564
0.26618032853778
0.22811615396066
0.2313465689777
0.23856409666549
0.2236896293597
0.20888013353384
0.26700226678164
0.21058609289652
0.2394704361871
0.25062334160351
0.24013601381414
0.22046558992997
0.29263412859874
0.27921395621345
0.28467915336977
0.28632752755777
0.28861504128602
0.31353322896468
0.32311347248142
0.31415402911927
0.29164999904131
0.2571981237987
0.28880943499544
0.2887006805412
0.35257446630432
0.29748240973744
0.22621284564011
0.28239376831009
0.26552507918382
0.2432728535058
0.34773591926193
0.34711805717859
0.20609590442099
0.32925789398588
0.23843483349339
0.25057745010544
0.33928160557508
0.32100575495201
0.32691792205237
0.24836735131844
0.28755334123215
0.25833353027854
0.24188600910758
0.31961211824528
0.298162384479
0.28479839895811
0.22172353869874
0.28719066562552
0.2439561134945
0.25105741114947
0.23779990463968
0.32329080858359
0.33314400164881
0.22211982510973
0.24848685495535
0.26054741883626
0.30160610493256
0.30852085426851
0.22913846850795
0.2162260819748
0.31722806530171
0.26719044157683
0.30904163841145
0.31372656155709
0.20705604682871
0.20774903823686
0.18901882599145
0.30399092648509
0.16197096482291
0.24934484680817
0.20656910611876
0.15752620357602
0.1713871414208
0.16341740701987
0.16721422189378
0.15315341372749
0.24349128614668
0.24471698742496
0.20646311112324
0.2307001693799
0.21802879825575
0.21790852833163
0.19379238612471
0.19947958906616
0.19663992548099
0.17729597480194
0.19875622465731
0.19830164725637
0.18391878768706
0.15236687943744
0.14839938940618
0.14839938048577
0.18816796687218
0.20935577920192
0.20256318562789
0.21286153639637
0.18289002541874
0.21913994911292
0.18129972063638
0.1625627554897
0.18638648119318
0.18275542976837
0.18275254416251
0.19334657659351
0.17432034535864
0.17826878765465
0.17826572302815
0.20247985115988
0.18209016418256
0.14588983407317
0.18550023907939
0.21024319587477
0.18807475878345
0.20009052256989
0.18408514607665
0.17250451660004
0.14920888194783
0.16066304344099
0.14602672541385
0.19443549957443
0.19075098908057
0.1907533692597
0.19829671799004
0.1348437888
0.16424020126219
0.16846918982334
0.16129370896385
0.17438642473495
0.19746632449172
0.21152607727614
0.23095597729085
0.20546713255794
0.16998828528699
0.22204641539245
0.2013008408862
0.18407748158277
0.17013616795096
0.23036785267436
0.16269788995123
0.2044738688333
0.14800269625742
0.177359673986
0.14800262491102
0.20993487309021
0.1856870420525
0.18568384209269
0.22122610105019
0.21168407129406
0.23608649513472
0.21175542546226
0.21175205530136
0.17568222941574
0.17488967386253
0.17568285239558
0.18321490392007
0.19388394848823
0.19381893470187
0.19221387125445
0.24049061399956
0.25429687006788
0.21473538078311
0.21437473498318
0.19110077768053
0.13477766424273
0.16122822506494
0.18027553552217
0.20756575939589
0.20763508203864
0.18663923331777
0.1866392393352
0.18664174754858
0.16906713622657
0.18537003161585
0.1971350554144
0.20648875502275
0.21810930980885
0.27449292768877
0.23298678033193
0.23525711693347
0.23525391286425
0.21164238235656
0.25068613380123
0.20965937840858
0.21487830086845
0.14861697384303
0.19571225919072
0.20568586570565
0.18944365039544
0.23119449597801
0.17520725739702
0.17520838142177
0.22695786070412
0.22721993296339
0.22520258672626
0.21775944597223
0.1348437888
0.22405304595289
0.23428987673193
0.22406135901576
0.22399458541521
0.24011615608753
0.24145751679563
0.18964025816131
0.23322034483066
0.20472315966485
0.20571018839521
0.18513209154357
0.22450884773592
0.22988540530098
0.18607692694645
0.18620678191488
0.22923328590651
0.25415188360212
0.1654047243967
0.2236844492253
0.20056386706297
0.22207776751551
0.21930945601535
0.17869126426616
0.20224337205542
0.2088629138155
0.22152047149232
0.21202659267136
0.2064415554999
0.19869104289683
0.22347527696408
0.21260001135177
0.21063736079392
0.18179877334622
0.1757700621424
0.1817986086989
0.16866654416732
0.21860720855379
0.20821158567398
0.20827256283768
0.16129370906539
0.19424958785262
0.2142922775855
0.19081648236332
0.21435950405371
0.17545698610988
0.19803218508364
0.19081437507909
0.20475712429134
0.1479494689135
0.23932682701555
0.23932617820823
0.16538352285095
0.18645802137321
0.18913227711379
0.19285398810095
0.19285396371894
0.21511116076532
0.21237167836124
0.20668716099723
0.1948549199758
0.19485459328856
0.20543527299871
0.20668669090461
0.16122758431309
0.17025660961956
0.17025661847984
0.15832840538331
0.17882557905224
0.20619600424609
0.2061925882207
0.1731441288493
0.14377067382006
0.13477766431308
0.17059553610906
0.19339609246132
0.17031729687659
0.18958180981262
0.16129370885426
0.1348437888
"n_494_d_0_tr_20_a_250x250_idx_0_p_middleOpt"
0.17484392617291
0.14750415045284
0.20642596142198
0.20871422067637
0.14648436051815
0.26758898426408
0.14469582960349
0.19637219089562
0.21975772577664
0.22380533927491
0.17480092115279
0.1994256960137
0.24408316571543
0.23138862463584
0.1939954797661
0.18323429307833
0.19871008365732
0.13366263582045
0.14791728235288
0.13345717734818
0.20143059831312
0.21617271967012
0.18669856618247
0.18001656458056
0.1332545620057
0.13739023446986
0.16845606437026
0.20471322509559
0.2118590621297
0.17974011488625
0.19782842849241
0.22435187907241
0.21596714362948
0.21611094046328
0.1998291968469
0.20755339163181
0.23053555049499
0.1862159549699
0.23601317852998
0.20228366272807
0.21172643698259
0.24010353109278
0.20959680888784
0.22043892809959
0.21129238972261
0.25383975848494
0.22297507914371
0.1895335718892
0.12634625685126
0.15482350244095
0.17246695702944
0.18871362412408
0.21257465539683
0.16497541982514
0.12606748110279
0.1459276781836
0.24359001613592
0.10919343061013
0.16392099193087
0.26317652891834
0.21132898741536
0.22866627415466
0.22947770722212
0.1801308596881
0.14775944378546
0.16702020898666
0.12955698739455
0.15836710295112
0.12665732576013
0.16141100360298
0.19214903956531
0.22821509881694
0.14409505726715
0.22905379288869
0.20860400125601
0.13806694620504
0.11582488584796
0.13618322240561
0.13084694773778
0.20463785139897
0.1223098250897
0.21981727225247
0.18192091704721
0.21705688261049
0.25908289842965
0.15894978932102
0.21944533765225
0.23693948898114
0.24721054939622
0.23482975337214
0.21944516301499
0.2300588511763
0.23438781832399
0.2274410801244
0.21134138309777
0.22602059091571
0.21477531451807
0.25791443253141
0.20123128087714
0.19137650085873
0.2399246362199
0.19449549724845
0.25399298631523
0.22636784426005
0.24785306714444
0.24999142209742
0.22681421149592
0.30262600393253
0.23054758458143
0.16321275178439
0.2387927240177
0.23438697573928
0.27560620398545
0.22163580951092
0.12408359599763
0.20050530621405
0.21336599567302
0.24004270369795
0.23866802248818
0.14131368642637
0.23322233846232
0.27378912402379
0.23837368959488
0.23322393016146
0.23290188035389
0.24869999003012
0.23753826294606
0.24646245414659
0.25292127483128
0.24682192539092
0.23410852924465
0.24337685153736
0.2066341096355
0.23292051218801
0.24539866249095
0.23380586099524
0.23421825121916
0.21056123835358
0.22246310425392
0.2430761753448
0.14797563799092
0.20473711755874
0.26208697088378
0.18887543698018
0.22007343258896
0.18049614400303
0.2293864258935
0.23336841866652
0.24169777451243
0.1946021998251
0.203881474188
0.19317302703773
0.16997426809458
0.16900104525164
0.1623608354074
0.1644782800095
0.16236121031603
0.16765241432004
0.27586544787817
0.15931722899035
0.20662979197142
0.21350018855206
0.15713468102236
0.25442068782637
0.24558532686727
0.21061949841659
0.14139182517623
0.14581914167717
0.18335242348276
0.19620156803452
0.24886059975434
0.22138515954764
0.17149725681367
0.20593265535151
0.21757332823027
0.20563937911875
0.17234128160289
0.1846172884565
0.19457607929661
0.16930845418627
0.20427244541827
0.20283331843534
0.25589704592599
0.22886910841899
0.15881760520944
0.21843268793033
0.19041224053396
0.18836527009871
0.18340209412283
0.21724004587027
0.22629617265637
0.20961416797406
0.23488329126593
0.23439387096769
0.21702583479027
0.23071707925339
0.15190453996279
0.21925865853031
0.22837354587933
0.2609936382923
0.20912846014779
0.20622159056223
0.24324455228165
0.22872233915455
0.20053835222141
0.25014189357769
0.22984006953601
0.27091681488788
0.20476680622618
0.23366010550459
0.22123511615087
0.19519945442994
0.27916259184627
0.16279308884865
0.141434650654
0.23332514953339
0.25726669667869
0.18953941204824
0.22594869944728
0.25484269767297
0.24190591386528
0.24487998103393
0.25528096720702
0.22486713724864
0.21304267063337
0.27847784256081
0.20894837994444
0.24458575354031
0.26735585275953
0.25517796387559
0.22853391010596
0.24866856632233
0.22444886059031
0.24091559755435
0.24497528290256
0.24284339825279
0.25899121881916
0.25003198680333
0.2299038444365
0.24626288617049
0.2060757132892
0.20483932895014
0.2675639493987
0.25064925912383
0.21206876986738
0.21144709760413
0.24352613791999
0.20283545521371
0.19444211606697
0.22843966123816
0.24968461449534
0.16435058325859
0.23623134576929
0.2175054810272
0.2299744597574
0.24010847439341
0.19971727000228
0.23029253095766
0.22979576674516
0.21906955474629
0.19394703956636
0.2443570290063
0.21221883920811
0.19245673034175
0.22947737490907
0.21021438380131
0.22591070022705
0.22565587519064
0.18242517985618
0.22810015085616
0.21153963184368
0.22498005196347
0.21396980364348
0.23863504170206
0.18874520857256
0.21316651387182
0.20370556892869
0.22488433043368
0.21271786992137
0.19275557963255
0.2526061773826
0.17843556631093
0.24775483145192
0.14409065423082
0.18576331498986
0.12258739351645
0.16107718532697
0.15638353927614
0.23793044815572
0.21166414931874
0.15678093602397
0.16548455168511
0.1533021449803
0.16201006201878
0.14836061745332
0.25242488298473
0.22271018681594
0.18496644148269
0.17385762210583
0.19089741005628
0.21715322271243
0.19306665039724
0.20547995982239
0.17899344171604
0.17425424074232
0.19564837201285
0.19775601878595
0.18563499075711
0.15097826164623
0.14839938940618
0.14839938048577
0.18883833830224
0.21208545590077
0.20257230137596
0.2110164428548
0.18561537854189
0.21927298921976
0.18256647924628
0.16389340861497
0.18454922591088
0.18176404258164
0.18189532573694
0.19373580661652
0.17425422109202
0.17754317522863
0.17754155153811
0.20208917380897
0.18176353828274
0.14496344689334
0.1861988174289
0.20984708913683
0.18919455402047
0.2007994937355
0.18249944254684
0.17144828317368
0.14880989300778
0.15960872827308
0.14490212443882
0.19349311803376
0.19160500690228
0.19160547313469
0.19888575924894
0.1348437888
0.16509150550872
0.19593809589927
0.2102628222513
0.22862337077813
0.21933130143147
0.19951835160563
0.18308194705885
0.18308146782739
0.22647799639186
0.1815005495338
0.15998581851772
0.20177746325857
0.19263429593534
0.19276717718697
0.21732722324737
0.21453958970056
0.19108430274197
0.18169816900963
0.18169545438777
0.18169732108795
0.1910969275809
0.17116777735148
0.17379131179649
0.18365159258867
0.14802409069818
0.1348437888
0.21375305243627
0.19382421533733
0.20330878735635
0.21407020337064
0.2111775974914
0.20958633267856
0.21060822942718
0.23626276728473
0.21060785509492
0.21053867900248
0.17340049336701
0.17340081963855
0.22420075096194
0.18756926230057
0.18124135642939
0.19076620671311
0.21362265101196
0.20349625587105
0.23824354070296
0.25248874532148
0.16002145929672
0.18467265204521
0.1849347566355
0.18365752927205
0.22223680221207
0.1906119744783
0.20729242907008
0.20728587237555
0.19697078289689
0.21829249867584
0.23563499744934
0.27448068745014
0.23368468418693
0.2356397911505
0.2123931699225
0.24874262226677
0.16785578865968
0.22130523312286
0.17932662128473
0.19911391818936
0.20579809026828
0.23012319318454
0.20271069791315
0.22551013701779
0.22373810992084
0.1601526528
0.22172549852409
0.23254897645282
0.2217259768961
0.22166047960014
0.1917892500723
0.22753332685093
0.24280153167236
0.23904537590603
0.19000566846479
0.19640771720541
0.1755037725752
0.1900061232194
0.20473401554984
0.22898614882487
0.20319414709187
0.22821775622981
0.25173236093414
0.21829553198821
0.16504856424072
0.18647035218812
0.20941927020826
0.18603363697842
0.16531942008368
0.22352646513559
0.20501342103502
0.20533432794958
0.22186876114903
0.19530318682995
0.17873098281144
0.17536262211984
0.17873081981344
0.21158288550038
0.1601526528
0.16832445046094
0.16832446720952
0.14826155648489
0.20585180700287
0.20579093490334
0.20983763194741
0.21594879381031
0.20971144242836
0.14196837059538
0.1338349824
0.23494820993499
0.23494612272426
0.19051340573142
0.19051786221794
0.21196397078542
0.21010553967196
0.20474219277006
0.19239424365414
0.19239119868165
0.20443204659679
0.20468055955567
0.1571196226142
0.17715201057051
0.20327566374637
0.17293360471964
0.20327881183136
0.19200110228211
0.17045546976885
0.16878253375302
0.18720006216775
0.16008652816927
0.13376885776926
0.15928174096385
0.17152047112357
0.17343245287255
0.20543698120097
0.16936205239232
0.14506498581536
0.17746240938488
0.14506490987285
0.20984003670463
0.17578783228282
0.17472713298053
0.17472791645767
0.18206335207626
0.1331624448
