"n_494_d_0_tr_20_a_250x250_idx_0_p_abba2"
217
212
225
198
210
216
212
218
228
228
227
222
213
223
218
215
225
213
228
214
224
225
224
226
202
199
229
222
196
220
229
219
226
193
222
224
220
216
202
213
226
215
218
214
221
230
220
231
224
222
217
198
228
225
225
225
221
218
227
220
223
231
221
218
210
219
225
220
216
216
218
225
227
221
218
218
218
211
224
223
212
213
214
228
213
219
208
221
218
224
227
227
214
196
223
215
214
221
224
212
224
218
228
231
218
210
211
225
223
210
224
223
219
232
227
211
221
221
224
205
226
225
218
216
220
225
223
218
206
207
228
219
223
235
223
220
217
206
229
215
219
223
212
213
228
214
227
225
217
217
223
196
221
222
204
212
221
217
231
221
223
222
212
221
222
217
220
200
226
226
231
202
215
222
208
217
212
226
218
219
226
228
191
224
206
219
228
217
204
212
228
221
220
208
218
223
229
133
228
223
228
208
225
221
217
233
203
223
221
215
224
222
217
224
231
219
201
220
217
219
210
210
228
223
220
225
228
231
221
222
129
220
228
218
217
216
223
223
227
217
221
216
210
204
222
234
221
225
219
226
202
217
223
217
224
220
215
214
218
208
221
215
200
213
213
218
230
230
211
199
223
216
204
217
221
229
215
224
202
214
199
213
220
226
223
220
226
220
220
217
216
210
221
213
223
226
229
222
228
225
220
226
218
230
223
214
219
228
217
220
221
215
225
204
226
204
224
232
222
227
215
224
200
220
206
217
217
220
205
224
222
189
225
216
224
230
232
222
212
211
228
214
211
215
215
215
229
216
219
217
209
223
220
220
224
232
215
230
225
231
218
210
216
217
201
225
224
223
211
216
223
221
224
221
207
224
222
222
221
223
220
220
227
230
225
220
222
219
207
224
228
221
222
227
223
220
225
220
230
233
"n_494_d_0_tr_20_a_250x250_idx_0_p_middleAll"
268
263
265
267
259
262
266
266
261
263
264
271
267
268
269
267
260
264
258
271
256
266
262
270
261
265
257
258
258
276
259
270
263
266
259
263
259
258
257
261
264
266
266
259
263
256
262
264
263
260
263
260
259
263
271
277
264
264
261
265
260
258
260
260
268
268
267
260
265
255
264
256
260
262
254
262
266
259
271
260
261
272
264
258
262
260
261
261
259
261
273
261
257
261
260
267
263
265
280
263
269
256
264
263
254
259
264
260
265
263
268
256
268
260
269
258
268
265
263
264
256
257
272
262
259
252
268
259
268
269
267
268
255
268
261
261
259
261
270
264
269
260
258
251
264
261
261
255
266
267
254
268
265
261
267
264
260
258
262
260
262
260
267
262
267
271
265
263
282
270
259
259
258
259
260
261
259
257
265
258
269
257
269
260
256
259
267
257
263
264
253
262
263
261
259
272
261
259
265
255
258
277
261
271
257
261
261
265
259
256
261
259
256
259
263
265
276
261
268
266
267
266
259
268
262
260
266
264
264
268
263
259
267
260
259
266
257
259
259
262
266
261
259
256
259
267
259
266
259
259
270
259
253
258
270
253
269
261
259
262
258
255
270
271
262
256
257
267
262
267
266
264
263
262
258
265
262
262
258
263
259
262
262
261
260
257
270
259
260
274
264
266
255
259
258
261
265
263
258
258
256
257
271
259
253
261
259
265
257
260
262
261
267
256
266
260
258
264
261
268
259
266
257
259
266
258
265
267
265
257
259
266
260
257
260
262
263
260
261
259
259
257
259
256
256
259
262
260
258
261
268
261
264
258
264
254
262
263
271
251
251
257
259
258
266
261
266
265
268
271
265
267
256
264
268
258
261
258
261
267
258
261
261
263
262
261
267
259
265
254
261
262
271
256
255
262
278
265
272
262
"n_494_d_0_tr_20_a_250x250_idx_0_p_middleFix"
281
277
284
282
285
278
284
265
281
294
288
285
269
287
291
286
300
294
302
284
302
285
289
293
277
289
279
287
295
264
290
281
281
283
276
287
286
288
287
282
284
290
284
277
283
275
271
278
291
287
285
283
284
283
282
268
280
272
282
284
283
288
291
269
277
281
288
301
286
274
278
263
278
283
284
300
286
284
284
278
273
284
286
277
286
275
290
281
283
280
285
285
284
274
300
276
290
278
292
279
275
282
294
275
291
281
292
295
276
293
285
295
281
282
268
294
282
269
297
277
290
278
285
271
274
283
275
289
291
286
287
274
286
288
294
286
287
274
275
289
288
294
292
273
288
279
267
277
284
271
286
299
280
285
282
282
285
281
271
289
283
269
283
278
282
282
285
279
280
284
274
290
290
269
300
286
278
289
279
280
273
284
280
288
282
283
288
279
285
292
301
286
272
287
280
292
270
285
293
268
279
286
281
289
288
275
291
276
278
282
280
296
284
281
275
295
290
285
283
295
288
280
278
276
301
293
291
275
274
297
290
292
285
284
281
295
277
281
280
286
284
280
275
293
275
290
298
266
285
272
287
299
284
285
271
278
286
299
293
286
304
285
293
279
292
286
274
293
287
295
272
284
275
297
291
298
291
283
275
284
277
280
277
289
298
283
295
281
296
277
278
286
285
283
277
282
282
285
284
273
284
274
272
286
295
274
291
298
287
290
278
289
288
284
291
271
284
289
273
276
277
288
280
266
286
279
285
276
288
294
275
278
276
298
275
292
294
291
292
291
296
290
296
281
296
284
282
284
278
281
289
279
271
271
281
293
283
285
276
280
294
268
290
277
288
279
296
283
282
294
284
292
283
287
293
289
282
283
291
284
279
282
279
296
274
269
282
282
291
289
287
300
291
288
276
287
281
299
296
287
"n_494_d_0_tr_20_a_250x250_idx_0_p_middleNone"
270
271
280
273
287
276
271
293
284
276
299
282
264
267
284
265
281
273
280
291
259
285
260
273
283
259
275
272
278
282
260
282
261
266
274
282
269
282
273
269
268
275
276
292
268
272
282
259
281
270
283
281
262
275
282
278
268
271
276
277
275
280
271
273
276
276
274
280
278
287
282
267
275
275
269
273
278
275
280
273
285
275
283
257
274
273
281
277
271
258
280
278
281
278
274
288
270
297
268
277
255
269
275
275
278
273
279
272
268
280
274
286
271
263
276
274
254
260
282
270
271
252
268
280
270
272
278
275
276
274
287
257
274
273
262
269
274
274
271
270
295
268
281
267
283
281
278
268
278
263
280
267
265
271
272
285
279
265
276
270
262
269
263
269
270
282
287
269
274
276
283
275
284
267
284
283
284
267
278
284
279
281
268
277
277
273
283
270
267
278
262
278
275
285
290
272
267
274
277
278
265
272
275
274
273
270
273
277
270
280
281
265
281
276
266
280
250
289
274
270
262
264
286
281
287
262
296
285
269
271
276
281
280
288
281
282
283
272
279
274
282
272
280
269
289
275
265
277
286
272
269
286
268
276
278
267
272
267
256
262
277
266
274
255
281
270
281
268
278
267
280
277
285
278
292
273
272
272
258
270
275
268
277
275
271
274
278
255
281
268
280
273
255
270
266
272
272
273
271
274
268
266
276
275
262
266
284
283
267
284
269
273
263
273
271
266
287
270
277
285
275
269
277
264
272
276
290
270
266
278
266
270
259
294
278
277
267
273
268
283
271
277
284
269
280
268
275
275
260
273
283
264
264
263
269
289
274
278
273
283
274
260
275
267
279
282
268
284
262
269
272
272
272
259
271
278
273
279
272
270
271
263
264
264
270
266
263
282
254
280
265
263
272
276
282
267
272
272
272
279
"n_494_d_0_tr_20_a_250x250_idx_0_p_middleOpt"
253
243
135
251
250
252
261
249
249
250
251
248
247
256
251
249
248
248
257
259
252
259
257
262
247
263
263
250
250
262
252
258
248
256
252
249
251
250
268
249
256
256
253
268
258
259
255
255
258
249
256
251
256
257
260
248
249
248
260
260
251
247
251
263
263
226
252
250
248
250
249
255
255
253
249
247
257
250
254
250
133
256
252
255
250
255
248
259
248
258
257
261
261
256
259
249
255
248
249
247
257
250
247
247
252
251
251
245
258
253
256
252
256
254
255
247
249
247
246
249
251
245
252
256
250
256
247
252
257
250
251
266
249
250
260
254
259
245
253
249
250
251
264
253
245
241
245
249
251
250
254
248
245
253
253
250
255
252
259
256
254
248
255
250
258
262
255
249
253
255
249
251
246
255
259
252
256
260
261
251
247
249
257
254
263
249
268
250
257
255
248
257
246
255
253
247
248
246
262
250
250
253
261
252
252
247
254
251
248
249
249
225
256
251
244
258
255
259
256
251
252
246
255
256
249
252
259
254
248
248
252
257
252
250
256
249
257
249
254
251
252
251
253
249
256
248
256
247
267
251
250
256
251
255
254
249
258
252
252
268
250
249
253
258
249
254
257
247
265
253
250
252
251
258
250
262
252
249
251
245
261
251
253
231
253
251
252
244
257
250
253
249
250
257
252
248
250
252
254
258
254
250
262
255
255
250
259
243
257
252
254
260
252
254
248
255
255
257
254
250
253
248
254
253
258
255
249
252
256
254
253
142
252
247
251
252
247
248
256
256
250
266
252
257
254
249
250
246
260
252
238
259
260
251
257
248
250
251
251
250
255
251
248
263
257
255
256
255
245
254
236
252
256
260
243
265
249
249
255
248
249
252
245
247
248
251
244
253
258
257
253
247
243
267
251
251
254
251
256
254
