"n_492_d_0_tr_20_a_250x250_idx_0_p_abba2"
0.07548180516612
0.072444465634849
0.066510714786317
0.065060634215627
0.067598721826878
0.066886937399874
0.06577030125059
0.069049928509139
0.076424759263283
0.066964369732465
0.07219478622766
0.068663404510066
0.072585611704474
0.066377059310448
0.069926980202819
0.066044925858285
0.064963746563902
0.071484223902078
0.063104100644409
0.064074487012691
0.075479306514637
0.063401459317126
0.066192856581759
0.066615438604224
0.065880800159334
0.071640182369974
0.064534776052567
0.067131104746699
0.074410168046455
0.07035751035753
0.067160791672771
0.070152039227557
0.067052699175308
0.067572826763846
0.074713971839351
0.065160089238625
0.068406520804941
0.072283898403032
0.071516892146858
0.070923669966649
0.066015678914137
0.066842764665649
0.069118064739045
0.072809677880861
0.073228612896197
0.068680849615774
0.064475840423352
0.065690053304121
0.074297240417478
0.074023362769994
0.069978454454737
0.072188276836446
0.074858689155715
0.063059351030006
0.070363751343168
0.07320588428126
0.077506232011261
0.068022858886923
0.062338062401665
0.070410331035494
0.065921283279221
0.067851561811327
0.06662158888098
0.063397649317069
0.068278358127861
0.06263231878378
0.068378378640449
0.068223850743954
0.068372779259092
0.066844989250952
0.068166569838867
0.065381803067929
0.063549707060244
0.073511109756818
0.065779473836394
0.067107240061313
0.065983742700582
0.073783473753969
0.069340828954596
0.073911040369215
0.069355575897952
0.066335360415532
0.06393207825699
0.065487387435185
0.065137957538803
0.064852582606558
0.074780538831675
0.069655137101221
0.066284669843626
0.066151363536444
0.0735728898925
0.068165688371081
0.070930571250496
0.066332308370411
0.064393734769185
0.075617134295812
0.064271572812632
0.067266170609992
0.069601933303029
0.067174097616493
0.067931097655504
0.062998326145507
0.064631035285373
0.072706878092501
0.069903961814546
0.064054554197842
0.07377081814029
0.068830590802015
0.070823055083769
0.067056309273289
0.070979713707478
0.069327089069835
0.067977837468224
0.063856992393847
0.064077389951033
0.063286986068149
0.07119192695539
0.074625026438807
0.068280200717606
0.066087090920982
0.067468807462556
0.072609480891718
0.065061076565084
0.06973724206696
0.074743043178096
0.064016570489854
0.063830878993747
0.069673576109279
0.069401412084576
0.064489858303686
0.067057896619966
0.064777061461113
0.064358684084269
0.070955115217646
0.066468294972616
0.067175040231031
0.073773290738705
0.062764726030294
0.062958985565501
0.069751869471664
0.063794396404714
0.065774847202053
0.070548887067106
0.065369997355611
0.075438591306852
0.067109915789737
0.06720373547462
0.075158902148053
0.066580329407097
0.063434226570267
0.071739721404212
0.067816937961235
0.070991128178961
0.066127899825494
0.062961608645902
0.067843073631683
0.062971136797659
0.066802106113579
0.067624225700214
0.06279721679477
0.070542153826129
0.065769553866591
0.073854837125384
0.067604166317598
0.07152654053378
0.072689721539981
0.071428417109043
0.073245420240496
0.076672979608669
0.071665540751288
0.07281857902436
0.070184529779211
0.063033136099388
0.0675524212361
0.063185456027411
0.065587270260177
0.067618518445085
0.073459283304121
0.067484795458627
0.068936014040141
0.069481379450824
0.062914898169923
0.067585566038337
0.069258725823579
0.064877695175143
0.067440708292671
0.067537431216523
0.067952426908387
0.070407876254229
0.06560414683995
0.06559899870191
0.065888156199442
0.070544044417748
0.063198110915114
0.06915671732093
0.068175513317916
0.072800308950549
0.068323445127695
0.06916310233585
0.062928540776226
0.06728581697459
0.06926294331161
0.068352891121713
0.062245272737531
0.069763654342799
0.065448026669092
0.069526193384022
0.07369986258731
0.065515092844476
0.063084121017877
0.072092914684421
0.072775797646039
0.072974326710677
0.062749168295396
0.072050323005423
0.063272250703193
0.064137536751282
0.081242078919652
0.062929968015069
0.073971210567092
0.066461831086613
0.071737088408825
0.072825293870643
0.066822037525299
0.068995606510926
0.073518189271155
0.071883059143565
0.066283371239189
0.07347617341249
0.068455415584813
0.063819517852791
0.069611008170926
0.067476455061956
0.074129934760625
0.074665379711454
0.068239667987069
0.074592989037896
0.073337478439538
0.069939089975658
0.074133172294747
0.065652230101267
0.065942135837193
0.071084068851282
0.072208693885636
0.072129816241742
0.072078122106471
0.066470678074609
0.070402248598935
0.071476140407051
0.071828889497855
0.075257286504008
0.075302070459306
0.063618272368474
0.064961277323228
0.069560115608819
0.065366278140908
0.070265674242422
0.075902101988997
0.065666155867949
0.068023081381459
0.0671077776035
0.068817381899231
0.068723481455713
0.064336645095459
0.061978129604911
0.074963677863373
0.07082671851565
0.075158881669101
0.06533145508108
0.062007131010581
0.066003766072138
0.073369192937274
0.074615561967091
0.07584449333887
0.075354630097129
0.070888337038754
0.071940172600196
0.060040304124134
0.070169422484235
0.065575023166631
0.071286804452648
0.074650615365202
0.06669489621017
0.064550800319189
0.074058325575517
0.065506403359561
0.063644764243531
0.065396621219913
0.063690344114989
0.065292720758269
0.080538184360613
0.067875647625584
0.067704422019832
0.064747013064947
0.080460368449747
0.068616195284283
0.080411875128043
0.069062552801294
0.063430846088545
0.067393113665578
0.069935831151405
0.079874391656279
0.064047908204392
0.071088297446328
0.064211407217793
0.065370927447297
0.07200347074018
0.062530176838862
0.066872218722823
0.066809711795179
0.065245054769673
0.064656458836137
0.065717342260983
0.063385854876087
0.0666871743925
0.065575760524035
0.064078094694381
0.063216128140054
0.070535808882443
0.067664547087046
0.069027036382046
0.078447750391164
0.065205317347525
0.073165316001331
0.068088803115729
0.068694501424533
0.065809785805022
0.065522327811847
0.065381898809105
0.06701806371484
0.065248916525788
0.077439953396313
0.073315583865527
0.073812865472711
0.07482632800313
0.069133390998839
0.071179508222229
0.073820285316718
0.07423642203914
0.07335587783625
0.069621492212453
0.067365682272408
0.070495754800034
0.067560925474127
0.074403068973683
0.074172170364501
0.074394590531804
0.066466664957195
0.066781532020568
0.064503277519057
0.066582516635931
0.066267666836076
0.074811923238486
0.070662794603739
0.07369503912862
0.069306818571025
0.064024780889202
0.072291079368416
0.072585555326344
0.071177223795255
0.074825461820817
0.070938022308044
0.070784714119106
0.066543920122105
0.073794712642633
0.067505980735556
0.067239851498069
0.064773932197212
0.064959554232413
0.064577214297198
0.063937496456145
0.065567457716568
0.062718498090255
0.06615459249284
0.067211684007702
0.067868126151548
0.065116083272251
0.063761334140661
0.067346389385001
0.063508312210655
0.062855119566554
0.064060369079049
0.064324575000562
0.065390235262664
0.065071174146585
0.068550536336063
0.067085938930933
0.066088226130449
0.069011008536639
0.065334945572524
0.075539303514063
0.070970793818682
0.072433591153544
0.072572152567858
0.067289083161438
0.075184739558005
0.075630627987367
0.075312721670495
0.073294751244025
0.070897168068838
0.073309913500781
0.073991378402857
0.075549401959548
0.073181667379456
0.072262374822594
0.073707062293604
0.074278920510002
0.073621827416861
0.075924275447877
0.075183400529499
0.075345054350477
0.075298201982788
0.07109180109689
0.074974708480836
0.072014011677384
0.070924422250315
0.073146480598641
0.074098660719023
0.072177945349186
0.075987445916285
0.074537998297928
0.070809178697027
0.075397692922507
0.07434580452765
0.075081824627459
0.07389849459377
0.075435337851994
0.071238720673198
0.073573453336051
0.074909130061705
0.073967594742173
0.077697321437081
0.074549457083832
0.072896536422298
0.074029998128144
0.07445014642468
0.076790517774565
0.072377217652773
0.063378939909688
0.063325143708013
0.063626609439799
0.063761428812197
0.074347082957195
0.070502283748201
0.074935891599408
0.071391210325376
0.07463102249622
0.074295990199121
0.07130514661674
0.075327143115014
0.073497341012123
0.071058772131228
0.073809585416481
0.068149749160687
0.06805048
0.074932992522614
0.073950080136893
0.077213843628019
0.073170602395012
0.068732494242463
0.073422855699197
0.073912183894237
0.071974260563344
0.075067214572573
0.070757935225699
0.074888523257025
0.06379592030753
0.073836551238152
0.074676340049103
0.071933237708958
0.073456324843751
0.073725886200072
0.074922371427691
0.074452290667817
0.072377459722102
0.074009758760248
0.073751086218999
0.07335812840521
0.073959897775297
0.075727225694013
0.075538218358281
0.072368150549543
0.068205803921675
0.057621104
0.074307647123162
0.073688616974355
0.074948848745679
0.072279497362384
0.072277505596393
0.06347672
0.073852208180888
0.075226128
"n_492_d_0_tr_20_a_250x250_idx_0_p_flooding"
0.078127116144456
0.075829425549063
0.081017578758801
0.080639296680658
0.081078825655001
0.08070060161765
0.080673323317021
0.081405799972009
0.077322138286507
0.081175605380651
0.075475945417615
0.081154424264335
0.07542748295591
0.081551014848532
0.080370974494789
0.081833611555492
0.082116460766555
0.075230110512705
0.08183258464322
0.081965863595651
0.078521398343713
0.08167034015878
0.079941282515828
0.083111136407078
0.082452832473711
0.07461841101972
0.081887060180709
0.08271256513166
0.078501349341836
0.076606906998356
0.082676816496884
0.07892104381896
0.080920757175191
0.083128709356391
0.078179403652037
0.080939114084924
0.070594269276494
0.080615167439684
0.080181359548413
0.080828564455321
0.080667229263864
0.080475604877366
0.080809223852881
0.080720880489657
0.080208877031133
0.081114081197413
0.081523974173746
0.081335692593981
0.080568614660161
0.080470910154421
0.080453368723261
0.081186806924562
0.078098201542871
0.080469139493138
0.080937438875094
0.078568101957653
0.080378252960288
0.08109813835872
0.081408476107223
0.080505939853615
0.081358406161891
0.08156082867895
0.081129371502102
0.081272032566798
0.081610430975586
0.080757019538331
0.07057596354989
0.080793212789505
0.080986836019488
0.08161371238197
0.081407693351215
0.080636939857085
0.081018341875413
0.078787198976351
0.080767945978416
0.081844555036137
0.080632371192324
0.079384810698168
0.081711475500163
0.080100897924445
0.080981913196094
0.080613825313198
0.080712003544325
0.079396687139547
0.08087755109598
0.080293483150478
0.079558589750398
0.080160628849786
0.08135138055609
0.080732492148873
0.078203634285197
0.08112871667921
0.078767642022613
0.080991060099805
0.082041752921206
0.081563426347536
0.080172478191497
0.081550529235694
0.081934960733542
0.080972709814198
0.070292092176828
0.080516978933252
0.080062917630772
0.081562498214461
0.080498468090954
0.081186011971406
0.082376444557755
0.080308201659903
0.082394172885556
0.081927772390432
0.080149399615544
0.082013242617912
0.081631575206921
0.082034522312476
0.080967377926599
0.080312401266018
0.07967296869503
0.078769389862446
0.079579208515926
0.082135764699248
0.081054084199082
0.079562872316806
0.081892758801095
0.080616239998828
0.078269557407958
0.080987641354037
0.081442891548016
0.080662067695391
0.079807337261449
0.082378876182462
0.082471731047455
0.080334380169011
0.080979357446593
0.081285454976801
0.081590392331407
0.08213150337007
0.078025579593146
0.081013881973063
0.082139234756428
0.080159010997449
0.081699743033367
0.080933838271598
0.081382634694452
0.081698140234488
0.077824065630616
0.082477087475444
0.08116489698131
0.077591039286863
0.08196097304337
0.082074150773907
0.07987718866681
0.082469542921621
0.081495562563802
0.081892450833888
0.08163660037033
0.082209586218389
0.082014941675381
0.082337111387238
0.069981559480684
0.081154641145424
0.080377929899986
0.081229526631355
0.079106089942764
0.069951186675277
0.079292028958809
0.078145348051252
0.080946227144339
0.081344345372744
0.077551735123423
0.081380095717517
0.076634526667512
0.079627753137397
0.065787440294706
0.081250708587173
0.065991728027411
0.081965195005619
0.081204438062859
0.078526801972024
0.081553933403264
0.080653037199728
0.080995274807034
0.080686368802629
0.080548619352081
0.080033597054378
0.081318845781908
0.080354404131703
0.080359244572561
0.079845961879495
0.082201532788422
0.082334355158699
0.082619504878813
0.082164885582554
0.080213142970917
0.082047871554235
0.082581233857159
0.080647322134283
0.076618396152916
0.082315943805285
0.081673882958557
0.081878572327278
0.080172577699097
0.079670135743317
0.082010950405605
0.07998418330203
0.080736317434777
0.082519845889314
0.081150351507055
0.077597239317682
0.079503903414068
0.082007605066514
0.080367825237235
0.080031022471244
0.079197053369492
0.081650408958572
0.08144690838875
0.081762254359676
0.082039890890411
0.080677471845795
0.081647402168921
0.082348980948582
0.081613775550756
0.080572505940091
0.081325900450546
0.082602707427022
0.082203871967056
0.077966631697952
0.081743254828958
0.081148087720178
0.082103586573163
0.079929308920316
0.066752857880022
0.082069465126896
0.082792695656271
0.078483715447267
0.078842890881924
0.081878296882095
0.078583129019423
0.079065041631316
0.080541889393189
0.079332393361106
0.080634729187879
0.080696051158808
0.080731800043259
0.08090585297346
0.080778474328665
0.081553791118747
0.081839570780635
0.078142409574364
0.080797757544818
0.080305447110875
0.077505278367724
0.077809656896627
0.081227751851455
0.082526838944161
0.08164170951729
0.081179239536693
0.079964147125289
0.077996182874268
0.079902258456761
0.079776282549425
0.080104827106823
0.079935153541048
0.079442241092144
0.08044521331401
0.080310481052945
0.078113071560455
0.080058696429046
0.078111452475951
0.080346054582823
0.080346099705894
0.08065085948883
0.07905011606296
0.077551320724082
0.078821333300158
0.077635902465396
0.079997169350993
0.078159925185583
0.060959771157875
0.072452307895106
0.071932465228778
0.081479216964325
0.078332523468891
0.082201676903735
0.079613083274322
0.077629267702704
0.081861159524885
0.082527905781661
0.082134719694363
0.082218590213875
0.080453296908522
0.080116638819555
0.082031178043284
0.081854384241198
0.080880385578231
0.080246828165637
0.082079597185763
0.080236746902446
0.081877277303355
0.081113531605267
0.080195821105675
0.081691050460526
0.079477346487321
0.082206522601673
0.080783910823718
0.081022804111652
0.082135758353253
0.079068404333865
0.079677734579657
0.081561275126995
0.081725637077725
0.082577061994025
0.082585419840889
0.082170220971192
0.081454564025708
0.080932290862106
0.081883932669276
0.082716293622774
0.080396918727909
0.079486721556215
0.080187636815539
0.08113552797654
0.080976510573825
0.081833257617134
0.078266479911838
0.080121193946198
0.081213646203601
0.082218815457698
0.08172237426393
0.079868483513255
0.082326802186094
0.082385481086683
0.078446655064918
0.07936569779441
0.077652788822581
0.079099827379576
0.083172540969534
0.080716906268133
0.076953101514107
0.080622295360858
0.080792813676127
0.080068787689337
0.080792718246217
0.08153594145911
0.080065063859555
0.077484106567787
0.078162659926585
0.077624640283392
0.080454594118264
0.080146488299629
0.081154884938312
0.081729610680601
0.081824724957895
0.077677041427161
0.079595415016525
0.077846270530669
0.079867708579066
0.081524298658764
0.07803412350507
0.0753853036715
0.07358391672398
0.07832807783746
0.073415440850421
0.073259658961051
0.068586800122105
0.078057677876522
0.079394585987302
0.080900023834668
0.081483416890289
0.081087589618585
0.081514158712547
0.081289875855363
0.081956561410523
0.081279630802301
0.08101954392923
0.081741299156864
0.080775480239271
0.081841098240777
0.081406887377101
0.080941891346956
0.081458458504975
0.080770011749399
0.0808272539699
0.080554744352022
0.081255924717716
0.080791670298437
0.079552848283457
0.081020305110143
0.080627388098017
0.080603463592047
0.080790761280023
0.077677926856011
0.078353644428231
0.078597158261835
0.078803042507423
0.079582959116237
0.078775026778788
0.077793445267897
0.077869956277859
0.077764515830557
0.072405309830995
0.077846998047493
0.078087470428393
0.077820228971687
0.078275508501287
0.077954994246542
0.078450326471604
0.078142591272389
0.077753097610854
0.078162435831168
0.078316401644353
0.078143591194518
0.07758040881543
0.077187742132308
0.077664022710725
0.077404508631457
0.077869125207513
0.078135601465387
0.078027752466507
0.077780964361408
0.079082456521097
0.076728272844377
0.079114290483517
0.079344069691956
0.078242127061277
0.0776868517617
0.078584445618948
0.078653134757266
0.077754540426402
0.07828044474028
0.078132917670316
0.077755724508439
0.078344663181844
0.078598624212663
0.078558017016391
0.078272694488588
0.078367765458802
0.077668744057243
0.077389661666467
0.066404564875384
0.066450167121883
0.066566936949323
0.066712185080271
0.07824536849959
0.07276462434298
0.077958312234653
0.07991654833158
0.077932743517661
0.078913363401926
0.073681167782396
0.078080169771581
0.078712764621226
0.077420378293546
0.078251965453867
0.069030271468602
0.068924607950705
0.078029581855609
0.078410457186605
0.07794642903045
0.078066984679566
0.079904306611151
0.077400380628815
0.077633696794334
0.078909663751173
0.077614723334411
0.075753140262096
0.077135702678744
0.0661463841224
0.077466204877233
0.078470271058004
0.077939848001071
0.077662749652973
0.078139175626967
0.077589246292268
0.077017841302567
0.075209822776644
0.077660934093382
0.077432380329953
0.077011633553571
0.078055183791271
0.077624951784132
0.078360472316972
0.079293834871152
0.068489842741508
0.058436464579267
0.074439033809025
0.073941171354637
0.077375543921134
0.073718618582027
0.07429451429045
0.06654104
0.076237233598019
0.07694232014016
"n_492_d_0_tr_20_a_250x250_idx_0_p_fullyAdaptive"
0.062202856222241
0.062996034482657
0.063462900846831
0.063049439700873
0.082113308337315
0.063301121391023
0.061808898417311
0.063163977877224
0.082713749914416
0.082636243036269
0.063814790457629
0.063365319812322
0.062761069081304
0.06360888191147
0.062807862307708
0.062895917112236
0.068021819820902
0.082329151382804
0.063711883224464
0.063177949821521
0.070043874724584
0.067088434137453
0.062932491273516
0.081032912599742
0.063393437463037
0.063327634877329
0.063161247307312
0.076050720406466
0.083372603461802
0.076922345962635
0.069955819746259
0.06366864352154
0.06591549234972
0.065058567579234
0.063165339775624
0.064533948176504
0.063862634081598
0.062557753866539
0.063482851122241
0.072263087614648
0.062497422100603
0.06455738136233
0.063555432441264
0.063346672576441
0.063074586919726
0.06977486170279
0.076721364630643
0.063423426633234
0.076305666523196
0.078243795191426
0.067144716850701
0.083273542959382
0.072824885827473
0.063076331728183
0.064481447012191
0.065138306345942
0.070010247998576
0.063841416833636
0.063806372476956
0.070438035822823
0.06448055399234
0.069382491074968
0.0644245352534
0.063659840649706
0.065420086529764
0.068335407794408
0.068687701452528
0.071912055090184
0.07028748357317
0.068431538055456
0.063068342233545
0.06812147342464
0.062617197024445
0.063095563195027
0.062256675407042
0.062917818874433
0.064283067784736
0.062814402473036
0.062680870817151
0.077154487239662
0.075236121318319
0.062469560505599
0.07182474333639
0.063181279653094
0.068037469920656
0.072267756233572
0.062763073557747
0.068794935899395
0.061955573213137
0.081757802724322
0.08263766958784
0.065057814452803
0.067860030512767
0.065525830962427
0.075314357614884
0.062959866330208
0.076635825929747
0.069504389936557
0.064328921919254
0.064864669221627
0.063810386271636
0.07024526690985
0.069028898086269
0.063645585393094
0.084251059247164
0.065946080507842
0.062759645654078
0.072260384117548
0.064155939633524
0.068479870835501
0.064459174023301
0.065042417115174
0.06558821022096
0.064452275023978
0.075505210966123
0.083072059571872
0.06568606800749
0.069810826295711
0.065146714101748
0.075038260391177
0.065042817432885
0.065147097765632
0.064426836651984
0.069164350950912
0.063810935899936
0.063484007804669
0.082278566394987
0.064060679517614
0.063411284900111
0.062677643701364
0.063904063824826
0.064747267783719
0.06697413601408
0.064660670941589
0.062897968297755
0.063047378213497
0.0670897246725
0.076735158709038
0.064741115135245
0.066539218874124
0.084358907690473
0.070920620601597
0.077631101929218
0.062615512506202
0.062096635462198
0.066152384810997
0.067652332755556
0.063343211118797
0.066758179631213
0.065134847110624
0.067348336448226
0.06294454065188
0.063223441205427
0.063017743679501
0.066044556614997
0.062497897962333
0.063714401281181
0.06249273725873
0.080470827677903
0.069087929727779
0.062859131558093
0.06335013976466
0.069032928924468
0.064297231042168
0.069761410059282
0.06371523706825
0.081566639084403
0.071016201237345
0.063706052176063
0.063694445745296
0.065654978698766
0.072933992021831
0.064915414740622
0.083207065012819
0.07675669146439
0.063154584691149
0.066884737326498
0.066232695015087
0.081691652147226
0.063497482959758
0.076156920053164
0.065455465661375
0.081741748634961
0.065181480678246
0.075362890819058
0.065545396138798
0.064907307026331
0.082440839502783
0.067622880467437
0.062808302156025
0.065585528465195
0.068799642693516
0.065923841439901
0.07041151478053
0.065337257963766
0.069941434887301
0.068800741434045
0.066399879543555
0.063510252774057
0.074860447605414
0.066558264694922
0.06408576535981
0.068798704260663
0.066919736576222
0.074414175714522
0.064205860409901
0.061919361274261
0.061649760127637
0.0620561558471
0.062534527981074
0.061534767577591
0.063729143621947
0.063379435393592
0.081787824462739
0.063449508564057
0.079706654273337
0.063298124222678
0.076423015513867
0.067367324054594
0.064451505244315
0.066370888183506
0.064261429982158
0.06386913517564
0.064951735146429
0.064970926085467
0.083014996923966
0.063930042564437
0.064841998593818
0.066980824950941
0.084007014823161
0.064207807340188
0.072020627301121
0.065699409333926
0.063511355836706
0.064111532445123
0.063770293395923
0.06441927563476
0.064331663607136
0.067676870241169
0.064261859233941
0.075847410245722
0.06747568572225
0.074295030527213
0.063485602637285
0.075151631344759
0.0756392165602
0.076944989725609
0.067923496672906
0.082399354951372
0.063226632026483
0.064535712079131
0.063529998796999
0.0698503102777
0.078414524776353
0.064400847253133
0.071194949406871
0.073358102580881
0.06221266655805
0.062718422811178
0.082485945182431
0.063069132148704
0.064376733396621
0.068002214451045
0.062231285057585
0.062626112335473
0.063674494625521
0.065675532085191
0.064823711825353
0.064275170499462
0.063247285795919
0.068374894205071
0.062764406685627
0.08263498321047
0.063233666947579
0.063387050420677
0.063360893808712
0.07370159909998
0.063244859875754
0.072176085973353
0.069292732210807
0.063096331048132
0.06361767126416
0.077209329415628
0.066319492990923
0.073282483721436
0.063533114454088
0.064295111015759
0.063100421307608
0.077012575506287
0.076456368547493
0.065275045460604
0.077502410997598
0.065021041185334
0.063417286071162
0.063156632319524
0.076834799834565
0.063497470525158
0.063072510245935
0.07610498522772
0.063204231977775
0.063552527631976
0.082114331996094
0.075492823771463
0.076516999007286
0.076673731953055
0.06250396187309
0.06289297029381
0.070692349981002
0.083413132040516
0.062588673257792
0.077301808224711
0.082260479095501
0.075776558018303
0.075894958950972
0.075264283838739
0.074563596135929
0.075009744332959
0.06283004420212
0.075483541992626
0.075581526399772
0.07477392273028
0.06503122062069
0.077560110298565
0.076969660536012
0.08186625162034
0.076481095386755
0.072711467212401
0.083680122502137
0.074617587279933
0.07760787470183
0.067910413868326
0.076710245410144
0.076256158843352
0.075656678886531
0.077382309085511
0.07555046442776
0.075338225081539
0.074808393156121
0.071124457208464
0.075656147928736
0.075401592510155
0.075181223057347
0.071094411447907
0.06192445401678
0.07078129529862
0.075206299927638
0.070869498452864
0.076344506113005
0.070722359216711
0.070376666050647
0.071063065120092
0.070890708504413
0.071092757903449
0.070830105490093
0.070557124565888
0.070568294765376
0.076971454311437
0.071140751064846
0.071151140486101
0.071304115541229
0.070729341176699
0.077754046691674
0.070737456301323
0.070680147139892
0.06634279683025
0.065636161248126
0.071138624444352
0.070731991915187
0.074834447942924
0.070318799623159
0.077086053179574
0.075083158258636
0.071046896081906
0.071043382706392
0.070572154007856
0.070365423187893
0.070470962369235
0.054300679953904
0.069406069154949
0.074990522190134
0.077037222338347
0.070507436793325
0.070793579895511
0.066545256146002
0.071187590099568
0.066298474535577
0.066177700610275
0.071143109767737
0.075656284218955
0.071263490509696
0.076593486561207
0.075877610523746
0.07493696184064
0.070999679026393
0.070863614806599
0.071085441446644
0.070894086146603
0.071054502461735
0.07048859427939
0.070756955802959
0.070636954592391
0.0706412118585
0.070615737300052
0.07031087015139
0.070602979006559
0.076368901761622
0.074741778899192
0.071265196572527
0.07585882792375
0.070820297006902
0.070884713157554
0.070766543258188
0.075862483393526
0.070470570228297
0.075468048154299
0.075467591343037
0.075335175936368
0.075547188882038
0.070692717367994
0.075390075643499
0.070456089348966
0.070895601924167
0.070867025244123
0.070383938878765
0.070359250011097
0.069869867136109
0.074580116630108
0.069710847316831
0.07054383054836
0.071098595809556
0.071422423546592
0.071303321940825
0.071440671238276
0.070362780020933
0.071490592952392
0.070964343789314
0.071405474845667
0.071032698940657
0.071105392868657
0.070873200869545
0.070350899643954
0.070167199341563
0.070720959838468
0.07098898591129
0.070496110577616
0.070527691822619
0.07109774897061
0.070777657298154
0.070588081276791
0.07053408615735
0.058665281152182
0.059104039577354
0.070665188962944
0.074382260465795
0.070070149140483
0.069822071777282
0.069891957794768
0.068240991900634
0.060994519978655
0.067585436255634
0.068442927136341
0.068319567425514
0.067983716926345
0.068179933505912
0.06796323314606
0.069020544187375
0.063198533376878
0.063091206631609
0.062974869932415
0.070635819000135
0.0627166578169
0.062808108167566
0.071128618760246
0.070585660630511
0.070604118480367
0.07056859588941
0.07273070277124
0.067671686700341
0.059413630224574
0.059309215182261
0.059255513683236
0.059216439693681
0.059528410109437
0.059055507171167
0.058987411248204
0.067486219548998
0.073439034078441
0.066974438545961
0.062151335060748
0.062144715093349
0.066562453199163
0.051707653776384
"n_492_d_0_tr_20_a_250x250_idx_0_p_mprt2"
0.068514776158424
0.07305580882348
0.066991329098821
0.063308593649663
0.062662576603241
0.061744589497244
0.061836562362221
0.065217338304158
0.066484887783898
0.062506353829342
0.063980220560865
0.074108707720633
0.063060469427978
0.065138269767955
0.063495545725371
0.061881999996921
0.067355408198296
0.066817093612615
0.062147488643523
0.062217553491349
0.061984169046589
0.068031516238115
0.063564767484084
0.062564679274802
0.064499572169339
0.066001628792853
0.062255713575821
0.066297426598352
0.068850287786972
0.065876643744992
0.06362988171397
0.063826740789835
0.074097161297446
0.067177236421874
0.068059223440203
0.073310568781847
0.062266553375876
0.072350662890345
0.065364137400834
0.063866076704426
0.065703131734595
0.063391028388372
0.063303284792809
0.063462076562752
0.064353863084768
0.070766904439226
0.063311930020698
0.067164915295752
0.065377026554333
0.064501255072469
0.064919043031547
0.062935019672003
0.063221369944959
0.070345642001804
0.061357707263185
0.064106393755739
0.06545790049132
0.061220597026694
0.06598730911945
0.061205953194139
0.072480091918513
0.07517522030953
0.078994765108731
0.063371421372473
0.063126747578648
0.06327801141174
0.067767837544154
0.064241202205645
0.063149610632905
0.065556010329722
0.065271512712558
0.069932154188393
0.069117727211541
0.061042434610936
0.073304090091182
0.065157884497747
0.06094471611933
0.072792147973014
0.066809557234513
0.065570731730813
0.064736789139422
0.061760219428677
0.060840805310244
0.063655913243357
0.067421205023505
0.064627291250434
0.069374892288741
0.065809520310259
0.073087315075054
0.063947966079833
0.067126444333269
0.063656402529048
0.063073140834161
0.068475862456299
0.07164099361763
0.064903895852607
0.063781325119833
0.064878472210189
0.066891681886617
0.064290029504479
0.070377217065974
0.065213570363949
0.064969803159984
0.069885520287797
0.067794922533006
0.066582447696766
0.06512826366547
0.061432661607647
0.07220072577577
0.065041320688215
0.06394960825075
0.066236802509187
0.070604111713859
0.064129560264298
0.067379898932774
0.066965044512344
0.065426839864588
0.065872439269993
0.071624459425034
0.065759891048643
0.069319604361752
0.063746371960431
0.071177333540682
0.064861756163381
0.065347491429342
0.066017348204527
0.066019103466518
0.070148509367176
0.066910518137189
0.068014503760955
0.065632186425075
0.065922581947129
0.07383583992655
0.066036069501995
0.064281106255479
0.066246261895029
0.067829134414154
0.064070187659871
0.067360328367725
0.069079030154129
0.067644804093736
0.064222550983545
0.065889508665181
0.067121704032269
0.065285911170018
0.070604832973971
0.064990662410126
0.07223992914427
0.064601876378365
0.065045169862119
0.069189443667918
0.078102632053093
0.065000413034579
0.067452347122204
0.068900255800138
0.072413449845245
0.064122580311666
0.078749744621785
0.064731375396049
0.064741727998845
0.065351581579494
0.069318379142428
0.058475954862832
0.063942736162798
0.071529306567527
0.072887321809736
0.05905419332126
0.070969863502761
0.067592481411578
0.072773768837298
0.05504964823224
0.068892335288139
0.059398832138216
0.065466921055044
0.070637216982772
0.064880776221856
0.067161666806925
0.073706698355187
0.063727459596688
0.063974493906183
0.066250747360144
0.062642769026937
0.065088768764057
0.06906159204595
0.073198962979391
0.070146420200727
0.065380033813691
0.069175632494019
0.070563203872002
0.071842057768339
0.067693283974445
0.064738427210379
0.063782853542109
0.066703581241254
0.071222014432418
0.066154005762274
0.069958786520995
0.06595072142606
0.0751592373053
0.071288435058351
0.063942045609807
0.072966515026499
0.068558177510539
0.06018305336201
0.060107690304652
0.063546879470793
0.068652490362534
0.06148011425534
0.06367721815401
0.063035115536867
0.063628159236702
0.073175386428439
0.069502622954752
0.065033225215024
0.06011498971907
0.063976800621269
0.059901045097592
0.063877788919809
0.06741958963274
0.076506943330402
0.059628720653216
0.069737466034026
0.070650502156593
0.063420180083311
0.06865409395486
0.072526464505766
0.07292616695736
0.068926401940787
0.07041822959866
0.065121093279392
0.072859196223874
0.065054894645202
0.066238831438429
0.065481485236297
0.071890959691503
0.066921899031751
0.062907667863274
0.063754490689928
0.067457163367194
0.068923435359175
0.062267791670848
0.072976742013916
0.069607614606135
0.066512941003559
0.072080872709001
0.071745329774601
0.068581462418808
0.073310697775477
0.063654897189183
0.068631606308435
0.068366348305497
0.061794776453584
0.066963980956661
0.063095932845498
0.065775663120366
0.070710753556305
0.067397143438559
0.069383304431069
0.06090680866449
0.062370550421612
0.062662805277718
0.060093866385771
0.063000524668623
0.063948486052619
0.074814760815579
0.069198090337596
0.065315886100493
0.066642311428716
0.070845714578337
0.074736686217147
0.065744128544511
0.069222437124004
0.057439344837794
0.06102138826114
0.061808498842142
0.064772580201358
0.061909965805029
0.067947109273816
0.070818029869592
0.063415985621436
0.070590072380309
0.067903632675255
0.066946055773523
0.068380245352126
0.069649857805152
0.063265047567508
0.069204524201659
0.070340243306642
0.071916057282169
0.067095202863971
0.06862902016248
0.059713425034894
0.067935233616
0.069371858503422
0.068078405030025
0.070150156838497
0.067434789877898
0.065757739727712
0.065401338036081
0.072245233468826
0.07048546366172
0.068217456618217
0.067259115038265
0.0658944832981
0.07039080814938
0.067999690829992
0.067583587745694
0.068758199106464
0.067047227916641
0.067723865829073
0.067132902157591
0.065878911691081
0.066839977205462
0.069458989256548
0.064556004539444
0.06668949658934
0.073007414531954
0.066565348319335
0.06571744649685
0.066952190531662
0.070159804896638
0.069879867861037
0.074157260463455
0.068910894741429
0.072206772410993
0.069373540522515
0.075516083239664
0.067753118564862
0.071710237104766
0.06300681752094
0.075215511430161
0.07012267230281
0.077474074722293
0.069371747843216
0.062736029361828
0.062716893448865
0.06225119781466
0.061773389813757
0.066428841308446
0.066753531972696
0.072713505605421
0.062053905152935
0.062761239840585
0.065398239681007
0.066666515852435
0.063040666965071
0.063426544322788
0.073209328889251
0.068422700357486
0.060600354599789
0.066589405365886
0.062097543972874
0.066806549522784
0.064859193153221
0.061898388248392
0.06079125611218
0.068336034415295
0.063372351087975
0.069435442053354
0.058493488119664
0.067602452427925
0.059650156285949
0.065704100131822
0.059729806467453
0.061765894770254
0.059769449464853
0.067172491490078
0.059705262305303
0.064179041962562
0.07266518772589
0.064856860122376
0.062813003406105
0.073373225842571
0.065138511947486
0.064055185085376
0.062590278360952
0.067714117699443
0.065183576905967
0.068953441948851
0.072486210735805
0.059450757416932
0.07107696337689
0.063453670067813
0.059810903995922
0.064418594186221
0.059718240136127
0.062853621199117
0.060381032040736
0.072910526078627
0.064539615980557
0.067291599170879
0.060229307783286
0.066875278286825
0.071217508084052
0.069705469053699
0.067396233055173
0.065340379414423
0.072071271638374
0.064502975193183
0.064202653305117
0.068570954700933
0.073031236628789
0.075581472788348
0.067772920437352
0.06827275439031
0.061040075183306
0.071853106729182
0.068620694421912
0.063168179504149
0.071086771643085
0.072006071136454
0.072301117057463
0.064745265089525
0.063165109391309
0.070407843536293
0.061589057962821
0.064694501990406
0.068080325753693
0.068906809499136
0.071132257007363
0.069798633779141
0.06322408041301
0.073552761146606
0.073810143384047
0.066561302450492
0.06835569229486
0.073575874329874
0.065674182984605
0.064813285995722
0.06383222513532
0.071708065417953
0.065269980392736
0.063352287174207
0.065680127661381
0.070170750822328
0.063933150873904
0.073346685827409
0.06719141214702
0.075448858569597
0.063147600656647
0.056730641781941
0.073796478482963
0.056741393620027
0.070558955153795
0.066727326357043
0.070889647467937
0.05786216331121
0.071236569045528
0.059531731028347
0.069848678765865
0.075430352401759
0.072216948419396
0.075430488037789
0.061574960335531
0.062085936299022
0.068665026890532
0.075597348973994
0.073923194565847
0.064093529598625
0.071040043668111
0.062385653354676
0.070760438654725
0.061963616546935
0.057763283005295
0.071018162994157
0.056887056306381
0.061305424309316
0.068855417357954
0.071843480330046
0.065062005673411
0.074568354186586
0.069610904251724
0.062048337619243
0.057735568264702
0.062797877574858
0.070695544965182
0.062991696610113
0.069304351994347
0.066606191665527
0.072469970350888
0.068931324870211
0.06954252197395
0.055068528294696
0.055359760332211
0.070705844687741
0.065234193190561
0.067143733127999
0.063326387592961
0.06567473974028
0.05586712
0.067583344617067
0.057299920101649
