"n_492_d_0_tr_20_a_250x250_idx_0_p_abba2"
399.839539671
449.914279041
385.047961265
104.848107558
499.471455315
104.958111088
434.241198771001
356.740257567
398.249606715
471.692309469
427.289633023001
462.331113305001
493.750507224001
359.671511631
682.277337747
426.939056118001
462.318981159
439.000769431001
417.520214630001
440.192922646
444.546844752001
386.667002043001
445.392961314001
448.345718600001
591.278487639
499.076539030002
442.181361255001
540.795815809001
524.103929706
473.599755320001
375.819042519001
455.956438599
506.114360620002
349.952383544
292.720255013001
489.782037770001
518.608006665001
708.603832696001
489.490103408
499.084512427001
603.031701264001
459.563664064
536.472310108001
466.560318360001
706.665409772001
521.789009948002
500.932871145001
428.886198585001
398.273574319001
402.760136157001
433.096937947002
392.184494394001
651.611942063001
470.365646006001
441.430470624001
418.755161257002
476.479986357002
426.242061874002
417.388584951
452.130320345001
665.854819571001
497.865050076001
412.789378612001
410.094187084001
476.645571765001
383.718306890003
450.094214060003
424.671252246
384.563414558
485.009703332002
445.233845904001
469.190653972001
540.338879963
523.011783490002
449.549199902002
472.417832278001
466.601019630001
426.657143355001
512.879798375002
504.225562662002
519.716709424001
525.149477248
411.744143162
513.978474562002
454.809508932001
623.920698572002
460.190452205001
454.027530927
752.000178084002
435.886421547002
488.735803379003
473.420101437
478.772918086001
451.363279754002
609.366770928002
499.066031734003
452.210961877
420.086127971
509.373877490003
539.719747102001
492.667466949003
472.540452974
144.337663217001
553.757907440003
709.459779207002
695.493766984002
569.226706235002
257.051823834001
536.689663582001
645.828909258002
639.017403098002
731.240453242002
765.047283641001
425.187411302002
382.565918316002
566.375326025003
731.390267052001
740.326433282002
405.200589393003
409.921173111002
431.540109621002
790.521895374001
691.851057388002
448.561072159002
435.904386317002
499.406506727002
645.633430886001
637.029142334002
300.875189343001
757.455294468002
789.887763667004
813.084472216001
784.941455409001
174.648718162002
158.071366960003
776.828690200006
769.971085258003
489.161775236001
490.431999987003
780.372304770003
402.549268604002
141.069001224
729.120051700004
578.249492125003
136.28860132
158.225671571003
401.845121367003
147.979259192002
538.958451752002
730.897585192999
690.525721879002
774.890198915003
690.130784854006
187.158821942003
701.254302589
200.913164287002
722.948064195002
494.998102263004
480.194692125004
757.175598714003
450.809374075003
470.176737912002
470.163440801006
452.912939446001
441.514502686001
583.398878928005
472.209394354003
397.833147045006
401.495944987001
406.114585409
742.090865712004
415.105954628004
427.395973157999
390.502439743003
514.482498560003
202.065740985002
516.279929110002
514.696851042
560.018109482002
510.119337367001
527.877740873002
524.546007049004
520.352174853002
561.637711891002
519.474361780002
526.458821970007
499.483201776002
542.454370828
219.949406312004
541.627786504002
535.256463567006
573.769061507001
566.444392333
587.398906721003
559.694621046003
599.723737462003
569.646424920006
570.857932826002
568.429386872005
582.369836532003
"n_492_d_0_tr_20_a_250x250_idx_0_p_flooding"
20.7051071640003
24.1931364160002
21.8251501890001
21.1851471700002
23.5531424280002
22.0171305000005
21.7291239090005
24.6410771080003
21.7931770970003
22.5611667150001
22.2411340610007
22.6891467430006
20.0651494540005
22.4971641550002
22.3690537010004
20.0971000250005
21.3771966960006
20.7371301560006
19.1051139650003
20.6410729170003
21.9850677130005
21.6012807380004
19.6491110500006
19.457086970001
20.4171173170007
20.2250946130009
19.7450132850001
22.3691195240008
21.2810003400001
23.5531563620004
22.4651671160006
20.8650854820007
22.0172024440011
21.5050650670001
18.561085841001
22.0490954300017
22.4651263120004
20.1930957910008
22.561172504
20.8330892000017
21.8891901310014
21.9211057820008
19.9691503730008
23.4252205640004
23.6492404540005
20.9611006120012
22.689099022001
23.2972174240009
22.0171899200015
21.6331293100014
21.5049504230009
20.6090725620012
22.4970284380008
20.9609805250004
19.9690305180011
18.3689451410016
20.5130572320007
18.4649397240015
20.0971025750007
19.9049995910014
20.8650277080018
20.2890612480022
21.4731210300005
22.4651329770005
19.3291097960007
19.5530145480021
20.7370747270019
17.312982779
19.6490868720005
18.9130067200018
18.8810294460016
19.8730482580025
18.7849895720014
20.0970092540018
23.3929967650006
19.2329970840017
20.2320876680009
20.4490609610009
20.7688837910016
20.3209908440023
19.6490094150015
19.4250232480009
18.3689272220011
19.1049928560005
20.5449837980023
20.4171311250025
17.408969681
20.5131392520013
23.1372618630008
25.6012724950008
22.0492104330017
23.9691872329999
23.5851528320001
23.0091892520008
20.2250205460022
18.0170036290015
21.0569826690001
19.425016056001
20.0970013510009
20.9610527740018
22.7853448750022
23.0089730550009
19.872958165001
19.4249780770015
18.5610207150013
23.1049556270015
18.8809909300023
22.8811554170019
27.1053766380014
28.4173048550027
18.144936975002
15.8729895780017
19.6490703910008
18.3370692780009
20.929114808002
20.2249024770023
18.3690263270009
18.8169744470006
20.5129808870019
19.6809146420023
18.0488666930021
20.0969774680004
17.9209971670016
18.0490198700038
18.1130315390021
20.6091481650024
22.9130421110018
22.4011556530019
20.865089013002
21.5050100640024
20.0970792560025
21.6010548490022
21.377062472002
20.4811517480028
22.2410645240032
22.9130715050037
21.9530311880014
21.0570645910018
22.3690473740028
21.5050510110029
20.833127299003
22.4971311070021
21.5051052070052
21.7291327150022
21.7930676979989
23.2011483650041
22.1451141700015
21.0571073780024
22.4651359020029
21.6971262399994
20.0969990790014
22.2731629040034
22.2729905410048
20.321074343002
20.3211557259984
22.5612072210026
22.4971408520034
21.0571057080031
20.9930892960024
22.7852153600026
23.2332453960034
21.3770995740035
21.8251975290045
21.0571704310034
22.9130844280014
21.2810592230035
20.5132488120015
20.9611089030055
20.9610040360033
20.9610286820023
22.4650052940021
19.2330585460034
20.8650525660019
18.4650075760011
19.4250083990006
24.6093554090052
24.8653514800026
25.3774088670013
26.4654266450037
27.8414671630003
32.8655228410035
24.193314077003
24.1934144400027
25.4734985580036
26.6893901490022
26.8813751260026
26.5933431230039
24.6093476519995
27.2404748620048
28.0012079180025
26.657427474003
27.3292343890041
27.8413871929999
26.0493294580044
24.6094057520025
27.1053802030039
29.313339527004
28.3212586660007
27.4254154530027
27.4572327240001
"n_492_d_0_tr_20_a_250x250_idx_0_p_fullyAdaptive"
803.852825663001
772.724728853
618.896117664
631.14699567
636.594184998
793.701435928001
830.817212264001
789.382409521
661.698064037
754.291754382
938.741951234001
663.349855069001
822.698241977
756.747585683
704.459912755
751.325325134001
734.349852936
702.649909099001
947.663990666001
570.982358188
737.577242119001
642.230766957001
752.278982395
780.799014501001
805.771334124001
1146.705760539
847.102963914001
863.983716544001
819.972300077
711.472926963
933.278079889001
942.993301087
737.533747905001
529.625833410001
1132.81000483
854.011392933002
835.896194687001
752.567287967001
698.435517891
700.944099107001
602.982579006001
828.080207300001
775.000527613001
880.668186198001
1052.222058805
643.563161571001
815.764930210001
810.929795503001
562.223385660001
730.124238463001
967.727550830002
659.433325249001
702.780484294001
856.789455975001
812.581522400002
695.341693147002
720.860529904001
889.086064703002
966.539689198001
920.418824926001
778.350263743002
802.642742138001
722.835713194002
790.337640534
883.618047002001
647.375257254001
651.991558058002
963.132089969001
763.443843317001
888.889822737001
613.703583612002
694.714704712002
793.926971530002
612.833475146001
644.011664756002
929.769077948002
774.195827955001
877.977597488
852.679712327001
859.382778628001
689.360539710004
939.057108538
815.246598617001
789.520624175001
792.989711727001
921.778042890002
902.604965679
771.333986964001
726.699508399001
948.320756280003
804.606051184003
803.020620928001
709.701726189001
804.697476935001
897.051801489003
817.386002857003
964.139853189002
775.812128865001
911.644323808002
623.052850583003
634.709211752002
816.414405941002
949.252725937001
833.365302165001
710.775117998002
864.741474292002
759.409181397
661.818729350003
735.821353260002
724.532381436003
931.719758614003
840.429329863001
831.403919997001
751.260974370004
640.638200210004
616.244167668002
373.244211711
603.309528819002
606.759332075002
602.874322653003
602.194196238003
509.095457802001
525.488971125002
582.265064161001
654.105754512003
647.536156111002
781.562310186001
904.222084621003
889.657771012002
880.276209408002
631.715355033004
503.318567266001
648.127746585002
619.798477988002
882.669797100005
639.107468191003
684.874831285001
763.253113690004
830.068732043003
804.058480710003
841.702669821004
818.631292085001
799.021240531005
847.498443442003
765.901215871001
933.952788486003
852.004052487001
850.076536526004
840.595868419001
855.940213168999
656.990273587002
593.815545913003
1018.169348455
583.111747069001
949.097935731
769.461904570004
676.664596968003
654.883207925003
651.575603601003
836.288773206
887.831416455004
774.395022323002
681.660338934005
719.831523777003
1057.013861907
972.443123281003
1056.861972008
909.455456722004
766.588800016002
579.689909073
803.795089705005
506.285212025002
549.187956018002
619.242602844004
603.429765784
873.213576419005
557.484009688004
619.279976358001
490.080574371003
581.177232088002
900.018719779006
553.589034250002
470.803436110003
559.840776022003
606.256448310003
839.358161164004
556.996029212002
622.810238696001
543.879102114005
392.101293827
638.018591231003
617.292923973004
592.861050142002
517.323619218004
585.533434942
553.895995657005
575.216520902003
493.320384660002
552.032899296002
593.018772047003
"n_492_d_0_tr_20_a_250x250_idx_0_p_mprt2"
5.40816804500022
22.2092364270003
21.0251457380002
21.4731835230002
20.7371443020001
22.7531738120006
21.5049959070002
20.5131313340003
22.1132545130001
25.4413539940002
22.6891518980006
21.1851346470007
21.7931390970003
22.3692063610001
22.0491866230001
22.4331766060009
23.1051936970004
23.2011641140004
22.2411244960004
17.0569595020003
16.2889597860003
21.1532636830007
31.713561060001
28.2575715800011
29.2175090930007
30.3055708920006
29.5375314260005
27.5215611300013
22.8811930060004
20.5131370570006
22.6891041540007
26.817362579
21.4732048350008
23.2012231370007
24.6093234770006
23.8413110530011
23.4252514770006
23.1052300290004
24.0972137269999
23.4253459470004
23.777239329001
24.1931849780004
21.4732731420009
19.5210040070002
23.3611853770004
21.3451445680013
22.3371819730005
23.457164173001
22.7532681830009
20.1609556880005
27.6175553900018
31.2017165150005
32.1617133700016
22.4652304060005
31.3936598530011
29.793650130002
19.8730478600018
24.417180207001
21.9211699560011
23.1371018070012
21.3771877730018
21.632858890003
23.553156937
22.6891729150012
20.4169557080007
20.5130270920009
28.6095029670026
27.7774147230012
28.1934942790016
28.1614677610005
26.9774488550016
22.0171728850023
23.1052212080005
20.3851632090011
20.9611193400026
20.513074181002
21.9211149180012
22.0171527710011
23.7770989240005
22.3692166210014
21.6972460070011
22.6571795600012
21.5690449560011
23.745193064002
25.4091643570007
35.1057589480011
31.8097116649998
32.7054905000015
22.6891480610014
22.0171132760019
29.5697171290019
23.4571743100016
23.0091546290012
20.9611445860016
25.2811527360013
14.4647643040017
21.1850862260015
23.2972433000018
24.6093361970008
20.737017969001
25.5692791280016
30.6893048350005
28.6093628470017
32.4817636290007
25.7933692520016
31.2976907190023
30.5615773730015
33.1537053950015
31.8736555650023
24.6093202210016
22.6890424810016
18.976997478001
23.4250495350015
19.648941644002
22.6572494660022
22.2090865420022
29.5694804400028
19.745064339002
26.433484262002
29.6015735390025
3.77624270000432
19.1050773840011
21.8250582880017
21.9210545850022
18.785114454003
23.4571176040035
21.5691195130017
24.7691669750019
23.0090874800037
22.3690898300042
23.5531853780024
23.9373050510014
23.2332206870023
25.4733638930027
26.5933783730024
25.8253362910033
23.297284732001
24.8332890440022
23.4253113930016
25.2493746950027
24.8333557560017
20.545131226001
22.0491226140034
23.4251392710014
22.3369859369988
21.2491202480045
24.8651038370014
22.017100421003
21.3771241290033
22.1130203639994
21.9210040570026
22.689035752002
21.3771588480043
20.2890845280024
23.1050134269992
23.7770068640017
38.6578789590004
23.969288905004
22.0490502370012
28.1613788580017
25.3772398160024
24.6733381040016
23.8412515190056
22.7532669420043
22.7853393339998
22.4651060460026
29.2494690640019
27.5851132270049
29.601431140005
28.1934173190024
29.6656408900056
22.5931687400021
19.424999312001
19.4251135710033
25.6013460300046
34.401862732004
36.8978926900034
28.2574167020009
35.6495608820033
35.1697432650013
39.009805411002
26.1134736990023
27.2013422170012
28.0334672460043
29.2495649610025
28.3854669190049
28.3855623710032
31.7455363990007
34.0179072540039
28.2893578880028
11.0085583470045
25.2814063580011
28.8014265380028
29.6654743490024
27.3293593160027
28.8335085240057
30.433458154004
29.0255409730023
30.6574879080017
28.8334769730021
