"n_492_d_0_tr_20_a_250x250_idx_0_p_abba2"
118
262
123
41
184
42
270
119
239
187
179
258
270
121
272
270
267
272
275
255
263
265
263
273
251
275
257
256
279
261
125
261
277
118
110
266
278
272
284
248
280
281
267
273
277
272
274
274
265
271
240
257
276
252
267
262
256
258
267
252
259
264
254
267
242
254
266
274
256
254
268
280
276
269
252
276
274
261
269
261
252
261
268
257
258
263
262
262
260
258
259
254
247
248
255
234
251
249
258
244
241
246
52
243
237
239
234
53
247
246
265
262
264
267
268
255
267
255
266
254
268
258
258
242
256
258
265
259
126
251
264
253
259
57
58
276
281
259
265
265
115
55
264
208
62
56
122
57
265
249
259
262
266
57
265
56
238
271
279
269
256
263
272
277
258
254
270
268
251
269
265
260
259
258
248
51
240
254
246
248
231
245
255
251
255
253
249
264
57
237
264
249
220
251
253
254
249
238
248
258
"n_492_d_0_tr_20_a_250x250_idx_0_p_flooding"
477
476
476
476
476
476
476
476
476
476
476
476
476
476
476
478
478
478
478
478
478
478
476
476
474
474
474
474
474
484
486
488
488
488
488
488
488
489
489
489
489
489
489
489
489
489
488
488
487
483
483
483
483
483
486
486
479
479
479
479
479
479
479
479
479
479
479
479
479
479
479
479
479
479
483
483
483
483
483
483
483
483
483
476
476
476
476
476
476
476
476
476
475
475
467
467
467
467
467
466
467
467
467
467
467
464
464
464
464
464
465
466
466
482
481
481
481
481
481
481
481
481
481
473
473
473
473
475
475
475
475
475
481
479
479
479
479
481
480
480
480
487
487
487
484
484
484
484
484
484
484
484
484
482
482
482
482
484
484
484
484
487
484
484
484
484
484
469
484
484
483
477
477
477
477
477
477
478
478
478
478
478
478
478
478
478
478
478
478
478
481
481
481
482
482
465
474
474
474
474
"n_492_d_0_tr_20_a_250x250_idx_0_p_fullyAdaptive"
242
242
248
246
248
246
249
248
251
248
244
246
249
251
250
250
250
245
247
247
244
246
251
246
255
263
257
259
261
258
259
258
261
263
261
263
261
263
268
267
256
258
258
252
266
264
255
256
256
255
255
252
255
253
252
256
249
250
254
248
258
249
251
258
253
250
251
259
262
263
262
261
263
259
260
254
262
251
248
255
249
254
246
259
253
248
249
252
252
249
252
244
244
242
243
245
243
245
241
242
216
246
237
244
241
240
243
243
235
243
264
262
259
260
254
254
255
260
258
258
260
250
257
255
252
248
254
251
252
252
253
255
263
258
252
260
254
258
253
261
262
257
264
263
250
263
263
252
265
263
262
258
264
260
262
266
267
266
262
264
264
259
260
257
265
266
261
260
259
266
260
257
257
259
257
258
246
254
257
256
253
253
258
257
259
262
262
254
262
255
265
264
258
262
265
239
263
261
267
261
"n_492_d_0_tr_20_a_250x250_idx_0_p_mprt2"
15
155
139
145
136
135
151
144
153
144
140
183
202
196
210
192
195
198
208
62
71
203
183
194
178
198
196
174
138
144
162
253
252
270
254
238
242
269
258
243
245
288
298
264
277
287
281
260
255
245
261
293
272
312
270
265
290
282
259
271
286
297
301
292
314
290
275
294
296
272
272
283
289
264
285
290
275
245
282
269
232
233
209
201
195
213
192
181
208
192
197
237
203
189
229
163
201
197
210
201
214
239
245
239
258
239
239
238
241
227
169
236
254
270
258
261
249
252
243
241
29
279
274
274
276
255
263
266
277
301
248
267
253
263
257
258
258
238
254
243
241
237
252
239
222
254
242
258
263
234
232
225
207
234
218
235
196
190
227
217
204
202
205
216
188
211
188
206
183
186
188
251
255
263
229
247
254
245
224
237
251
252
258
236
247
240
241
257
227
247
47
226
258
241
245
226
228
260
219
227
